timestamp,value
2025-01-01 00:00,0.0
2025-01-01 00:15,0.0
2025-01-01 00:30,0.00613
2025-01-01 00:45,0.0
2025-01-01 01:00,0.0
2025-01-01 01:15,0.0004
2025-01-01 01:30,0.0
2025-01-01 01:45,0.000315
2025-01-01 02:00,0.0
2025-01-01 02:15,0.0
2025-01-01 02:30,0.0
2025-01-01 02:45,0.0
2025-01-01 03:00,0.0
2025-01-01 03:15,0.0
2025-01-01 03:30,0.004242
2025-01-01 03:45,0.0
2025-01-01 04:00,0.008757
2025-01-01 04:15,0.000799
2025-01-01 04:30,0.00613
2025-01-01 04:45,0.00613
2025-01-01 05:00,0.0
2025-01-01 05:15,0.0
2025-01-01 05:30,0.0
2025-01-01 05:45,0.012183
2025-01-01 06:00,0.0
2025-01-01 06:15,0.0
2025-01-01 06:30,0.0
2025-01-01 06:45,0.0
2025-01-01 07:00,0.000247
2025-01-01 07:15,0.0
2025-01-01 07:30,0.0
2025-01-01 07:45,0.000247
2025-01-01 08:00,0.00057
2025-01-01 08:15,0.006453
2025-01-01 08:30,0.006725
2025-01-01 08:45,0.003549
2025-01-01 09:00,0.0
2025-01-01 09:15,0.0
2025-01-01 09:30,0.0
2025-01-01 09:45,0.0
2025-01-01 10:00,0.0
2025-01-01 10:15,0.000315
2025-01-01 10:30,0.0
2025-01-01 10:45,0.0
2025-01-01 11:00,0.000429
2025-01-01 11:15,0.0
2025-01-01 11:30,0.000451
2025-01-01 11:45,0.0
2025-01-01 12:00,0.0
2025-01-01 12:15,0.0
2025-01-01 12:30,0.0
2025-01-01 12:45,0.0
2025-01-01 13:00,0.0
2025-01-01 13:15,0.000247
2025-01-01 13:30,0.0
2025-01-01 13:45,0.00613
2025-01-01 14:00,0.0
2025-01-01 14:15,0.0
2025-01-01 14:30,0.0
2025-01-01 14:45,0.0
2025-01-01 15:00,0.0
2025-01-01 15:15,0.000298
2025-01-01 15:30,0.238006
2025-01-01 15:45,0.369418
2025-01-01 16:00,0.494359
2025-01-01 16:15,0.633388
2025-01-01 16:30,1.0
2025-01-01 16:45,0.727783
2025-01-01 17:00,0.414749
2025-01-01 17:15,0.0
2025-01-01 17:30,0.000595
2025-01-01 17:45,0.000595
2025-01-01 18:00,0.006453
2025-01-01 18:15,0.018704
2025-01-01 18:30,0.0
2025-01-01 18:45,0.457819
2025-01-01 19:00,0.294891
2025-01-01 19:15,0.331228
2025-01-01 19:30,0.827202
2025-01-01 19:45,0.706146
2025-01-01 20:00,0.881919
2025-01-01 20:15,0.25705
2025-01-01 20:30,0.0
2025-01-01 20:45,0.006882
2025-01-01 21:00,0.0
2025-01-01 21:15,0.024094
2025-01-01 21:30,0.0
2025-01-01 21:45,0.006725
2025-01-01 22:00,0.0
2025-01-01 22:15,0.00613
2025-01-01 22:30,0.000247
2025-01-01 22:45,0.006453
2025-01-01 23:00,0.0
2025-01-01 23:15,0.006376
2025-01-01 23:30,0.000429
2025-01-01 23:45,0.000429
2025-01-02 00:00,0.01226
2025-01-02 00:15,0.006725
2025-01-02 00:30,0.0
2025-01-02 00:45,0.0
2025-01-02 01:00,0.0
2025-01-02 01:15,0.006427
2025-01-02 01:30,0.000799
2025-01-02 01:45,0.0
2025-01-02 02:00,0.0
2025-01-02 02:15,0.0
2025-01-02 02:30,0.0
2025-01-02 02:45,0.000842
2025-01-02 03:00,0.005348
2025-01-02 03:15,0.0
2025-01-02 03:30,0.000446
2025-01-02 03:45,0.0
2025-01-02 04:00,0.00193
2025-01-02 04:15,0.0
2025-01-02 04:30,0.0
2025-01-02 04:45,0.0
2025-01-02 05:00,0.000247
2025-01-02 05:15,0.01254
2025-01-02 05:30,0.0
2025-01-02 05:45,0.006402
2025-01-02 06:00,0.00613
2025-01-02 06:15,0.0
2025-01-02 06:30,0.0
2025-01-02 06:45,0.0
2025-01-02 07:00,0.000315
2025-01-02 07:15,0.0
2025-01-02 07:30,0.0
2025-01-02 07:45,0.000247
2025-01-02 08:00,0.006453
2025-01-02 08:15,0.032808
2025-01-02 08:30,0.032264
2025-01-02 08:45,0.003001
2025-01-02 09:00,0.0
2025-01-02 09:15,0.0
2025-01-02 09:30,0.000247
2025-01-02 09:45,0.005917
2025-01-02 10:00,0.0
2025-01-02 10:15,0.0
2025-01-02 10:30,0.006453
2025-01-02 10:45,0.0
2025-01-02 11:00,0.0
2025-01-02 11:15,0.0
2025-01-02 11:30,0.0
2025-01-02 11:45,0.000791
2025-01-02 12:00,0.0
2025-01-02 12:15,0.0
2025-01-02 12:30,0.000378
2025-01-02 12:45,0.000429
2025-01-02 13:00,0.006113
2025-01-02 13:15,0.00823
2025-01-02 13:30,0.0
2025-01-02 13:45,0.0
2025-01-02 14:00,0.043032
2025-01-02 14:15,0.016298
2025-01-02 14:30,0.029909
2025-01-02 14:45,0.015001
2025-01-02 15:00,0.010967
2025-01-02 15:15,0.364856
2025-01-02 15:30,0.158294
2025-01-02 15:45,0.345919
2025-01-02 16:00,0.40691
2025-01-02 16:15,0.786173
2025-01-02 16:30,0.77084
2025-01-02 16:45,0.612108
2025-01-02 17:00,0.453313
2025-01-02 17:15,0.012472
2025-01-02 17:30,0.0
2025-01-02 17:45,0.00613
2025-01-02 18:00,0.00613
2025-01-02 18:15,0.0
2025-01-02 18:30,0.000502
2025-01-02 18:45,0.465147
2025-01-02 19:00,0.316966
2025-01-02 19:15,0.258087
2025-01-02 19:30,0.608588
2025-01-02 19:45,0.630829
2025-01-02 20:00,0.921818
2025-01-02 20:15,0.240076
2025-01-02 20:30,0.00139
2025-01-02 20:45,0.001607
2025-01-02 21:00,0.00613
2025-01-02 21:15,0.000395
2025-01-02 21:30,0.00613
2025-01-02 21:45,0.0
2025-01-02 22:00,0.0
2025-01-02 22:15,0.034194
2025-01-02 22:30,0.013815
2025-01-02 22:45,0.006776
2025-01-02 23:00,0.0
2025-01-02 23:15,0.0
2025-01-02 23:30,0.00613
2025-01-02 23:45,0.01226
2025-01-03 00:00,0.0
2025-01-03 00:15,0.0
2025-01-03 00:30,0.0
2025-01-03 00:45,0.0
2025-01-03 01:00,0.00613
2025-01-03 01:15,0.0248
2025-01-03 01:30,0.0
2025-01-03 01:45,0.0
2025-01-03 02:00,0.0
2025-01-03 02:15,0.0
2025-01-03 02:30,0.000315
2025-01-03 02:45,0.001199
2025-01-03 03:00,0.0
2025-01-03 03:15,0.006011
2025-01-03 03:30,0.0
2025-01-03 03:45,0.0
2025-01-03 04:00,0.000298
2025-01-03 04:15,0.0
2025-01-03 04:30,0.01226
2025-01-03 04:45,0.007201
2025-01-03 05:00,0.0
2025-01-03 05:15,0.01935
2025-01-03 05:30,0.012208
2025-01-03 05:45,0.0
2025-01-03 06:00,0.0
2025-01-03 06:15,0.0
2025-01-03 06:30,0.00613
2025-01-03 06:45,0.0
2025-01-03 07:00,0.007239
2025-01-03 07:15,0.0
2025-01-03 07:30,0.000298
2025-01-03 07:45,0.0
2025-01-03 08:00,0.012906
2025-01-03 08:15,0.050254
2025-01-03 08:30,0.012906
2025-01-03 08:45,0.013382
2025-01-03 09:00,0.0
2025-01-03 09:15,0.0
2025-01-03 09:30,0.0
2025-01-03 09:45,0.0
2025-01-03 10:00,0.0
2025-01-03 10:15,0.0
2025-01-03 10:30,0.012906
2025-01-03 10:45,0.000247
2025-01-03 11:00,0.0
2025-01-03 11:15,0.0
2025-01-03 11:30,0.0
2025-01-03 11:45,0.006113
2025-01-03 12:00,0.0
2025-01-03 12:15,0.0
2025-01-03 12:30,0.0
2025-01-03 12:45,0.005348
2025-01-03 13:00,0.000315
2025-01-03 13:15,0.005348
2025-01-03 13:30,0.005985
2025-01-03 13:45,0.005348
2025-01-03 14:00,0.005348
2025-01-03 14:15,0.0
2025-01-03 14:30,0.029203
2025-01-03 14:45,0.0
2025-01-03 15:00,0.000706
2025-01-03 15:15,0.034853
2025-01-03 15:30,0.06724
2025-01-03 15:45,0.237692
2025-01-03 16:00,0.430209
2025-01-03 16:15,0.649792
2025-01-03 16:30,0.727043
2025-01-03 16:45,0.830641
2025-01-03 17:00,0.44879
2025-01-03 17:15,0.034424
2025-01-03 17:30,0.032957
2025-01-03 17:45,0.0
2025-01-03 18:00,0.00613
2025-01-03 18:15,0.002181
2025-01-03 18:30,0.000247
2025-01-03 18:45,0.48068
2025-01-03 19:00,0.413219
2025-01-03 19:15,0.360482
2025-01-03 19:30,0.613456
2025-01-03 19:45,0.536808
2025-01-03 20:00,0.867241
2025-01-03 20:15,0.201648
2025-01-03 20:30,0.018096
2025-01-03 20:45,0.000701
2025-01-03 21:00,0.006113
2025-01-03 21:15,0.000272
2025-01-03 21:30,0.0
2025-01-03 21:45,0.000298
2025-01-03 22:00,0.0
2025-01-03 22:15,0.033794
2025-01-03 22:30,0.007341
2025-01-03 22:45,0.002551
2025-01-03 23:00,0.001577
2025-01-03 23:15,0.0
2025-01-03 23:30,0.000442
2025-01-03 23:45,0.00613
2025-01-04 00:00,0.0
2025-01-04 00:15,0.006929
2025-01-04 00:30,0.0
2025-01-04 00:45,0.0
2025-01-04 01:00,0.006113
2025-01-04 01:15,0.001352
2025-01-04 01:30,0.0
2025-01-04 01:45,0.0
2025-01-04 02:00,0.018164
2025-01-04 02:15,0.0
2025-01-04 02:30,0.0
2025-01-04 02:45,0.006886
2025-01-04 03:00,0.00034
2025-01-04 03:15,0.006113
2025-01-04 03:30,0.0
2025-01-04 03:45,0.000272
2025-01-04 04:00,0.000298
2025-01-04 04:15,0.000731
2025-01-04 04:30,0.0
2025-01-04 04:45,0.000247
2025-01-04 05:00,0.006508
2025-01-04 05:15,0.006427
2025-01-04 05:30,0.000298
2025-01-04 05:45,0.0
2025-01-04 06:00,0.0
2025-01-04 06:15,0.0
2025-01-04 06:30,0.001386
2025-01-04 06:45,0.005348
2025-01-04 07:00,0.0
2025-01-04 07:15,0.004906
2025-01-04 07:30,0.000272
2025-01-04 07:45,0.0
2025-01-04 08:00,0.044337
2025-01-04 08:15,0.025811
2025-01-04 08:30,0.010967
2025-01-04 08:45,0.00227
2025-01-04 09:00,0.000799
2025-01-04 09:15,0.0
2025-01-04 09:30,0.0
2025-01-04 09:45,0.000298
2025-01-04 10:00,0.006444
2025-01-04 10:15,0.0
2025-01-04 10:30,0.000247
2025-01-04 10:45,0.0
2025-01-04 11:00,0.000298
2025-01-04 11:15,0.0
2025-01-04 11:30,0.012226
2025-01-04 11:45,0.0
2025-01-04 12:00,0.0
2025-01-04 12:15,0.0
2025-01-04 12:30,0.0
2025-01-04 12:45,0.0
2025-01-04 13:00,0.0
2025-01-04 13:15,0.000595
2025-01-04 13:30,0.001841
2025-01-04 13:45,0.005348
2025-01-04 14:00,0.0
2025-01-04 14:15,0.000298
2025-01-04 14:30,0.00119
2025-01-04 14:45,0.01226
2025-01-04 15:00,0.0
2025-01-04 15:15,0.001029
2025-01-04 15:30,0.101987
2025-01-04 15:45,0.325294
2025-01-04 16:00,0.60875
2025-01-04 16:15,0.542377
2025-01-04 16:30,0.549744
2025-01-04 16:45,0.900496
2025-01-04 17:00,0.421678
2025-01-04 17:15,0.00176
2025-01-04 17:30,0.006623
2025-01-04 17:45,0.000315
2025-01-04 18:00,0.00613
2025-01-04 18:15,0.007337
2025-01-04 18:30,0.00613
2025-01-04 18:45,0.47154
2025-01-04 19:00,0.276119
2025-01-04 19:15,0.278942
2025-01-04 19:30,0.544957
2025-01-04 19:45,0.395645
2025-01-04 20:00,0.844384
2025-01-04 20:15,0.240718
2025-01-04 20:30,0.0
2025-01-04 20:45,0.006113
2025-01-04 21:00,0.000332
2025-01-04 21:15,0.000391
2025-01-04 21:30,0.0
2025-01-04 21:45,0.0
2025-01-04 22:00,0.000417
2025-01-04 22:15,0.000298
2025-01-04 22:30,0.0
2025-01-04 22:45,0.0
2025-01-04 23:00,0.0
2025-01-04 23:15,0.0
2025-01-04 23:30,0.0
2025-01-04 23:45,0.0
2025-01-05 00:00,0.0
2025-01-05 00:15,0.0
2025-01-05 00:30,0.00732
2025-01-05 00:45,0.005288
2025-01-05 01:00,0.0
2025-01-05 01:15,0.012226
2025-01-05 01:30,0.0
2025-01-05 01:45,0.0
2025-01-05 02:00,0.001033
2025-01-05 02:15,0.0
2025-01-05 02:30,0.0
2025-01-05 02:45,0.0
2025-01-05 03:00,0.0
2025-01-05 03:15,0.0
2025-01-05 03:30,0.0
2025-01-05 03:45,0.005348
2025-01-05 04:00,0.001751
2025-01-05 04:15,0.0
2025-01-05 04:30,0.00613
2025-01-05 04:45,0.006385
2025-01-05 05:00,0.0
2025-01-05 05:15,0.0
2025-01-05 05:30,0.0
2025-01-05 05:45,0.005773
2025-01-05 06:00,0.0
2025-01-05 06:15,0.0
2025-01-05 06:30,0.0
2025-01-05 06:45,0.004991
2025-01-05 07:00,0.0
2025-01-05 07:15,0.003511
2025-01-05 07:30,0.0
2025-01-05 07:45,0.000298
2025-01-05 08:00,0.023771
2025-01-05 08:15,0.006189
2025-01-05 08:30,0.0
2025-01-05 08:45,0.000247
2025-01-05 09:00,0.0
2025-01-05 09:15,0.000514
2025-01-05 09:30,0.0
2025-01-05 09:45,0.001275
2025-01-05 10:00,0.000327
2025-01-05 10:15,0.0
2025-01-05 10:30,0.0
2025-01-05 10:45,0.00037
2025-01-05 11:00,0.0
2025-01-05 11:15,0.000247
2025-01-05 11:30,0.000391
2025-01-05 11:45,0.0
2025-01-05 12:00,0.0
2025-01-05 12:15,0.000247
2025-01-05 12:30,0.0
2025-01-05 12:45,0.0
2025-01-05 13:00,0.000272
2025-01-05 13:15,0.001275
2025-01-05 13:30,0.0
2025-01-05 13:45,0.004493
2025-01-05 14:00,0.0
2025-01-05 14:15,0.0
2025-01-05 14:30,0.0
2025-01-05 14:45,0.001526
2025-01-05 15:00,0.018687
2025-01-05 15:15,0.005348
2025-01-05 15:30,0.070267
2025-01-05 15:45,0.324418
2025-01-05 16:00,0.482822
2025-01-05 16:15,0.508123
2025-01-05 16:30,0.63389
2025-01-05 16:45,0.685614
2025-01-05 17:00,0.555104
2025-01-05 17:15,0.0
2025-01-05 17:30,0.000272
2025-01-05 17:45,0.0
2025-01-05 18:00,0.0
2025-01-05 18:15,0.002691
2025-01-05 18:30,0.00613
2025-01-05 18:45,0.342288
2025-01-05 19:00,0.317387
2025-01-05 19:15,0.367764
2025-01-05 19:30,0.705151
2025-01-05 19:45,0.579678
2025-01-05 20:00,0.813591
2025-01-05 20:15,0.349013
2025-01-05 20:30,0.000663
2025-01-05 20:45,0.010827
2025-01-05 21:00,0.0
2025-01-05 21:15,0.005709
2025-01-05 21:30,0.018389
2025-01-05 21:45,0.009403
2025-01-05 22:00,0.0
2025-01-05 22:15,0.0
2025-01-05 22:30,0.00613
2025-01-05 22:45,0.0
2025-01-05 23:00,0.0
2025-01-05 23:15,0.000349
2025-01-05 23:30,0.0
2025-01-05 23:45,0.009641
2025-01-06 00:00,0.000247
2025-01-06 00:15,0.000429
2025-01-06 00:30,0.0
2025-01-06 00:45,0.0
2025-01-06 01:00,0.0
2025-01-06 01:15,0.018653
2025-01-06 01:30,0.000272
2025-01-06 01:45,0.0
2025-01-06 02:00,0.0
2025-01-06 02:15,0.0
2025-01-06 02:30,0.00613
2025-01-06 02:45,0.0
2025-01-06 03:00,0.01058
2025-01-06 03:15,0.0
2025-01-06 03:30,0.005773
2025-01-06 03:45,0.005348
2025-01-06 04:00,0.000417
2025-01-06 04:15,0.005773
2025-01-06 04:30,0.000247
2025-01-06 04:45,0.006113
2025-01-06 05:00,0.0
2025-01-06 05:15,0.012243
2025-01-06 05:30,0.006576
2025-01-06 05:45,0.0
2025-01-06 06:00,0.0
2025-01-06 06:15,0.000774
2025-01-06 06:30,0.0
2025-01-06 06:45,0.00613
2025-01-06 07:00,0.000446
2025-01-06 07:15,0.000272
2025-01-06 07:30,0.0
2025-01-06 07:45,0.0
2025-01-06 08:00,0.0
2025-01-06 08:15,0.000272
2025-01-06 08:30,0.0
2025-01-06 08:45,0.000247
2025-01-06 09:00,0.000298
2025-01-06 09:15,0.000298
2025-01-06 09:30,0.000506
2025-01-06 09:45,0.0
2025-01-06 10:00,0.006453
2025-01-06 10:15,0.001556
2025-01-06 10:30,0.000986
2025-01-06 10:45,0.0
2025-01-06 11:00,0.000315
2025-01-06 11:15,0.0
2025-01-06 11:30,0.0
2025-01-06 11:45,0.0
2025-01-06 12:00,0.0
2025-01-06 12:15,0.007728
2025-01-06 12:30,0.001756
2025-01-06 12:45,0.0
2025-01-06 13:00,0.0
2025-01-06 13:15,0.0
2025-01-06 13:30,0.001819
2025-01-06 13:45,0.000272
2025-01-06 14:00,0.000247
2025-01-06 14:15,0.005348
2025-01-06 14:30,0.187378
2025-01-06 14:45,0.006423
2025-01-06 15:00,0.007065
2025-01-06 15:15,0.003881
2025-01-06 15:30,0.128389
2025-01-06 15:45,0.286475
2025-01-06 16:00,0.312558
2025-01-06 16:15,0.568915
2025-01-06 16:30,0.671102
2025-01-06 16:45,0.898349
2025-01-06 17:00,0.495656
2025-01-06 17:15,0.007745
2025-01-06 17:30,0.001747
2025-01-06 17:45,0.042645
2025-01-06 18:00,0.054471
2025-01-06 18:15,0.075597
2025-01-06 18:30,0.0
2025-01-06 18:45,0.551295
2025-01-06 19:00,0.291695
2025-01-06 19:15,0.297595
2025-01-06 19:30,0.72933
2025-01-06 19:45,0.632776
2025-01-06 20:00,0.538288
2025-01-06 20:15,0.386404
2025-01-06 20:30,0.001641
2025-01-06 20:45,0.05538
2025-01-06 21:00,0.024468
2025-01-06 21:15,0.004255
2025-01-06 21:30,0.015133
2025-01-06 21:45,0.006376
2025-01-06 22:00,0.02261
2025-01-06 22:15,0.000612
2025-01-06 22:30,0.006215
2025-01-06 22:45,0.00613
2025-01-06 23:00,0.00119
2025-01-06 23:15,0.01226
2025-01-06 23:30,0.006461
2025-01-06 23:45,0.000247
2025-01-07 00:00,0.0
2025-01-07 00:15,0.000298
2025-01-07 00:30,0.000247
2025-01-07 00:45,0.0
2025-01-07 01:00,0.008536
2025-01-07 01:15,0.000893
2025-01-07 01:30,0.031524
2025-01-07 01:45,0.000272
2025-01-07 02:00,0.00613
2025-01-07 02:15,0.0
2025-01-07 02:30,0.00613
2025-01-07 02:45,0.0
2025-01-07 03:00,0.006402
2025-01-07 03:15,0.0
2025-01-07 03:30,0.0
2025-01-07 03:45,0.003932
2025-01-07 04:00,0.008608
2025-01-07 04:15,0.0
2025-01-07 04:30,0.000298
2025-01-07 04:45,0.000395
2025-01-07 05:00,0.011983
2025-01-07 05:15,0.025412
2025-01-07 05:30,0.0
2025-01-07 05:45,0.006368
2025-01-07 06:00,0.000247
2025-01-07 06:15,0.001777
2025-01-07 06:30,0.0
2025-01-07 06:45,0.001007
2025-01-07 07:00,0.000298
2025-01-07 07:15,0.006376
2025-01-07 07:30,0.0
2025-01-07 07:45,0.03121
2025-01-07 08:00,0.000523
2025-01-07 08:15,0.000918
2025-01-07 08:30,0.0
2025-01-07 08:45,0.0
2025-01-07 09:00,0.005348
2025-01-07 09:15,0.000544
2025-01-07 09:30,0.000395
2025-01-07 09:45,0.005348
2025-01-07 10:00,0.0
2025-01-07 10:15,0.001007
2025-01-07 10:30,0.0
2025-01-07 10:45,0.0
2025-01-07 11:00,0.0
2025-01-07 11:15,0.0
2025-01-07 11:30,0.003511
2025-01-07 11:45,0.006113
2025-01-07 12:00,0.018117
2025-01-07 12:15,0.017169
2025-01-07 12:30,0.000451
2025-01-07 12:45,0.005892
2025-01-07 13:00,0.0
2025-01-07 13:15,0.006283
2025-01-07 13:30,0.012081
2025-01-07 13:45,0.000625
2025-01-07 14:00,0.005348
2025-01-07 14:15,0.023065
2025-01-07 14:30,0.001437
2025-01-07 14:45,0.00105
2025-01-07 15:00,0.0
2025-01-07 15:15,0.007613
2025-01-07 15:30,0.192564
2025-01-07 15:45,0.334089
2025-01-07 16:00,0.446316
2025-01-07 16:15,0.587708
2025-01-07 16:30,0.836648
2025-01-07 16:45,0.837897
2025-01-07 17:00,0.650255
2025-01-07 17:15,0.0
2025-01-07 17:30,0.001301
2025-01-07 17:45,0.005594
2025-01-07 18:00,0.000298
2025-01-07 18:15,0.0
2025-01-07 18:30,0.0
2025-01-07 18:45,0.367641
2025-01-07 19:00,0.162234
2025-01-07 19:15,0.395824
2025-01-07 19:30,0.539355
2025-01-07 19:45,0.548158
2025-01-07 20:00,0.741173
2025-01-07 20:15,0.129834
2025-01-07 20:30,0.00726
2025-01-07 20:45,0.001913
2025-01-07 21:00,0.017097
2025-01-07 21:15,0.000582
2025-01-07 21:30,0.00613
2025-01-07 21:45,0.0
2025-01-07 22:00,0.0
2025-01-07 22:15,0.0
2025-01-07 22:30,0.0
2025-01-07 22:45,0.0
2025-01-07 23:00,0.0
2025-01-07 23:15,0.0
2025-01-07 23:30,0.0
2025-01-07 23:45,0.0
2025-01-08 00:00,0.0
2025-01-08 00:00,0.0
2025-01-08 00:15,0.0
2025-01-08 00:30,0.0
2025-01-08 00:45,0.02488
2025-01-08 01:00,0.0
2025-01-08 01:15,0.024563
2025-01-08 01:30,0.0
2025-01-08 01:45,0.0
2025-01-08 02:00,0.006152
2025-01-08 02:15,0.006169
2025-01-08 02:30,0.0
2025-01-08 02:45,0.0
2025-01-08 03:00,0.001536
2025-01-08 03:15,0.000282
2025-01-08 03:30,0.008983
2025-01-08 03:45,0.0
2025-01-08 04:00,0.000248
2025-01-08 04:15,0.006716
2025-01-08 04:30,0.000992
2025-01-08 04:45,0.0
2025-01-08 05:00,0.0
2025-01-08 05:15,0.031057
2025-01-08 05:30,0.0
2025-01-08 05:45,0.005809
2025-01-08 06:00,0.0
2025-01-08 06:15,0.001583
2025-01-08 06:30,0.0
2025-01-08 06:45,0.0
2025-01-08 07:00,0.003508
2025-01-08 07:15,0.0
2025-01-08 07:30,0.00157
2025-01-08 07:45,0.0
2025-01-08 08:00,0.000424
2025-01-08 08:15,0.0
2025-01-08 08:30,0.0
2025-01-08 08:45,0.0
2025-01-08 09:00,0.0
2025-01-08 09:15,0.00533
2025-01-08 09:30,0.000274
2025-01-08 09:45,0.0
2025-01-08 10:00,0.000334
2025-01-08 10:15,0.001215
2025-01-08 10:30,0.002246
2025-01-08 10:45,0.0
2025-01-08 11:00,0.0
2025-01-08 11:15,0.000398
2025-01-08 11:30,0.005382
2025-01-08 11:45,0.0
2025-01-08 12:00,0.012337
2025-01-08 12:15,0.00077
2025-01-08 12:30,0.000274
2025-01-08 12:45,0.021526
2025-01-08 13:00,0.0
2025-01-08 13:15,0.006442
2025-01-08 13:30,0.0
2025-01-08 13:45,0.004748
2025-01-08 14:00,0.005382
2025-01-08 14:15,0.018027
2025-01-08 14:30,0.027746
2025-01-08 14:45,0.0
2025-01-08 15:00,0.086793
2025-01-08 15:15,0.000548
2025-01-08 15:30,0.108862
2025-01-08 15:45,0.265153
2025-01-08 16:00,0.50129
2025-01-08 16:15,0.614811
2025-01-08 16:30,0.657764
2025-01-08 16:45,0.810753
2025-01-08 17:00,0.446448
2025-01-08 17:15,0.01155
2025-01-08 17:30,0.006169
2025-01-08 17:45,0.010763
2025-01-08 18:00,0.006768
2025-01-08 18:15,0.0
2025-01-08 18:30,0.014309
2025-01-08 18:45,0.394861
2025-01-08 19:00,0.368959
2025-01-08 19:15,0.44143
2025-01-08 19:30,0.490796
2025-01-08 19:45,0.406643
2025-01-08 20:00,0.786544
2025-01-08 20:15,0.269042
2025-01-08 20:30,0.011798
2025-01-08 20:45,0.067821
2025-01-08 21:00,0.017702
2025-01-08 21:15,0.005809
2025-01-08 21:30,0.030843
2025-01-08 21:45,0.034218
2025-01-08 22:00,0.003632
2025-01-08 22:15,0.007452
2025-01-08 22:30,0.006169
2025-01-08 22:45,0.013621
2025-01-08 23:00,0.0
2025-01-08 23:15,0.000248
2025-01-08 23:30,0.012337
2025-01-08 23:45,0.0
2025-01-09 00:00,0.0
2025-01-09 00:15,0.0
2025-01-09 00:30,0.0
2025-01-09 00:45,0.0
2025-01-09 01:00,0.0
2025-01-09 01:15,0.014177
2025-01-09 01:30,0.0
2025-01-09 01:45,0.006152
2025-01-09 02:00,0.006169
2025-01-09 02:15,0.0
2025-01-09 02:30,0.000248
2025-01-09 02:45,0.006169
2025-01-09 03:00,0.0
2025-01-09 03:15,0.0
2025-01-09 03:30,0.003388
2025-01-09 03:45,0.0
2025-01-09 04:00,0.0
2025-01-09 04:15,0.004338
2025-01-09 04:30,0.00284
2025-01-09 04:45,0.000248
2025-01-09 05:00,0.000992
2025-01-09 05:15,0.006152
2025-01-09 05:30,0.0
2025-01-09 05:45,0.0
2025-01-09 06:00,0.0
2025-01-09 06:15,0.0
2025-01-09 06:30,0.000299
2025-01-09 06:45,0.0
2025-01-09 07:00,0.0
2025-01-09 07:15,0.000804
2025-01-09 07:30,0.000372
2025-01-09 07:45,0.0
2025-01-09 08:00,0.019729
2025-01-09 08:15,0.00681
2025-01-09 08:30,0.0
2025-01-09 08:45,0.0
2025-01-09 09:00,0.0
2025-01-09 09:15,0.000248
2025-01-09 09:30,0.0
2025-01-09 09:45,0.0
2025-01-09 10:00,0.0
2025-01-09 10:15,0.000248
2025-01-09 10:30,0.0
2025-01-09 10:45,0.006169
2025-01-09 11:00,0.0
2025-01-09 11:15,0.000265
2025-01-09 11:30,0.006169
2025-01-09 11:45,0.0
2025-01-09 12:00,0.005955
2025-01-09 12:15,0.000672
2025-01-09 12:30,0.0
2025-01-09 12:45,0.0
2025-01-09 13:00,0.000599
2025-01-09 13:15,0.001506
2025-01-09 13:30,0.008051
2025-01-09 13:45,0.000548
2025-01-09 14:00,0.000274
2025-01-09 14:15,0.0
2025-01-09 14:30,0.006152
2025-01-09 14:45,0.000274
2025-01-09 15:00,0.005604
2025-01-09 15:15,0.013266
2025-01-09 15:30,0.057255
2025-01-09 15:45,0.328358
2025-01-09 16:00,0.489329
2025-01-09 16:15,0.549163
2025-01-09 16:30,0.629651
2025-01-09 16:45,0.76806
2025-01-09 17:00,0.417739
2025-01-09 17:15,0.004603
2025-01-09 17:30,0.000248
2025-01-09 17:45,0.000317
2025-01-09 18:00,0.0
2025-01-09 18:15,0.002541
2025-01-09 18:30,0.014451
2025-01-09 18:45,0.58819
2025-01-09 19:00,0.246463
2025-01-09 19:15,0.348648
2025-01-09 19:30,0.593212
2025-01-09 19:45,0.751073
2025-01-09 20:00,0.709779
2025-01-09 20:15,0.224501
2025-01-09 20:30,0.0
2025-01-09 20:45,0.017873
2025-01-09 21:00,0.007349
2025-01-09 21:15,0.030676
2025-01-09 21:30,0.012337
2025-01-09 21:45,0.001514
2025-01-09 22:00,0.02547
2025-01-09 22:15,0.002477
2025-01-09 22:30,0.049897
2025-01-09 22:45,0.016033
2025-01-09 23:00,0.009839
2025-01-09 23:15,0.006417
2025-01-09 23:30,0.0
2025-01-09 23:45,0.005536
2025-01-10 00:00,0.000334
2025-01-10 00:15,0.000299
2025-01-10 00:30,0.0
2025-01-10 00:45,0.0
2025-01-10 01:00,0.00142
2025-01-10 01:15,0.0
2025-01-10 01:30,0.0
2025-01-10 01:45,0.000719
2025-01-10 02:00,0.0
2025-01-10 02:15,0.0
2025-01-10 02:30,0.000522
2025-01-10 02:45,0.005382
2025-01-10 03:00,0.002105
2025-01-10 03:15,0.010712
2025-01-10 03:30,0.0
2025-01-10 03:45,0.0
2025-01-10 04:00,0.000505
2025-01-10 04:15,0.0
2025-01-10 04:30,0.0
2025-01-10 04:45,0.000496
2025-01-10 05:00,0.006169
2025-01-10 05:15,0.006152
2025-01-10 05:30,0.0
2025-01-10 05:45,0.010673
2025-01-10 06:00,0.000248
2025-01-10 06:15,0.0
2025-01-10 06:30,0.0
2025-01-10 06:45,0.0
2025-01-10 07:00,0.0
2025-01-10 07:15,0.0
2025-01-10 07:30,0.0
2025-01-10 07:45,0.0
2025-01-10 08:00,0.0
2025-01-10 08:15,0.0
2025-01-10 08:30,0.0
2025-01-10 08:45,0.0
2025-01-10 09:00,0.003332
2025-01-10 09:15,0.006152
2025-01-10 09:30,0.0
2025-01-10 09:45,0.0
2025-01-10 10:00,0.0
2025-01-10 10:15,0.0
2025-01-10 10:30,0.0
2025-01-10 10:45,0.010763
2025-01-10 11:00,0.0
2025-01-10 11:15,0.0
2025-01-10 11:30,0.0
2025-01-10 11:45,0.0
2025-01-10 12:00,0.0
2025-01-10 12:15,0.002922
2025-01-10 12:30,0.0
2025-01-10 12:45,0.011336
2025-01-10 13:00,0.0
2025-01-10 13:15,0.006194
2025-01-10 13:30,0.010763
2025-01-10 13:45,0.000804
2025-01-10 14:00,0.000248
2025-01-10 14:15,0.01232
2025-01-10 14:30,0.001202
2025-01-10 14:45,0.004881
2025-01-10 15:00,0.0
2025-01-10 15:15,0.0
2025-01-10 15:30,0.03898
2025-01-10 15:45,0.313001
2025-01-10 16:00,0.490788
2025-01-10 16:15,0.534285
2025-01-10 16:30,0.846438
2025-01-10 16:45,0.786523
2025-01-10 17:00,0.458045
2025-01-10 17:15,0.00157
2025-01-10 17:30,0.0
2025-01-10 17:45,0.0
2025-01-10 18:00,0.006417
2025-01-10 18:15,0.010382
2025-01-10 18:30,0.000548
2025-01-10 18:45,0.346205
2025-01-10 19:00,0.322951
2025-01-10 19:15,0.322386
2025-01-10 19:30,0.624201
2025-01-10 19:45,0.496785
2025-01-10 20:00,1.0
2025-01-10 20:15,0.223551
2025-01-10 20:30,0.0
2025-01-10 20:45,0.013548
2025-01-10 21:00,0.007259
2025-01-10 21:15,0.000299
2025-01-10 21:30,0.0
2025-01-10 21:45,0.006169
2025-01-10 22:00,0.0
2025-01-10 22:15,0.006768
2025-01-10 22:30,0.00563
2025-01-10 22:45,0.001818
2025-01-10 23:00,0.0
2025-01-10 23:15,0.0
2025-01-10 23:30,0.006169
2025-01-10 23:45,0.004453
2025-01-11 00:00,0.0
2025-01-11 00:15,0.022737
2025-01-11 00:30,0.0
2025-01-11 00:45,0.000599
2025-01-11 01:00,0.0
2025-01-11 01:15,0.021774
2025-01-11 01:30,0.012337
2025-01-11 01:45,0.006152
2025-01-11 02:00,0.000248
2025-01-11 02:15,0.000394
2025-01-11 02:30,0.000274
2025-01-11 02:45,0.01155
2025-01-11 03:00,0.0
2025-01-11 03:15,0.0
2025-01-11 03:30,0.0
2025-01-11 03:45,0.0
2025-01-11 04:00,0.000317
2025-01-11 04:15,0.006152
2025-01-11 04:30,0.000274
2025-01-11 04:45,0.0
2025-01-11 05:00,0.010044
2025-01-11 05:15,0.009197
2025-01-11 05:30,0.000248
2025-01-11 05:45,0.020525
2025-01-11 06:00,0.000299
2025-01-11 06:15,0.000334
2025-01-11 06:30,0.0
2025-01-11 06:45,0.0
2025-01-11 07:00,0.005809
2025-01-11 07:15,0.006549
2025-01-11 07:30,0.0
2025-01-11 07:45,0.0
2025-01-11 08:00,0.0
2025-01-11 08:15,0.006494
2025-01-11 08:30,0.019481
2025-01-11 08:45,0.0
2025-01-11 09:00,0.0
2025-01-11 09:15,0.0
2025-01-11 09:30,0.0
2025-01-11 09:45,0.0
2025-01-11 10:00,0.0
2025-01-11 10:15,0.006494
2025-01-11 10:30,0.000299
2025-01-11 10:45,0.0
2025-01-11 11:00,0.002776
2025-01-11 11:15,0.0
2025-01-11 11:30,0.0
2025-01-11 11:45,0.0
2025-01-11 12:00,0.0
2025-01-11 12:15,0.0
2025-01-11 12:30,0.0
2025-01-11 12:45,0.0
2025-01-11 13:00,0.0
2025-01-11 13:15,0.0
2025-01-11 13:30,0.01155
2025-01-11 13:45,0.0
2025-01-11 14:00,0.0
2025-01-11 14:15,0.0
2025-01-11 14:30,0.0
2025-01-11 14:45,0.0
2025-01-11 15:00,0.001283
2025-01-11 15:15,0.000548
2025-01-11 15:30,0.057537
2025-01-11 15:45,0.374756
2025-01-11 16:00,0.451278
2025-01-11 16:15,0.593896
2025-01-11 16:30,0.644435
2025-01-11 16:45,0.697343
2025-01-11 17:00,0.606841
2025-01-11 17:15,0.000599
2025-01-11 17:30,0.0
2025-01-11 17:45,0.023947
2025-01-11 18:00,0.016093
2025-01-11 18:15,0.000248
2025-01-11 18:30,0.0
2025-01-11 18:45,0.564414
2025-01-11 19:00,0.258766
2025-01-11 19:15,0.228218
2025-01-11 19:30,0.779118
2025-01-11 19:45,0.664263
2025-01-11 20:00,0.729444
2025-01-11 20:15,0.205764
2025-01-11 20:30,0.0
2025-01-11 20:45,0.000432
2025-01-11 21:00,0.006152
2025-01-11 21:15,0.0
2025-01-11 21:30,0.0
2025-01-11 21:45,0.0
2025-01-11 22:00,0.006169
2025-01-11 22:15,0.0
2025-01-11 22:30,0.025278
2025-01-11 22:45,0.0
2025-01-11 23:00,0.0
2025-01-11 23:15,0.0
2025-01-11 23:30,0.024675
2025-01-11 23:45,0.0
2025-01-12 00:00,0.0
2025-01-12 00:15,0.006169
2025-01-12 00:30,0.0
2025-01-12 00:45,0.008735
2025-01-12 01:00,0.0
2025-01-12 01:15,0.0
2025-01-12 01:30,0.0
2025-01-12 01:45,0.0
2025-01-12 02:00,0.006417
2025-01-12 02:15,0.000432
2025-01-12 02:30,0.006152
2025-01-12 02:45,0.0
2025-01-12 03:00,0.0
2025-01-12 03:15,0.000248
2025-01-12 03:30,0.019481
2025-01-12 03:45,0.0
2025-01-12 04:00,0.007153
2025-01-12 04:15,0.0
2025-01-12 04:30,0.0
2025-01-12 04:45,0.0
2025-01-12 05:00,0.0
2025-01-12 05:15,0.000317
2025-01-12 05:30,0.0
2025-01-12 05:45,0.000317
2025-01-12 06:00,0.0
2025-01-12 06:15,0.0
2025-01-12 06:30,0.0
2025-01-12 06:45,0.0
2025-01-12 07:00,0.000274
2025-01-12 07:15,0.001724
2025-01-12 07:30,0.0
2025-01-12 07:45,0.0
2025-01-12 08:00,0.000274
2025-01-12 08:15,0.000877
2025-01-12 08:30,0.000599
2025-01-12 08:45,0.0
2025-01-12 09:00,0.0
2025-01-12 09:15,0.0
2025-01-12 09:30,0.0
2025-01-12 09:45,0.0
2025-01-12 10:00,0.006494
2025-01-12 10:15,0.0
2025-01-12 10:30,0.0
2025-01-12 10:45,0.0
2025-01-12 11:00,0.0
2025-01-12 11:15,0.0
2025-01-12 11:30,0.0
2025-01-12 11:45,0.0
2025-01-12 12:00,0.0
2025-01-12 12:15,0.0
2025-01-12 12:30,0.000248
2025-01-12 12:45,0.0
2025-01-12 13:00,0.007349
2025-01-12 13:15,0.0
2025-01-12 13:30,0.0
2025-01-12 13:45,0.0
2025-01-12 14:00,0.0
2025-01-12 14:15,0.006485
2025-01-12 14:30,0.000415
2025-01-12 14:45,0.020089
2025-01-12 15:00,0.0
2025-01-12 15:15,0.0
2025-01-12 15:30,0.141254
2025-01-12 15:45,0.500601
2025-01-12 16:00,0.363975
2025-01-12 16:15,0.65536
2025-01-12 16:30,0.693506
2025-01-12 16:45,0.770361
2025-01-12 17:00,0.551627
2025-01-12 17:15,0.0
2025-01-12 17:30,0.0
2025-01-12 17:45,0.0
2025-01-12 18:00,0.012786
2025-01-12 18:15,0.0
2025-01-12 18:30,0.0
2025-01-12 18:45,0.48781
2025-01-12 19:00,0.26135
2025-01-12 19:15,0.435749
2025-01-12 19:30,0.810077
2025-01-12 19:45,0.588057
2025-01-12 20:00,0.80591
2025-01-12 20:15,0.253864
2025-01-12 20:30,0.006023
2025-01-12 20:45,0.007769
2025-01-12 21:00,0.0
2025-01-12 21:15,0.0
2025-01-12 21:30,0.0
2025-01-12 21:45,0.006152
2025-01-12 22:00,0.002327
2025-01-12 22:15,0.006169
2025-01-12 22:30,0.0
2025-01-12 22:45,0.006169
2025-01-12 23:00,0.006502
2025-01-12 23:15,0.006169
2025-01-12 23:30,0.0
2025-01-12 23:45,0.000248
2025-01-13 00:00,0.006169
2025-01-13 00:15,0.0
2025-01-13 00:30,0.018831
2025-01-13 00:45,0.01232
2025-01-13 01:00,0.0
2025-01-13 01:15,0.018489
2025-01-13 01:30,0.0
2025-01-13 01:45,0.000248
2025-01-13 02:00,0.0
2025-01-13 02:15,0.0
2025-01-13 02:30,0.000659
2025-01-13 02:45,0.005668
2025-01-13 03:00,0.007961
2025-01-13 03:15,0.0
2025-01-13 03:30,0.000248
2025-01-13 03:45,0.000317
2025-01-13 04:00,0.0
2025-01-13 04:15,0.012337
2025-01-13 04:30,0.006169
2025-01-13 04:45,0.006169
2025-01-13 05:00,0.012731
2025-01-13 05:15,0.006468
2025-01-13 05:30,0.0
2025-01-13 05:45,0.023896
2025-01-13 06:00,0.0
2025-01-13 06:15,0.0
2025-01-13 06:30,0.0
2025-01-13 06:45,0.0
2025-01-13 07:00,0.0
2025-01-13 07:15,0.0
2025-01-13 07:30,0.006451
2025-01-13 07:45,0.0
2025-01-13 08:00,0.000334
2025-01-13 08:15,0.006742
2025-01-13 08:30,0.006494
2025-01-13 08:45,0.0
2025-01-13 09:00,0.000351
2025-01-13 09:15,0.0
2025-01-13 09:30,0.000248
2025-01-13 09:45,0.0
2025-01-13 10:00,0.000317
2025-01-13 10:15,0.0
2025-01-13 10:30,0.0
2025-01-13 10:45,0.0
2025-01-13 11:00,0.000432
2025-01-13 11:15,0.0
2025-01-13 11:30,0.0
2025-01-13 11:45,0.000274
2025-01-13 12:00,0.0
2025-01-13 12:15,0.005809
2025-01-13 12:30,0.002699
2025-01-13 12:45,0.007401
2025-01-13 13:00,0.012337
2025-01-13 13:15,0.13571
2025-01-13 13:30,0.0
2025-01-13 13:45,0.0
2025-01-13 14:00,0.012577
2025-01-13 14:15,0.006442
2025-01-13 14:30,0.006549
2025-01-13 14:45,0.011892
2025-01-13 15:00,0.0
2025-01-13 15:15,0.0
2025-01-13 15:30,0.05651
2025-01-13 15:45,0.308436
2025-01-13 16:00,0.344635
2025-01-13 16:15,0.586449
2025-01-13 16:30,0.78071
2025-01-13 16:45,0.876144
2025-01-13 17:00,0.481625
2025-01-13 17:15,0.135077
2025-01-13 17:30,0.001929
2025-01-13 17:45,0.021911
2025-01-13 18:00,0.004453
2025-01-13 18:15,0.007247
2025-01-13 18:30,0.011054
2025-01-13 18:45,0.643147
2025-01-13 19:00,0.298901
2025-01-13 19:15,0.320859
2025-01-13 19:30,0.703991
2025-01-13 19:45,0.591424
2025-01-13 20:00,0.677301
2025-01-13 20:15,0.307996
2025-01-13 20:30,0.031271
2025-01-13 20:45,0.006951
2025-01-13 21:00,0.001497
2025-01-13 21:15,0.013321
2025-01-13 21:30,0.010061
2025-01-13 21:45,0.006169
2025-01-13 22:00,0.014031
2025-01-13 22:15,0.016628
2025-01-13 22:30,0.04484
2025-01-13 22:45,0.006892
2025-01-13 23:00,0.012337
2025-01-13 23:15,0.014344
2025-01-13 23:30,0.025564
2025-01-13 23:45,0.020589
2025-01-14 00:00,0.0
2025-01-14 00:15,0.0
2025-01-14 00:30,0.024991
2025-01-14 00:45,0.007512
2025-01-14 01:00,0.012337
2025-01-14 01:15,0.025119
2025-01-14 01:30,0.019789
2025-01-14 01:45,0.012337
2025-01-14 02:00,0.0
2025-01-14 02:15,0.000299
2025-01-14 02:30,0.0
2025-01-14 02:45,0.0
2025-01-14 03:00,0.000248
2025-01-14 03:15,0.0
2025-01-14 03:30,0.001664
2025-01-14 03:45,0.006169
2025-01-14 04:00,0.000599
2025-01-14 04:15,0.0
2025-01-14 04:30,0.006442
2025-01-14 04:45,0.0
2025-01-14 05:00,0.000248
2025-01-14 05:15,0.01232
2025-01-14 05:30,0.006468
2025-01-14 05:45,0.018147
2025-01-14 06:00,0.0
2025-01-14 06:15,0.005809
2025-01-14 06:30,0.001181
2025-01-14 06:45,0.0
2025-01-14 07:00,0.000248
2025-01-14 07:15,0.001536
2025-01-14 07:30,0.006699
2025-01-14 07:45,0.0
2025-01-14 08:00,0.006494
2025-01-14 08:15,0.000248
2025-01-14 08:30,0.006742
2025-01-14 08:45,0.0
2025-01-14 09:00,0.0
2025-01-14 09:15,0.0
2025-01-14 09:30,0.003516
2025-01-14 09:45,0.0
2025-01-14 10:00,0.021569
2025-01-14 10:15,0.0
2025-01-14 10:30,0.000911
2025-01-14 10:45,0.0
2025-01-14 11:00,0.0
2025-01-14 11:15,0.0
2025-01-14 11:30,0.0
2025-01-14 11:45,0.0
2025-01-14 12:00,0.000274
2025-01-14 12:15,0.00252
2025-01-14 12:30,0.012337
2025-01-14 12:45,0.0
2025-01-14 13:00,0.000274
2025-01-14 13:15,0.0
2025-01-14 13:30,0.017612
2025-01-14 13:45,0.002143
2025-01-14 14:00,0.012906
2025-01-14 14:15,0.013817
2025-01-14 14:30,0.031117
2025-01-14 14:45,0.012911
2025-01-14 15:00,0.006468
2025-01-14 15:15,0.085351
2025-01-14 15:30,0.122402
2025-01-14 15:45,0.319524
2025-01-14 16:00,0.599462
2025-01-14 16:15,0.761609
2025-01-14 16:30,0.722946
2025-01-14 16:45,0.93742
2025-01-14 17:00,0.729427
2025-01-14 17:15,0.064535
2025-01-14 17:30,0.009373
2025-01-14 17:45,0.005382
2025-01-14 18:00,0.006981
2025-01-14 18:15,0.015969
2025-01-14 18:30,0.035737
2025-01-14 18:45,0.673939
2025-01-14 19:00,0.300629
2025-01-14 19:15,0.274851
2025-01-14 19:30,0.767547
2025-01-14 19:45,0.659625
2025-01-14 20:00,0.612843
2025-01-14 20:15,0.216193
2025-01-14 20:30,0.039305
2025-01-14 20:45,0.00948
2025-01-14 21:00,0.023887
2025-01-14 21:15,0.012337
2025-01-14 21:30,0.012936
2025-01-14 21:45,0.018921
2025-01-14 22:00,0.003777
2025-01-14 22:15,0.012859
2025-01-14 22:30,0.006126
2025-01-14 22:45,0.012752
2025-01-14 23:00,0.0
2025-01-14 23:15,0.007409
2025-01-14 23:30,0.03234
2025-01-14 23:45,0.000518
2025-01-15 00:00,0.007016
2025-01-15 00:00,0.003365
2025-01-15 00:15,0.003078
2025-01-15 00:30,0.005917
2025-01-15 00:45,0.003102
2025-01-15 01:00,0.006676
2025-01-15 01:15,0.003701
2025-01-15 01:30,0.002959
2025-01-15 01:45,0.002959
2025-01-15 02:00,0.006061
2025-01-15 02:15,0.012991
2025-01-15 02:30,0.00945
2025-01-15 02:45,0.002959
2025-01-15 03:00,0.003153
2025-01-15 03:15,0.002959
2025-01-15 03:30,0.003246
2025-01-15 03:45,0.002959
2025-01-15 04:00,0.009257
2025-01-15 04:15,0.000119
2025-01-15 04:30,0.003114
2025-01-15 04:45,0.00295
2025-01-15 05:00,0.002959
2025-01-15 05:15,0.014928
2025-01-15 05:30,0.0
2025-01-15 05:45,0.008995
2025-01-15 06:00,0.011851
2025-01-15 06:15,0.0
2025-01-15 06:30,0.0
2025-01-15 06:45,0.000119
2025-01-15 07:00,0.0
2025-01-15 07:15,0.000144
2025-01-15 07:30,0.0
2025-01-15 07:45,0.004356
2025-01-15 08:00,0.000144
2025-01-15 08:15,0.004085
2025-01-15 08:30,0.004932
2025-01-15 08:45,0.002959
2025-01-15 09:00,0.0
2025-01-15 09:15,0.001695
2025-01-15 09:30,0.0
2025-01-15 09:45,0.0
2025-01-15 10:00,0.003102
2025-01-15 10:15,0.0
2025-01-15 10:30,0.0
2025-01-15 10:45,0.0
2025-01-15 11:00,0.006036
2025-01-15 11:15,0.0
2025-01-15 11:30,0.0
2025-01-15 11:45,0.0
2025-01-15 12:00,0.00641
2025-01-15 12:15,0.002932
2025-01-15 12:30,0.0
2025-01-15 12:45,0.000131
2025-01-15 13:00,0.003201
2025-01-15 13:15,0.002556
2025-01-15 13:30,0.0
2025-01-15 13:45,0.000339
2025-01-15 14:00,0.003201
2025-01-15 14:15,0.298557
2025-01-15 14:30,0.000263
2025-01-15 14:45,0.003574
2025-01-15 15:00,0.006036
2025-01-15 15:15,0.023746
2025-01-15 15:30,0.054961
2025-01-15 15:45,0.122724
2025-01-15 16:00,0.345483
2025-01-15 16:15,0.308793
2025-01-15 16:30,0.298795
2025-01-15 16:45,0.481696
2025-01-15 17:00,0.294273
2025-01-15 17:15,0.0
2025-01-15 17:30,0.0
2025-01-15 17:45,0.013668
2025-01-15 18:00,0.005981
2025-01-15 18:15,0.004879
2025-01-15 18:30,0.000199
2025-01-15 18:45,0.238941
2025-01-15 19:00,0.080796
2025-01-15 19:15,0.129364
2025-01-15 19:30,0.238974
2025-01-15 19:45,0.251112
2025-01-15 20:00,0.392092
2025-01-15 20:15,0.098625
2025-01-15 20:30,0.020451
2025-01-15 20:45,0.014752
2025-01-15 21:00,0.038738
2025-01-15 21:15,0.00025
2025-01-15 21:30,0.0
2025-01-15 21:45,0.012361
2025-01-15 22:00,0.0027
2025-01-15 22:15,0.0
2025-01-15 22:30,0.0
2025-01-15 22:45,0.000554
2025-01-15 23:00,0.001268
2025-01-15 23:15,0.0
2025-01-15 23:30,0.0
2025-01-15 23:45,0.0
2025-01-16 00:00,0.003484
2025-01-16 00:15,0.002134
2025-01-16 00:30,0.0
2025-01-16 00:45,0.035523
2025-01-16 01:00,0.002581
2025-01-16 01:15,0.007677
2025-01-16 01:30,0.005917
2025-01-16 01:45,0.005917
2025-01-16 02:00,0.000574
2025-01-16 02:15,0.002556
2025-01-16 02:30,0.000542
2025-01-16 02:45,0.002556
2025-01-16 03:00,0.0
2025-01-16 03:15,0.000203
2025-01-16 03:30,0.003328
2025-01-16 03:45,0.005909
2025-01-16 04:00,0.003943
2025-01-16 04:15,0.007062
2025-01-16 04:30,0.0
2025-01-16 04:45,0.0
2025-01-16 05:00,0.0
2025-01-16 05:15,0.045892
2025-01-16 05:30,0.00032
2025-01-16 05:45,0.000369
2025-01-16 06:00,0.000168
2025-01-16 06:15,0.000439
2025-01-16 06:30,0.000131
2025-01-16 06:45,0.0
2025-01-16 07:00,0.003114
2025-01-16 07:15,0.0
2025-01-16 07:30,0.0
2025-01-16 07:45,0.0
2025-01-16 08:00,0.003147
2025-01-16 08:15,0.0
2025-01-16 08:30,0.006348
2025-01-16 08:45,0.0
2025-01-16 09:00,0.0
2025-01-16 09:15,0.0
2025-01-16 09:30,0.0
2025-01-16 09:45,0.0
2025-01-16 10:00,0.0
2025-01-16 10:15,0.0
2025-01-16 10:30,0.0
2025-01-16 10:45,0.0
2025-01-16 11:00,0.000195
2025-01-16 11:15,0.0
2025-01-16 11:30,0.000519
2025-01-16 11:45,0.001588
2025-01-16 12:00,0.000119
2025-01-16 12:15,0.002556
2025-01-16 12:30,0.00658
2025-01-16 12:45,0.005437
2025-01-16 13:00,0.002581
2025-01-16 13:15,0.003078
2025-01-16 13:30,0.0
2025-01-16 13:45,0.000119
2025-01-16 14:00,0.021506
2025-01-16 14:15,0.000119
2025-01-16 14:30,0.0
2025-01-16 14:45,0.000622
2025-01-16 15:00,0.011178
2025-01-16 15:15,0.021059
2025-01-16 15:30,0.084764
2025-01-16 15:45,0.166272
2025-01-16 16:00,0.336573
2025-01-16 16:15,0.238387
2025-01-16 16:30,0.274505
2025-01-16 16:45,0.523684
2025-01-16 17:00,0.252634
2025-01-16 17:15,0.011801
2025-01-16 17:30,0.000952
2025-01-16 17:45,0.00667
2025-01-16 18:00,0.031715
2025-01-16 18:15,0.008515
2025-01-16 18:30,0.001071
2025-01-16 18:45,0.21867
2025-01-16 19:00,0.113771
2025-01-16 19:15,0.15801
2025-01-16 19:30,0.299893
2025-01-16 19:45,0.299306
2025-01-16 20:00,0.444661
2025-01-16 20:15,0.110474
2025-01-16 20:30,0.000144
2025-01-16 20:45,0.002959
2025-01-16 21:00,0.000271
2025-01-16 21:15,0.0
2025-01-16 21:30,0.0027
2025-01-16 21:45,0.001122
2025-01-16 22:00,0.00016
2025-01-16 22:15,0.013143
2025-01-16 22:30,0.006061
2025-01-16 22:45,0.002959
2025-01-16 23:00,0.0
2025-01-16 23:15,0.003151
2025-01-16 23:30,0.008424
2025-01-16 23:45,0.003229
2025-01-17 00:00,0.002959
2025-01-17 00:15,0.000737
2025-01-17 00:30,0.006036
2025-01-17 00:45,0.000144
2025-01-17 01:00,0.001847
2025-01-17 01:15,0.013603
2025-01-17 01:30,0.005529
2025-01-17 01:45,0.000131
2025-01-17 02:00,0.000189
2025-01-17 02:15,0.0
2025-01-17 02:30,0.0
2025-01-17 02:45,0.0
2025-01-17 03:00,0.000189
2025-01-17 03:15,0.000737
2025-01-17 03:30,0.0
2025-01-17 03:45,0.000345
2025-01-17 04:00,0.0
2025-01-17 04:15,0.0
2025-01-17 04:30,0.002288
2025-01-17 04:45,0.001742
2025-01-17 05:00,0.0
2025-01-17 05:15,0.001172
2025-01-17 05:30,0.0
2025-01-17 05:45,0.003878
2025-01-17 06:00,0.0
2025-01-17 06:15,0.0
2025-01-17 06:30,0.0
2025-01-17 06:45,0.00014
2025-01-17 07:00,0.0
2025-01-17 07:15,0.0
2025-01-17 07:30,0.006808
2025-01-17 07:45,0.000193
2025-01-17 08:00,0.00025
2025-01-17 08:15,0.002987
2025-01-17 08:30,0.008063
2025-01-17 08:45,0.000312
2025-01-17 09:00,0.005661
2025-01-17 09:15,0.002727
2025-01-17 09:30,0.000388
2025-01-17 09:45,0.000574
2025-01-17 10:00,0.0
2025-01-17 10:15,0.003377
2025-01-17 10:30,0.0
2025-01-17 10:45,0.0
2025-01-17 11:00,0.0
2025-01-17 11:15,0.002733
2025-01-17 11:30,0.000238
2025-01-17 11:45,0.000334
2025-01-17 12:00,0.0
2025-01-17 12:15,0.00118
2025-01-17 12:30,0.007805
2025-01-17 12:45,0.0
2025-01-17 13:00,0.001053
2025-01-17 13:15,0.003297
2025-01-17 13:30,0.000263
2025-01-17 13:45,0.000144
2025-01-17 14:00,0.008753
2025-01-17 14:15,0.006557
2025-01-17 14:30,0.001939
2025-01-17 14:45,0.001336
2025-01-17 15:00,0.004547
2025-01-17 15:15,0.002749
2025-01-17 15:30,0.045027
2025-01-17 15:45,0.107964
2025-01-17 16:00,0.348666
2025-01-17 16:15,0.250648
2025-01-17 16:30,0.34177
2025-01-17 16:45,0.46018
2025-01-17 17:00,0.245178
2025-01-17 17:15,0.007829
2025-01-17 17:30,0.000119
2025-01-17 17:45,0.005263
2025-01-17 18:00,0.016048
2025-01-17 18:15,0.00047
2025-01-17 18:30,0.001184
2025-01-17 18:45,0.253245
2025-01-17 19:00,0.133812
2025-01-17 19:15,0.156822
2025-01-17 19:30,0.387043
2025-01-17 19:45,0.313955
2025-01-17 20:00,0.564972
2025-01-17 20:15,0.150453
2025-01-17 20:30,0.007029
2025-01-17 20:45,0.006305
2025-01-17 21:00,0.002581
2025-01-17 21:15,0.003989
2025-01-17 21:30,0.003595
2025-01-17 21:45,0.000144
2025-01-17 22:00,0.000386
2025-01-17 22:15,0.000878
2025-01-17 22:30,0.000334
2025-01-17 22:45,0.005901
2025-01-17 23:00,0.005901
2025-01-17 23:15,0.013069
2025-01-17 23:30,0.003771
2025-01-17 23:45,0.0
2025-01-18 00:00,0.001719
2025-01-18 00:15,0.0
2025-01-18 00:30,0.0
2025-01-18 00:45,0.0
2025-01-18 01:00,0.008092
2025-01-18 01:15,0.00094
2025-01-18 01:30,0.017702
2025-01-18 01:45,0.0
2025-01-18 02:00,0.000152
2025-01-18 02:15,0.0
2025-01-18 02:30,0.003147
2025-01-18 02:45,0.000207
2025-01-18 03:00,0.000341
2025-01-18 03:15,0.001149
2025-01-18 03:30,0.0
2025-01-18 03:45,0.0
2025-01-18 04:00,0.000144
2025-01-18 04:15,0.0
2025-01-18 04:30,0.0
2025-01-18 04:45,0.0
2025-01-18 05:00,0.0
2025-01-18 05:15,0.0
2025-01-18 05:30,0.00144
2025-01-18 05:45,0.0
2025-01-18 06:00,0.000501
2025-01-18 06:15,0.003246
2025-01-18 06:30,0.0
2025-01-18 06:45,0.0
2025-01-18 07:00,0.001364
2025-01-18 07:15,0.000287
2025-01-18 07:30,0.0
2025-01-18 07:45,0.0
2025-01-18 08:00,0.0
2025-01-18 08:15,0.0
2025-01-18 08:30,0.002581
2025-01-18 08:45,0.0
2025-01-18 09:00,0.0
2025-01-18 09:15,0.0
2025-01-18 09:30,0.0
2025-01-18 09:45,0.0
2025-01-18 10:00,0.000119
2025-01-18 10:15,0.0
2025-01-18 10:30,0.0
2025-01-18 10:45,0.0
2025-01-18 11:00,0.0
2025-01-18 11:15,0.002959
2025-01-18 11:30,0.0
2025-01-18 11:45,0.0
2025-01-18 12:00,0.0
2025-01-18 12:15,0.000316
2025-01-18 12:30,0.005589
2025-01-18 12:45,0.0
2025-01-18 13:00,0.0
2025-01-18 13:15,0.002987
2025-01-18 13:30,0.003761
2025-01-18 13:45,0.000525
2025-01-18 14:00,0.000347
2025-01-18 14:15,0.0
2025-01-18 14:30,0.0
2025-01-18 14:45,0.0
2025-01-18 15:00,0.007025
2025-01-18 15:15,0.005995
2025-01-18 15:30,0.0688
2025-01-18 15:45,0.175593
2025-01-18 16:00,0.370705
2025-01-18 16:15,0.2313
2025-01-18 16:30,0.289778
2025-01-18 16:45,0.357755
2025-01-18 17:00,0.219922
2025-01-18 17:15,0.002959
2025-01-18 17:30,0.000119
2025-01-18 17:45,0.0
2025-01-18 18:00,0.002581
2025-01-18 18:15,0.008006
2025-01-18 18:30,0.008311
2025-01-18 18:45,0.247837
2025-01-18 19:00,0.152681
2025-01-18 19:15,0.164452
2025-01-18 19:30,0.294817
2025-01-18 19:45,0.371353
2025-01-18 20:00,0.4494
2025-01-18 20:15,0.088209
2025-01-18 20:30,0.000872
2025-01-18 20:45,0.007956
2025-01-18 21:00,0.00295
2025-01-18 21:15,0.00295
2025-01-18 21:30,0.011801
2025-01-18 21:45,0.0
2025-01-18 22:00,0.00295
2025-01-18 22:15,0.007677
2025-01-18 22:30,0.00064
2025-01-18 22:45,0.0
2025-01-18 23:00,0.000263
2025-01-18 23:15,0.000203
2025-01-18 23:30,0.0
2025-01-18 23:45,0.002959
2025-01-19 00:00,0.006073
2025-01-19 00:15,0.0
2025-01-19 00:30,0.002959
2025-01-19 00:45,0.000574
2025-01-19 01:00,0.000468
2025-01-19 01:15,0.005511
2025-01-19 01:30,0.002959
2025-01-19 01:45,0.0
2025-01-19 02:00,0.0
2025-01-19 02:15,0.007528
2025-01-19 02:30,0.0
2025-01-19 02:45,0.000287
2025-01-19 03:00,0.003246
2025-01-19 03:15,0.000119
2025-01-19 03:30,0.0
2025-01-19 03:45,0.0
2025-01-19 04:00,0.000427
2025-01-19 04:15,0.0
2025-01-19 04:30,0.0
2025-01-19 04:45,0.004044
2025-01-19 05:00,0.000915
2025-01-19 05:15,0.0
2025-01-19 05:30,0.0
2025-01-19 05:45,0.0
2025-01-19 06:00,0.003498
2025-01-19 06:15,0.000168
2025-01-19 06:30,0.0
2025-01-19 06:45,0.0
2025-01-19 07:00,0.0
2025-01-19 07:15,0.0
2025-01-19 07:30,0.0
2025-01-19 07:45,0.0
2025-01-19 08:00,0.0
2025-01-19 08:15,0.0
2025-01-19 08:30,0.0
2025-01-19 08:45,0.006529
2025-01-19 09:00,0.0
2025-01-19 09:15,0.0
2025-01-19 09:30,0.0
2025-01-19 09:45,0.000168
2025-01-19 10:00,0.0
2025-01-19 10:15,0.0
2025-01-19 10:30,0.003114
2025-01-19 10:45,0.0
2025-01-19 11:00,0.0
2025-01-19 11:15,0.0
2025-01-19 11:30,0.0
2025-01-19 11:45,0.0
2025-01-19 12:00,0.000671
2025-01-19 12:15,0.0
2025-01-19 12:30,0.0
2025-01-19 12:45,0.0
2025-01-19 13:00,0.0
2025-01-19 13:15,0.000771
2025-01-19 13:30,0.000616
2025-01-19 13:45,0.0
2025-01-19 14:00,0.002589
2025-01-19 14:15,0.0
2025-01-19 14:30,0.0
2025-01-19 14:45,0.000131
2025-01-19 15:00,0.0
2025-01-19 15:15,0.01064
2025-01-19 15:30,0.032208
2025-01-19 15:45,0.156225
2025-01-19 16:00,0.244792
2025-01-19 16:15,0.223221
2025-01-19 16:30,0.373122
2025-01-19 16:45,0.421928
2025-01-19 17:00,0.21416
2025-01-19 17:15,0.002581
2025-01-19 17:30,0.001475
2025-01-19 17:45,0.008619
2025-01-19 18:00,0.007874
2025-01-19 18:15,0.00295
2025-01-19 18:30,0.0
2025-01-19 18:45,0.269261
2025-01-19 19:00,0.184805
2025-01-19 19:15,0.147259
2025-01-19 19:30,0.294341
2025-01-19 19:45,0.264103
2025-01-19 20:00,0.458735
2025-01-19 20:15,0.119417
2025-01-19 20:30,0.0
2025-01-19 20:45,0.0
2025-01-19 21:00,0.01476
2025-01-19 21:15,0.003246
2025-01-19 21:30,0.0
2025-01-19 21:45,0.00611
2025-01-19 22:00,0.005244
2025-01-19 22:15,0.002959
2025-01-19 22:30,0.000616
2025-01-19 22:45,0.000131
2025-01-19 23:00,0.000476
2025-01-19 23:15,0.000544
2025-01-19 23:30,0.003238
2025-01-19 23:45,0.002959
2025-01-20 00:00,0.002959
2025-01-20 00:15,0.0
2025-01-20 00:30,0.003147
2025-01-20 00:45,0.000201
2025-01-20 01:00,0.00403
2025-01-20 01:15,0.005901
2025-01-20 01:30,0.003197
2025-01-20 01:45,0.0
2025-01-20 02:00,0.002959
2025-01-20 02:15,0.000119
2025-01-20 02:30,0.000336
2025-01-20 02:45,0.0
2025-01-20 03:00,0.0
2025-01-20 03:15,0.002409
2025-01-20 03:30,0.003114
2025-01-20 03:45,0.00095
2025-01-20 04:00,0.002581
2025-01-20 04:15,0.0
2025-01-20 04:30,0.000189
2025-01-20 04:45,0.001746
2025-01-20 05:00,0.0
2025-01-20 05:15,0.018108
2025-01-20 05:30,0.005917
2025-01-20 05:45,0.011309
2025-01-20 06:00,0.0
2025-01-20 06:15,0.0
2025-01-20 06:30,0.000215
2025-01-20 06:45,0.0
2025-01-20 07:00,0.0
2025-01-20 07:15,0.006506
2025-01-20 07:30,0.0
2025-01-20 07:45,0.000215
2025-01-20 08:00,0.0
2025-01-20 08:15,0.02071
2025-01-20 08:30,0.0
2025-01-20 08:45,0.002581
2025-01-20 09:00,0.0
2025-01-20 09:15,0.0
2025-01-20 09:30,0.000283
2025-01-20 09:45,0.003254
2025-01-20 10:00,0.000189
2025-01-20 10:15,0.000287
2025-01-20 10:30,0.0
2025-01-20 10:45,0.002856
2025-01-20 11:00,0.002959
2025-01-20 11:15,0.000131
2025-01-20 11:30,0.0
2025-01-20 11:45,0.00295
2025-01-20 12:00,0.003114
2025-01-20 12:15,0.0
2025-01-20 12:30,0.000144
2025-01-20 12:45,0.000737
2025-01-20 13:00,0.00295
2025-01-20 13:15,0.003131
2025-01-20 13:30,0.003119
2025-01-20 13:45,0.007718
2025-01-20 14:00,0.000574
2025-01-20 14:15,0.008359
2025-01-20 14:30,0.005453
2025-01-20 14:45,0.002581
2025-01-20 15:00,0.003045
2025-01-20 15:15,0.006533
2025-01-20 15:30,0.038757
2025-01-20 15:45,0.170299
2025-01-20 16:00,0.339248
2025-01-20 16:15,0.311965
2025-01-20 16:30,0.268276
2025-01-20 16:45,0.396462
2025-01-20 17:00,0.370053
2025-01-20 17:15,0.010476
2025-01-20 17:30,0.001077
2025-01-20 17:45,0.010849
2025-01-20 18:00,0.003644
2025-01-20 18:15,0.0
2025-01-20 18:30,0.003816
2025-01-20 18:45,0.299673
2025-01-20 19:00,0.128194
2025-01-20 19:15,0.183572
2025-01-20 19:30,0.252812
2025-01-20 19:45,0.236298
2025-01-20 20:00,0.484318
2025-01-20 20:15,0.079942
2025-01-20 20:30,0.005125
2025-01-20 20:45,0.032778
2025-01-20 21:00,0.000168
2025-01-20 21:15,0.012296
2025-01-20 21:30,0.006426
2025-01-20 21:45,0.0
2025-01-20 22:00,0.003993
2025-01-20 22:15,0.018274
2025-01-20 22:30,0.011801
2025-01-20 22:45,0.003533
2025-01-20 23:00,0.002959
2025-01-20 23:15,0.003078
2025-01-20 23:30,0.000638
2025-01-20 23:45,0.002959
2025-01-21 00:00,0.003796
2025-01-21 00:15,0.000119
2025-01-21 00:30,0.006036
2025-01-21 00:45,0.004817
2025-01-21 01:00,0.003078
2025-01-21 01:15,0.002645
2025-01-21 01:30,0.000238
2025-01-21 01:45,0.003533
2025-01-21 02:00,0.0
2025-01-21 02:15,0.0
2025-01-21 02:30,0.0093
2025-01-21 02:45,0.0
2025-01-21 03:00,0.000427
2025-01-21 03:15,0.0
2025-01-21 03:30,0.0
2025-01-21 03:45,0.000119
2025-01-21 04:00,0.000316
2025-01-21 04:15,0.011834
2025-01-21 04:30,0.000119
2025-01-21 04:45,0.000152
2025-01-21 05:00,0.000892
2025-01-21 05:15,0.006245
2025-01-21 05:30,0.002959
2025-01-21 05:45,0.011305
2025-01-21 06:00,0.00269
2025-01-21 06:15,0.003114
2025-01-21 06:30,0.0
2025-01-21 06:45,0.000289
2025-01-21 07:00,0.0
2025-01-21 07:15,0.0
2025-01-21 07:30,0.0
2025-01-21 07:45,0.0
2025-01-21 08:00,0.0
2025-01-21 08:15,0.0
2025-01-21 08:30,0.003246
2025-01-21 08:45,0.0
2025-01-21 09:00,0.0
2025-01-21 09:15,0.0
2025-01-21 09:30,0.0
2025-01-21 09:45,0.0
2025-01-21 10:00,0.0
2025-01-21 10:15,0.000119
2025-01-21 10:30,0.0
2025-01-21 10:45,0.0
2025-01-21 11:00,0.000119
2025-01-21 11:15,0.0
2025-01-21 11:30,0.0
2025-01-21 11:45,0.001883
2025-01-21 12:00,0.0
2025-01-21 12:15,0.000819
2025-01-21 12:30,0.0
2025-01-21 12:45,0.000238
2025-01-21 13:00,0.008498
2025-01-21 13:15,0.000119
2025-01-21 13:30,0.002959
2025-01-21 13:45,0.021325
2025-01-21 14:00,0.002556
2025-01-21 14:15,0.006758
2025-01-21 14:30,0.017435
2025-01-21 14:45,0.003078
2025-01-21 15:00,0.01381
2025-01-21 15:15,0.011707
2025-01-21 15:30,0.021647
2025-01-21 15:45,0.226415
2025-01-21 16:00,0.223229
2025-01-21 16:15,0.000419
2025-01-21 16:30,0.001048
2025-01-21 16:45,0.007121
2025-01-21 17:00,0.005515
2025-01-21 17:15,0.013184
2025-01-21 17:30,0.005035
2025-01-21 17:45,0.002959
2025-01-21 18:00,0.002844
2025-01-21 18:15,0.003139
2025-01-21 18:30,0.002712
2025-01-21 18:45,0.0
2025-01-21 19:00,0.013447
2025-01-21 19:15,0.420494
2025-01-21 19:30,0.911038
2025-01-21 19:45,0.346126
2025-01-21 20:00,1.0
2025-01-21 20:15,0.452077
2025-01-21 20:30,0.021929
2025-01-21 20:45,0.007117
2025-01-21 21:00,0.000263
2025-01-21 21:15,0.001428
2025-01-21 21:30,0.006206
2025-01-21 21:45,0.048408
2025-01-21 22:00,0.00295
2025-01-21 22:15,0.003078
2025-01-21 22:30,0.0
2025-01-21 22:45,0.005283
2025-01-21 23:00,0.002581
2025-01-21 23:15,0.00357
2025-01-21 23:30,0.000119
2025-01-21 23:45,0.0
2025-01-22 00:00,0.0027
2025-01-22 00:00,0.002444
2025-01-22 00:15,0.0
2025-01-22 00:30,0.002678
2025-01-22 00:45,0.00026
2025-01-22 01:00,0.000167
2025-01-22 01:15,0.014431
2025-01-22 01:30,0.005356
2025-01-22 01:45,0.0
2025-01-22 02:00,0.002678
2025-01-22 02:15,0.000108
2025-01-22 02:30,0.000735
2025-01-22 02:45,0.000215
2025-01-22 03:00,0.003503
2025-01-22 03:15,0.00253
2025-01-22 03:30,0.002426
2025-01-22 03:45,0.002678
2025-01-22 04:00,0.000516
2025-01-22 04:15,0.0
2025-01-22 04:30,0.000225
2025-01-22 04:45,0.0
2025-01-22 05:00,0.0
2025-01-22 05:15,0.002199
2025-01-22 05:30,0.00013
2025-01-22 05:45,0.002522
2025-01-22 06:00,0.000119
2025-01-22 06:15,0.0
2025-01-22 06:30,0.0
2025-01-22 06:45,0.0
2025-01-22 07:00,0.0
2025-01-22 07:15,0.076412
2025-01-22 07:30,0.0
2025-01-22 07:45,0.0
2025-01-22 08:00,0.0
2025-01-22 08:15,0.002819
2025-01-22 08:30,0.0
2025-01-22 08:45,0.0
2025-01-22 09:00,0.00055
2025-01-22 09:15,0.000108
2025-01-22 09:30,0.0
2025-01-22 09:45,0.000182
2025-01-22 10:00,0.00018
2025-01-22 10:15,0.0
2025-01-22 10:30,0.0
2025-01-22 10:45,0.0
2025-01-22 11:00,0.000128
2025-01-22 11:15,0.0
2025-01-22 11:30,0.0
2025-01-22 11:45,0.000108
2025-01-22 12:00,0.0
2025-01-22 12:15,0.003434
2025-01-22 12:30,0.005457
2025-01-22 12:45,0.005687
2025-01-22 13:00,0.002337
2025-01-22 13:15,0.002337
2025-01-22 13:30,0.0
2025-01-22 13:45,0.005778
2025-01-22 14:00,0.000108
2025-01-22 14:15,0.000583
2025-01-22 14:30,0.0
2025-01-22 14:45,0.000334
2025-01-22 15:00,0.012022
2025-01-22 15:15,0.007808
2025-01-22 15:30,0.083743
2025-01-22 15:45,0.108489
2025-01-22 16:00,0.270741
2025-01-22 16:15,0.339497
2025-01-22 16:30,0.376206
2025-01-22 16:45,0.404226
2025-01-22 17:00,0.236767
2025-01-22 17:15,0.012171
2025-01-22 17:30,0.005836
2025-01-22 17:45,0.005134
2025-01-22 18:00,0.000238
2025-01-22 18:15,0.00078
2025-01-22 18:30,0.005041
2025-01-22 18:45,0.256688
2025-01-22 19:00,0.223479
2025-01-22 19:15,0.130328
2025-01-22 19:30,0.330171
2025-01-22 19:45,0.15211
2025-01-22 20:00,0.285991
2025-01-22 20:15,0.117884
2025-01-22 20:30,0.005356
2025-01-22 20:45,0.005583
2025-01-22 21:00,0.0
2025-01-22 21:15,0.009346
2025-01-22 21:30,0.004469
2025-01-22 21:45,0.002992
2025-01-22 22:00,0.0
2025-01-22 22:15,0.000108
2025-01-22 22:30,0.002337
2025-01-22 22:45,0.002678
2025-01-22 23:00,0.00013
2025-01-22 23:15,0.005724
2025-01-22 23:30,0.004742
2025-01-22 23:45,0.004849
2025-01-23 00:00,0.000186
2025-01-23 00:15,0.0
2025-01-23 00:30,0.005464
2025-01-23 00:45,0.0
2025-01-23 01:00,0.010813
2025-01-23 01:15,0.00052
2025-01-23 01:30,0.000314
2025-01-23 01:45,0.0
2025-01-23 02:00,0.026691
2025-01-23 02:15,0.0
2025-01-23 02:30,0.00231
2025-01-23 02:45,0.0
2025-01-23 03:00,0.00076
2025-01-23 03:15,0.000735
2025-01-23 03:30,0.0
2025-01-23 03:45,0.002678
2025-01-23 04:00,0.002935
2025-01-23 04:15,0.0
2025-01-23 04:30,0.0
2025-01-23 04:45,0.0
2025-01-23 05:00,0.002678
2025-01-23 05:15,0.013614
2025-01-23 05:30,0.00026
2025-01-23 05:45,0.005297
2025-01-23 06:00,0.0
2025-01-23 06:15,0.0
2025-01-23 06:30,0.0
2025-01-23 06:45,0.0
2025-01-23 07:00,0.0
2025-01-23 07:15,0.0
2025-01-23 07:30,0.00052
2025-01-23 07:45,0.000845
2025-01-23 08:00,0.005408
2025-01-23 08:15,0.002359
2025-01-23 08:30,0.002819
2025-01-23 08:45,0.001183
2025-01-23 09:00,0.0
2025-01-23 09:15,0.0
2025-01-23 09:30,0.0
2025-01-23 09:45,0.0
2025-01-23 10:00,0.003958
2025-01-23 10:15,0.00026
2025-01-23 10:30,0.0
2025-01-23 10:45,0.0
2025-01-23 11:00,0.0
2025-01-23 11:15,0.0
2025-01-23 11:30,0.0
2025-01-23 11:45,0.0
2025-01-23 12:00,0.0
2025-01-23 12:15,0.0
2025-01-23 12:30,0.00013
2025-01-23 12:45,0.008035
2025-01-23 13:00,0.0
2025-01-23 13:15,0.0
2025-01-23 13:30,0.012611
2025-01-23 13:45,0.002337
2025-01-23 14:00,0.002671
2025-01-23 14:15,0.000119
2025-01-23 14:30,0.0
2025-01-23 14:45,0.007299
2025-01-23 15:00,0.003588
2025-01-23 15:15,0.016723
2025-01-23 15:30,0.045753
2025-01-23 15:45,0.193253
2025-01-23 16:00,0.340977
2025-01-23 16:15,0.308934
2025-01-23 16:30,0.329937
2025-01-23 16:45,0.345152
2025-01-23 17:00,0.278549
2025-01-23 17:15,0.024175
2025-01-23 17:30,0.003001
2025-01-23 17:45,0.004992
2025-01-23 18:00,0.000271
2025-01-23 18:15,0.002832
2025-01-23 18:30,0.004201
2025-01-23 18:45,0.181292
2025-01-23 19:00,0.137345
2025-01-23 19:15,0.14738
2025-01-23 19:30,0.293912
2025-01-23 19:45,0.216262
2025-01-23 20:00,0.40446
2025-01-23 20:15,0.101948
2025-01-23 20:30,0.001926
2025-01-23 20:45,0.012994
2025-01-23 21:00,0.00331
2025-01-23 21:15,0.00123
2025-01-23 21:30,0.002678
2025-01-23 21:45,0.016177
2025-01-23 22:00,0.011696
2025-01-23 22:15,0.002255
2025-01-23 22:30,0.004472
2025-01-23 22:45,0.002678
2025-01-23 23:00,0.002645
2025-01-23 23:15,0.002808
2025-01-23 23:30,0.000303
2025-01-23 23:45,0.005457
2025-01-24 00:00,0.0
2025-01-24 00:15,0.0
2025-01-24 00:30,0.000108
2025-01-24 00:45,0.007953
2025-01-24 01:00,0.000854
2025-01-24 01:15,0.010683
2025-01-24 01:30,0.002678
2025-01-24 01:45,0.002678
2025-01-24 02:00,0.0
2025-01-24 02:15,0.0
2025-01-24 02:30,0.010683
2025-01-24 02:45,0.0
2025-01-24 03:00,0.0
2025-01-24 03:15,0.0
2025-01-24 03:30,0.0
2025-01-24 03:45,0.0
2025-01-24 04:00,0.006222
2025-01-24 04:15,0.0
2025-01-24 04:30,0.002522
2025-01-24 04:45,0.0
2025-01-24 05:00,0.0
2025-01-24 05:15,0.0
2025-01-24 05:30,0.0
2025-01-24 05:45,0.000145
2025-01-24 06:00,0.000152
2025-01-24 06:15,0.003061
2025-01-24 06:30,0.019056
2025-01-24 06:45,0.0
2025-01-24 07:00,0.00013
2025-01-24 07:15,0.0
2025-01-24 07:30,0.00013
2025-01-24 07:45,0.0
2025-01-24 08:00,0.002819
2025-01-24 08:15,0.0
2025-01-24 08:30,0.005524
2025-01-24 08:45,0.0
2025-01-24 09:00,0.0
2025-01-24 09:15,0.0
2025-01-24 09:30,0.010089
2025-01-24 09:45,0.0
2025-01-24 10:00,0.001166
2025-01-24 10:15,0.000918
2025-01-24 10:30,0.0
2025-01-24 10:45,0.0
2025-01-24 11:00,0.0
2025-01-24 11:15,0.0
2025-01-24 11:30,0.002615
2025-01-24 11:45,0.00052
2025-01-24 12:00,0.004404
2025-01-24 12:15,0.0
2025-01-24 12:30,0.0
2025-01-24 12:45,0.002786
2025-01-24 13:00,0.00013
2025-01-24 13:15,0.0
2025-01-24 13:30,0.0
2025-01-24 13:45,0.002314
2025-01-24 14:00,0.036466
2025-01-24 14:15,0.0
2025-01-24 14:30,0.0
2025-01-24 14:45,0.010154
2025-01-24 15:00,0.000687
2025-01-24 15:15,0.021758
2025-01-24 15:30,0.045673
2025-01-24 15:45,0.185029
2025-01-24 16:00,0.165619
2025-01-24 16:15,1.0
2025-01-24 16:30,0.233739
2025-01-24 16:45,0.262565
2025-01-24 17:00,0.292144
2025-01-24 17:15,0.020286
2025-01-24 17:30,0.002637
2025-01-24 17:45,0.0051
2025-01-24 18:00,0.004781
2025-01-24 18:15,0.002964
2025-01-24 18:30,0.013592
2025-01-24 18:45,0.189108
2025-01-24 19:00,0.109556
2025-01-24 19:15,0.100187
2025-01-24 19:30,0.302623
2025-01-24 19:45,0.150017
2025-01-24 20:00,0.431068
2025-01-24 20:15,0.148537
2025-01-24 20:30,0.005015
2025-01-24 20:45,0.0
2025-01-24 21:00,0.0
2025-01-24 21:15,0.007693
2025-01-24 21:30,0.00026
2025-01-24 21:45,0.003391
2025-01-24 22:00,0.002671
2025-01-24 22:15,0.008027
2025-01-24 22:30,0.000108
2025-01-24 22:45,0.005565
2025-01-24 23:00,0.00253
2025-01-24 23:15,0.0
2025-01-24 23:30,0.0
2025-01-24 23:45,0.002678
2025-01-25 00:00,0.0
2025-01-25 00:15,0.0
2025-01-25 00:30,0.0
2025-01-25 00:45,0.0
2025-01-25 01:00,0.002708
2025-01-25 01:15,0.024409
2025-01-25 01:30,0.000215
2025-01-25 01:45,0.016569
2025-01-25 02:00,0.0
2025-01-25 02:15,0.0
2025-01-25 02:30,0.010683
2025-01-25 02:45,0.00026
2025-01-25 03:00,0.00075
2025-01-25 03:15,0.00253
2025-01-25 03:30,0.0
2025-01-25 03:45,0.0
2025-01-25 04:00,0.000401
2025-01-25 04:15,0.001753
2025-01-25 04:30,0.0
2025-01-25 04:45,0.0
2025-01-25 05:00,0.0
2025-01-25 05:15,0.00253
2025-01-25 05:30,0.0
2025-01-25 05:45,0.012871
2025-01-25 06:00,0.0
2025-01-25 06:15,0.0
2025-01-25 06:30,0.002823
2025-01-25 06:45,0.0
2025-01-25 07:00,0.000171
2025-01-25 07:15,0.0
2025-01-25 07:30,0.0
2025-01-25 07:45,0.0
2025-01-25 08:00,0.002819
2025-01-25 08:15,0.002337
2025-01-25 08:30,0.0
2025-01-25 08:45,0.0
2025-01-25 09:00,0.00018
2025-01-25 09:15,0.0
2025-01-25 09:30,0.0
2025-01-25 09:45,0.0
2025-01-25 10:00,0.0
2025-01-25 10:15,0.002819
2025-01-25 10:30,0.0
2025-01-25 10:45,0.0
2025-01-25 11:00,0.0
2025-01-25 11:15,0.0
2025-01-25 11:30,0.0
2025-01-25 11:45,0.0
2025-01-25 12:00,0.000412
2025-01-25 12:15,0.0
2025-01-25 12:30,0.0
2025-01-25 12:45,0.0
2025-01-25 13:00,0.0
2025-01-25 13:15,0.0
2025-01-25 13:30,0.000108
2025-01-25 13:45,0.0
2025-01-25 14:00,0.002678
2025-01-25 14:15,0.000435
2025-01-25 14:30,0.0
2025-01-25 14:45,0.0
2025-01-25 15:00,0.00253
2025-01-25 15:15,0.002337
2025-01-25 15:30,0.014699
2025-01-25 15:45,0.107033
2025-01-25 16:00,0.175156
2025-01-25 16:15,0.368305
2025-01-25 16:30,0.319984
2025-01-25 16:45,0.341632
2025-01-25 17:00,0.34422
2025-01-25 17:15,0.0
2025-01-25 17:30,0.002823
2025-01-25 17:45,0.0
2025-01-25 18:00,0.003235
2025-01-25 18:15,0.002296
2025-01-25 18:30,0.002938
2025-01-25 18:45,0.148336
2025-01-25 19:00,0.175661
2025-01-25 19:15,0.143856
2025-01-25 19:30,0.370631
2025-01-25 19:45,0.189008
2025-01-25 20:00,0.43179
2025-01-25 20:15,0.124102
2025-01-25 20:30,0.0
2025-01-25 20:45,0.002671
2025-01-25 21:00,0.0
2025-01-25 21:15,0.002678
2025-01-25 21:30,0.0
2025-01-25 21:45,0.0
2025-01-25 22:00,0.004411
2025-01-25 22:15,0.0
2025-01-25 22:30,0.0
2025-01-25 22:45,0.0
2025-01-25 23:00,0.0
2025-01-25 23:15,0.0
2025-01-25 23:30,0.0
2025-01-25 23:45,0.0
2025-01-26 00:00,0.0
2025-01-26 00:15,0.0
2025-01-26 00:30,0.000687
2025-01-26 00:45,0.002678
2025-01-26 01:00,0.0
2025-01-26 01:15,0.0
2025-01-26 01:30,0.000942
2025-01-26 01:45,0.0
2025-01-26 02:00,0.000765
2025-01-26 02:15,0.0
2025-01-26 02:30,0.013298
2025-01-26 02:45,0.0
2025-01-26 03:00,0.0
2025-01-26 03:15,0.000171
2025-01-26 03:30,0.0
2025-01-26 03:45,0.0
2025-01-26 04:00,0.0
2025-01-26 04:15,0.002637
2025-01-26 04:30,0.000557
2025-01-26 04:45,0.0
2025-01-26 05:00,0.0
2025-01-26 05:15,0.000316
2025-01-26 05:30,0.0
2025-01-26 05:45,0.000773
2025-01-26 06:00,0.0
2025-01-26 06:15,0.0
2025-01-26 06:30,0.00013
2025-01-26 06:45,0.0
2025-01-26 07:00,0.000108
2025-01-26 07:15,0.000557
2025-01-26 07:30,0.0
2025-01-26 07:45,0.0
2025-01-26 08:00,0.000208
2025-01-26 08:15,0.0
2025-01-26 08:30,0.0
2025-01-26 08:45,0.000193
2025-01-26 09:00,0.0
2025-01-26 09:15,0.0
2025-01-26 09:30,0.0
2025-01-26 09:45,0.000305
2025-01-26 10:00,0.0
2025-01-26 10:15,0.0
2025-01-26 10:30,0.000108
2025-01-26 10:45,0.0
2025-01-26 11:00,0.0
2025-01-26 11:15,0.0
2025-01-26 11:30,0.0
2025-01-26 11:45,0.0
2025-01-26 12:00,0.0
2025-01-26 12:15,0.0
2025-01-26 12:30,0.0
2025-01-26 12:45,0.005732
2025-01-26 13:00,0.0
2025-01-26 13:15,0.0
2025-01-26 13:30,0.0
2025-01-26 13:45,0.0
2025-01-26 14:00,0.0
2025-01-26 14:15,0.0
2025-01-26 14:30,0.0
2025-01-26 14:45,0.0
2025-01-26 15:00,0.002522
2025-01-26 15:15,0.0
2025-01-26 15:30,0.084381
2025-01-26 15:45,0.092004
2025-01-26 16:00,0.251328
2025-01-26 16:15,0.351259
2025-01-26 16:30,0.191775
2025-01-26 16:45,0.271651
2025-01-26 17:00,0.234527
2025-01-26 17:15,0.0
2025-01-26 17:30,0.002678
2025-01-26 17:45,0.000108
2025-01-26 18:00,0.002786
2025-01-26 18:15,0.000273
2025-01-26 18:30,0.0
2025-01-26 18:45,0.262442
2025-01-26 19:00,0.137181
2025-01-26 19:15,0.127512
2025-01-26 19:30,0.314948
2025-01-26 19:45,0.228773
2025-01-26 20:00,0.462219
2025-01-26 20:15,0.049271
2025-01-26 20:30,0.000108
2025-01-26 20:45,0.002671
2025-01-26 21:00,0.005342
2025-01-26 21:15,0.0
2025-01-26 21:30,0.0
2025-01-26 21:45,0.002678
2025-01-26 22:00,0.0
2025-01-26 22:15,0.00018
2025-01-26 22:30,0.001148
2025-01-26 22:45,0.005356
2025-01-26 23:00,0.0
2025-01-26 23:15,0.000854
2025-01-26 23:30,0.0
2025-01-26 23:45,0.0
2025-01-27 00:00,0.00494
2025-01-27 00:15,0.0
2025-01-27 00:30,0.0
2025-01-27 00:45,0.002853
2025-01-27 01:00,0.0
2025-01-27 01:15,0.0
2025-01-27 01:30,0.002678
2025-01-27 01:45,0.005356
2025-01-27 02:00,0.002786
2025-01-27 02:15,0.00075
2025-01-27 02:30,0.0
2025-01-27 02:45,0.0
2025-01-27 03:00,0.0
2025-01-27 03:15,0.0
2025-01-27 03:30,0.0
2025-01-27 03:45,0.0013
2025-01-27 04:00,0.000579
2025-01-27 04:15,0.0
2025-01-27 04:30,0.0
2025-01-27 04:45,0.000256
2025-01-27 05:00,0.0
2025-01-27 05:15,0.00052
2025-01-27 05:30,0.0
2025-01-27 05:45,0.0
2025-01-27 06:00,0.000282
2025-01-27 06:15,0.000152
2025-01-27 06:30,0.0
2025-01-27 06:45,0.0
2025-01-27 07:00,0.002988
2025-01-27 07:15,0.0
2025-01-27 07:30,0.0
2025-01-27 07:45,0.010683
2025-01-27 08:00,0.000152
2025-01-27 08:15,0.0
2025-01-27 08:30,0.002819
2025-01-27 08:45,0.0
2025-01-27 09:00,0.0
2025-01-27 09:15,0.002786
2025-01-27 09:30,0.0
2025-01-27 09:45,0.0
2025-01-27 10:00,0.0
2025-01-27 10:15,0.0
2025-01-27 10:30,0.0
2025-01-27 10:45,0.0
2025-01-27 11:00,0.0
2025-01-27 11:15,0.0
2025-01-27 11:30,0.0
2025-01-27 11:45,0.00026
2025-01-27 12:00,0.005724
2025-01-27 12:15,0.0
2025-01-27 12:30,0.011172
2025-01-27 12:45,0.0
2025-01-27 13:00,0.010683
2025-01-27 13:15,0.0
2025-01-27 13:30,0.0
2025-01-27 13:45,0.00026
2025-01-27 14:00,0.000137
2025-01-27 14:15,0.024034
2025-01-27 14:30,0.009714
2025-01-27 14:45,0.000108
2025-01-27 15:00,0.003495
2025-01-27 15:15,0.002615
2025-01-27 15:30,0.053695
2025-01-27 15:45,0.13288
2025-01-27 16:00,0.246919
2025-01-27 16:15,0.273085
2025-01-27 16:30,0.28408
2025-01-27 16:45,0.404486
2025-01-27 17:00,0.206507
2025-01-27 17:15,0.005433
2025-01-27 17:30,0.002678
2025-01-27 17:45,0.005412
2025-01-27 18:00,0.000108
2025-01-27 18:15,0.005414
2025-01-27 18:30,0.00323
2025-01-27 18:45,0.25606
2025-01-27 19:00,0.087635
2025-01-27 19:15,0.230996
2025-01-27 19:30,0.249151
2025-01-27 19:45,0.223216
2025-01-27 20:00,0.467423
2025-01-27 20:15,0.159107
2025-01-27 20:30,0.007674
2025-01-27 20:45,0.008009
2025-01-27 21:00,0.00416
2025-01-27 21:15,0.030612
2025-01-27 21:30,0.003046
2025-01-27 21:45,0.007333
2025-01-27 22:00,0.00766
2025-01-27 22:15,0.0
2025-01-27 22:30,0.002615
2025-01-27 22:45,0.003009
2025-01-27 23:00,0.000996
2025-01-27 23:15,0.002678
2025-01-27 23:30,0.001932
2025-01-27 23:45,0.0
2025-01-28 00:00,0.0
2025-01-28 00:15,0.0
2025-01-28 00:30,0.000314
2025-01-28 00:45,0.002678
2025-01-28 01:00,0.0
2025-01-28 01:15,0.000511
2025-01-28 01:30,0.000505
2025-01-28 01:45,0.0
2025-01-28 02:00,0.0
2025-01-28 02:15,0.0
2025-01-28 02:30,0.006824
2025-01-28 02:45,0.002678
2025-01-28 03:00,0.000108
2025-01-28 03:15,0.002678
2025-01-28 03:30,0.002667
2025-01-28 03:45,0.0
2025-01-28 04:00,0.000355
2025-01-28 04:15,0.00015
2025-01-28 04:30,0.0
2025-01-28 04:45,0.0
2025-01-28 05:00,0.0
2025-01-28 05:15,0.002678
2025-01-28 05:30,0.0
2025-01-28 05:45,0.0
2025-01-28 06:00,0.000108
2025-01-28 06:15,0.0
2025-01-28 06:30,0.0
2025-01-28 06:45,0.002678
2025-01-28 07:00,0.005356
2025-01-28 07:15,0.0
2025-01-28 07:30,0.005639
2025-01-28 07:45,0.0
2025-01-28 08:00,0.0
2025-01-28 08:15,0.0
2025-01-28 08:30,0.0
2025-01-28 08:45,0.000215
2025-01-28 09:00,0.0
2025-01-28 09:15,0.0
2025-01-28 09:30,0.0
2025-01-28 09:45,0.000487
2025-01-28 10:00,0.000225
2025-01-28 10:15,0.00052
2025-01-28 10:30,0.00026
2025-01-28 10:45,0.000188
2025-01-28 11:00,0.000108
2025-01-28 11:15,0.0
2025-01-28 11:30,0.0
2025-01-28 11:45,0.00218
2025-01-28 12:00,0.001163
2025-01-28 12:15,0.00013
2025-01-28 12:30,0.000108
2025-01-28 12:45,0.000137
2025-01-28 13:00,0.005299
2025-01-28 13:15,0.005015
2025-01-28 13:30,0.005676
2025-01-28 13:45,0.00266
2025-01-28 14:00,0.00052
2025-01-28 14:15,0.0
2025-01-28 14:30,0.002337
2025-01-28 14:45,0.0
2025-01-28 15:00,0.003035
2025-01-28 15:15,0.005356
2025-01-28 15:30,0.017617
2025-01-28 15:45,0.167013
2025-01-28 16:00,0.280072
2025-01-28 16:15,0.151969
2025-01-28 16:30,0.259285
2025-01-28 16:45,0.385768
2025-01-28 17:00,0.229857
2025-01-28 17:15,0.002929
2025-01-28 17:30,0.0
2025-01-28 17:45,0.000869
2025-01-28 18:00,0.005787
2025-01-28 18:15,0.002545
2025-01-28 18:30,0.005921
2025-01-28 18:45,0.133051
2025-01-28 19:00,0.151642
2025-01-28 19:15,0.131305
2025-01-28 19:30,0.316722
2025-01-28 19:45,0.276019
2025-01-28 20:00,0.484031
2025-01-28 20:15,0.177206
2025-01-28 20:30,0.002897
2025-01-28 20:45,0.000579
2025-01-28 21:00,0.000628
2025-01-28 21:15,0.012015
2025-01-28 21:30,0.000108
2025-01-28 21:45,0.0
2025-01-28 22:00,0.004844
2025-01-28 22:15,0.0
2025-01-28 22:30,0.000557
2025-01-28 22:45,0.002678
2025-01-28 23:00,0.000804
2025-01-28 23:15,0.002678
2025-01-28 23:30,0.000687
2025-01-28 23:45,0.002923
2025-01-29 00:00,0.013536
2025-01-29 00:00,0.025548
2025-01-29 00:15,0.005055
2025-01-29 00:30,0.005055
2025-01-29 00:45,0.0
2025-01-29 01:00,0.009423
2025-01-29 01:15,0.020367
2025-01-29 01:30,0.0
2025-01-29 01:45,0.0
2025-01-29 02:00,0.001073
2025-01-29 02:15,0.000224
2025-01-29 02:30,0.010082
2025-01-29 02:45,0.000224
2025-01-29 03:00,0.005041
2025-01-29 03:15,0.0
2025-01-29 03:30,0.005055
2025-01-29 03:45,0.0
2025-01-29 04:00,0.000498
2025-01-29 04:15,0.005041
2025-01-29 04:30,0.010376
2025-01-29 04:45,0.005041
2025-01-29 05:00,0.000491
2025-01-29 05:15,0.016581
2025-01-29 05:30,0.0
2025-01-29 05:45,0.0
2025-01-29 06:00,0.000245
2025-01-29 06:15,0.00102
2025-01-29 06:30,0.0
2025-01-29 06:45,0.0
2025-01-29 07:00,0.001458
2025-01-29 07:15,0.0
2025-01-29 07:30,0.000989
2025-01-29 07:45,0.000347
2025-01-29 08:00,0.011165
2025-01-29 08:15,0.0
2025-01-29 08:30,0.0
2025-01-29 08:45,0.000245
2025-01-29 09:00,0.010306
2025-01-29 09:15,0.0
2025-01-29 09:30,0.001258
2025-01-29 09:45,0.0
2025-01-29 10:00,0.006457
2025-01-29 10:15,0.0
2025-01-29 10:30,0.0
2025-01-29 10:45,0.0
2025-01-29 11:00,0.005041
2025-01-29 11:15,0.0
2025-01-29 11:30,0.0
2025-01-29 11:45,0.0
2025-01-29 12:00,0.003442
2025-01-29 12:15,0.0
2025-01-29 12:30,0.005483
2025-01-29 12:45,0.001542
2025-01-29 13:00,0.000203
2025-01-29 13:15,0.000203
2025-01-29 13:30,0.00488
2025-01-29 13:45,0.0
2025-01-29 14:00,0.027711
2025-01-29 14:15,0.015151
2025-01-29 14:30,0.009451
2025-01-29 14:45,0.008508
2025-01-29 15:00,0.006583
2025-01-29 15:15,0.000203
2025-01-29 15:30,0.044324
2025-01-29 15:45,0.235439
2025-01-29 16:00,0.426904
2025-01-29 16:15,0.434154
2025-01-29 16:30,0.701809
2025-01-29 16:45,1.0
2025-01-29 17:00,0.43869
2025-01-29 17:15,0.035735
2025-01-29 17:30,0.026705
2025-01-29 17:45,0.001185
2025-01-29 18:00,0.058178
2025-01-29 18:15,0.0
2025-01-29 18:30,0.001287
2025-01-29 18:45,0.465136
2025-01-29 19:00,0.351504
2025-01-29 19:15,0.428597
2025-01-29 19:30,0.604369
2025-01-29 19:45,0.386058
2025-01-29 20:00,0.553612
2025-01-29 20:15,0.212379
2025-01-29 20:30,0.018818
2025-01-29 20:45,0.004368
2025-01-29 21:00,0.025233
2025-01-29 21:15,0.003965
2025-01-29 21:30,0.0
2025-01-29 21:45,0.011824
2025-01-29 22:00,0.000203
2025-01-29 22:15,0.0
2025-01-29 22:30,0.005055
2025-01-29 22:45,0.0
2025-01-29 23:00,0.002016
2025-01-29 23:15,0.0
2025-01-29 23:30,0.0
2025-01-29 23:45,0.001287
2025-01-30 00:00,0.01011
2025-01-30 00:15,0.0
2025-01-30 00:30,0.005055
2025-01-30 00:45,0.0
2025-01-30 01:00,0.009241
2025-01-30 01:15,0.020164
2025-01-30 01:30,0.00034
2025-01-30 01:45,0.0
2025-01-30 02:00,0.151288
2025-01-30 02:15,0.000245
2025-01-30 02:30,0.025219
2025-01-30 02:45,0.000203
2025-01-30 03:00,0.0
2025-01-30 03:15,0.0
2025-01-30 03:30,0.000203
2025-01-30 03:45,0.000659
2025-01-30 04:00,0.005749
2025-01-30 04:15,0.005462
2025-01-30 04:30,0.0
2025-01-30 04:45,0.003909
2025-01-30 05:00,0.003646
2025-01-30 05:15,0.0
2025-01-30 05:30,0.000354
2025-01-30 05:45,0.004936
2025-01-30 06:00,0.0
2025-01-30 06:15,0.0
2025-01-30 06:30,0.0
2025-01-30 06:45,0.0
2025-01-30 07:00,0.0
2025-01-30 07:15,0.0
2025-01-30 07:30,0.005055
2025-01-30 07:45,0.000203
2025-01-30 08:00,0.005321
2025-01-30 08:15,0.005567
2025-01-30 08:30,0.0
2025-01-30 08:45,0.000203
2025-01-30 09:00,0.0
2025-01-30 09:15,0.000245
2025-01-30 09:30,0.005055
2025-01-30 09:45,0.01323
2025-01-30 10:00,0.0
2025-01-30 10:15,0.0
2025-01-30 10:30,0.0
2025-01-30 10:45,0.000242
2025-01-30 11:00,0.0
2025-01-30 11:15,0.000491
2025-01-30 11:30,0.0
2025-01-30 11:45,0.0
2025-01-30 12:00,0.0
2025-01-30 12:15,0.0
2025-01-30 12:30,0.005055
2025-01-30 12:45,0.0
2025-01-30 13:00,0.0
2025-01-30 13:15,0.008778
2025-01-30 13:30,0.002762
2025-01-30 13:45,0.009942
2025-01-30 14:00,0.024942
2025-01-30 14:15,0.193309
2025-01-30 14:30,0.001076
2025-01-30 14:45,0.019533
2025-01-30 15:00,0.0
2025-01-30 15:15,0.004592
2025-01-30 15:30,0.065932
2025-01-30 15:45,0.36365
2025-01-30 16:00,0.461336
2025-01-30 16:15,0.542405
2025-01-30 16:30,0.46536
2025-01-30 16:45,0.796781
2025-01-30 17:00,0.42905
2025-01-30 17:15,0.002121
2025-01-30 17:30,0.010751
2025-01-30 17:45,0.013349
2025-01-30 18:00,0.002307
2025-01-30 18:15,0.018169
2025-01-30 18:30,0.014008
2025-01-30 18:45,0.643511
2025-01-30 19:00,0.255554
2025-01-30 19:15,0.163838
2025-01-30 19:30,0.521119
2025-01-30 19:45,0.571098
2025-01-30 20:00,0.714421
2025-01-30 20:15,0.167698
2025-01-30 20:30,0.015635
2025-01-30 20:45,0.00441
2025-01-30 21:00,0.000491
2025-01-30 21:15,0.005931
2025-01-30 21:30,0.009079
2025-01-30 21:45,0.020367
2025-01-30 22:00,0.00632
2025-01-30 22:15,0.000491
2025-01-30 22:30,0.000203
2025-01-30 22:45,0.001683
2025-01-30 23:00,0.010285
2025-01-30 23:15,0.000245
2025-01-30 23:30,0.000203
2025-01-30 23:45,0.000203
2025-01-31 00:00,0.004775
2025-01-31 00:15,0.0
2025-01-31 00:30,0.004964
2025-01-31 00:45,0.001756
2025-01-31 01:00,0.004368
2025-01-31 01:15,0.000245
2025-01-31 01:30,0.004368
2025-01-31 01:45,0.0
2025-01-31 02:00,0.0
2025-01-31 02:15,0.030274
2025-01-31 02:30,0.011134
2025-01-31 02:45,0.000203
2025-01-31 03:00,0.000203
2025-01-31 03:15,0.0
2025-01-31 03:30,0.0
2025-01-31 03:45,0.0
2025-01-31 04:00,0.000245
2025-01-31 04:15,0.000323
2025-01-31 04:30,0.000203
2025-01-31 04:45,0.003043
2025-01-31 05:00,0.003316
2025-01-31 05:15,0.000491
2025-01-31 05:30,0.000224
2025-01-31 05:45,0.000445
2025-01-31 06:00,0.004683
2025-01-31 06:15,0.0
2025-01-31 06:30,0.0
2025-01-31 06:45,0.000582
2025-01-31 07:00,0.0
2025-01-31 07:15,0.0
2025-01-31 07:30,0.0
2025-01-31 07:45,0.001462
2025-01-31 08:00,0.010208
2025-01-31 08:15,0.005321
2025-01-31 08:30,0.0
2025-01-31 08:45,0.000982
2025-01-31 09:00,0.0
2025-01-31 09:15,0.0
2025-01-31 09:30,0.0
2025-01-31 09:45,0.0
2025-01-31 10:00,0.0
2025-01-31 10:15,0.000224
2025-01-31 10:30,0.0
2025-01-31 10:45,0.0
2025-01-31 11:00,0.0
2025-01-31 11:15,0.000224
2025-01-31 11:30,0.001868
2025-01-31 11:45,0.0
2025-01-31 12:00,0.001276
2025-01-31 12:15,0.0
2025-01-31 12:30,0.004936
2025-01-31 12:45,0.0
2025-01-31 13:00,0.0
2025-01-31 13:15,0.0
2025-01-31 13:30,0.00441
2025-01-31 13:45,0.009055
2025-01-31 14:00,0.0
2025-01-31 14:15,0.005055
2025-01-31 14:30,0.005055
2025-01-31 14:45,0.0
2025-01-31 15:00,0.006107
2025-01-31 15:15,0.000568
2025-01-31 15:30,0.024518
2025-01-31 15:45,0.215275
2025-01-31 16:00,0.333229
2025-01-31 16:15,0.440127
2025-01-31 16:30,0.545363
2025-01-31 16:45,0.584646
2025-01-31 17:00,0.446374
2025-01-31 17:15,0.006229
2025-01-31 17:30,0.0
2025-01-31 17:45,0.002096
2025-01-31 18:00,0.00237
2025-01-31 18:15,0.00788
2025-01-31 18:30,0.005041
2025-01-31 18:45,0.214556
2025-01-31 19:00,0.205677
2025-01-31 19:15,0.235404
2025-01-31 19:30,0.526546
2025-01-31 19:45,0.335585
2025-01-31 20:00,0.828572
2025-01-31 20:15,0.1212
2025-01-31 20:30,0.005041
2025-01-31 20:45,0.010173
2025-01-31 21:00,0.005777
2025-01-31 21:15,0.0
2025-01-31 21:30,0.001371
2025-01-31 21:45,0.005055
2025-01-31 22:00,0.000834
2025-01-31 22:15,0.0
2025-01-31 22:30,0.004571
2025-01-31 22:45,0.01011
2025-01-31 23:00,0.00292
2025-01-31 23:15,0.0
2025-01-31 23:30,0.0
2025-01-31 23:45,0.0
2025-02-01 00:00,0.0
2025-02-01 00:15,0.00441
2025-02-01 00:30,0.0
2025-02-01 00:45,0.0
2025-02-01 01:00,0.004687
2025-02-01 01:15,0.0
2025-02-01 01:30,0.0
2025-02-01 01:45,0.0
2025-02-01 02:00,0.00584
2025-02-01 02:15,0.000883
2025-02-01 02:30,0.0
2025-02-01 02:45,0.003323
2025-02-01 03:00,0.005055
2025-02-01 03:15,0.004732
2025-02-01 03:30,0.0
2025-02-01 03:45,0.000224
2025-02-01 04:00,0.000358
2025-02-01 04:15,0.000491
2025-02-01 04:30,0.000372
2025-02-01 04:45,0.000203
2025-02-01 05:00,0.0
2025-02-01 05:15,0.005041
2025-02-01 05:30,0.0
2025-02-01 05:45,0.019042
2025-02-01 06:00,0.0
2025-02-01 06:15,0.000203
2025-02-01 06:30,0.0
2025-02-01 06:45,0.0
2025-02-01 07:00,0.00488
2025-02-01 07:15,0.0
2025-02-01 07:30,0.0
2025-02-01 07:45,0.000245
2025-02-01 08:00,0.000224
2025-02-01 08:15,0.004761
2025-02-01 08:30,0.0
2025-02-01 08:45,0.001318
2025-02-01 09:00,0.0
2025-02-01 09:15,0.0
2025-02-01 09:30,0.0
2025-02-01 09:45,0.0
2025-02-01 10:00,0.0
2025-02-01 10:15,0.0
2025-02-01 10:30,0.000613
2025-02-01 10:45,0.0
2025-02-01 11:00,0.0
2025-02-01 11:15,0.0
2025-02-01 11:30,0.0
2025-02-01 11:45,0.0
2025-02-01 12:00,0.000491
2025-02-01 12:15,0.000368
2025-02-01 12:30,0.005637
2025-02-01 12:45,0.0
2025-02-01 13:00,0.005321
2025-02-01 13:15,0.006573
2025-02-01 13:30,0.0
2025-02-01 13:45,0.005462
2025-02-01 14:00,0.000203
2025-02-01 14:15,0.0
2025-02-01 14:30,0.0
2025-02-01 14:45,0.001258
2025-02-01 15:00,0.0
2025-02-01 15:15,0.005055
2025-02-01 15:30,0.064761
2025-02-01 15:45,0.221206
2025-02-01 16:00,0.295166
2025-02-01 16:15,0.405072
2025-02-01 16:30,0.390811
2025-02-01 16:45,0.519864
2025-02-01 17:00,0.380884
2025-02-01 17:15,0.006618
2025-02-01 17:30,0.0
2025-02-01 17:45,0.0
2025-02-01 18:00,0.000491
2025-02-01 18:15,0.000407
2025-02-01 18:30,0.0
2025-02-01 18:45,0.339084
2025-02-01 19:00,0.213571
2025-02-01 19:15,0.223303
2025-02-01 19:30,0.510049
2025-02-01 19:45,0.550054
2025-02-01 20:00,0.668422
2025-02-01 20:15,0.135769
2025-02-01 20:30,0.0
2025-02-01 20:45,0.020409
2025-02-01 21:00,0.000543
2025-02-01 21:15,0.0
2025-02-01 21:30,0.0
2025-02-01 21:45,0.0
2025-02-01 22:00,0.0
2025-02-01 22:15,0.0
2025-02-01 22:30,0.000354
2025-02-01 22:45,0.000245
2025-02-01 23:00,0.000203
2025-02-01 23:15,0.000273
2025-02-01 23:30,0.0
2025-02-01 23:45,0.0
2025-02-02 00:00,0.0
2025-02-02 00:15,0.000491
2025-02-02 00:30,0.0
2025-02-02 00:45,0.0
2025-02-02 01:00,0.001465
2025-02-02 01:15,0.030491
2025-02-02 01:30,0.0
2025-02-02 01:45,0.0
2025-02-02 02:00,0.000245
2025-02-02 02:15,0.005279
2025-02-02 02:30,0.003667
2025-02-02 02:45,0.001094
2025-02-02 03:00,0.0
2025-02-02 03:15,0.000203
2025-02-02 03:30,0.0
2025-02-02 03:45,0.000224
2025-02-02 04:00,0.0
2025-02-02 04:15,0.0
2025-02-02 04:30,0.0
2025-02-02 04:45,0.0
2025-02-02 05:00,0.005055
2025-02-02 05:15,0.000203
2025-02-02 05:30,0.000203
2025-02-02 05:45,0.0
2025-02-02 06:00,0.0
2025-02-02 06:15,0.0
2025-02-02 06:30,0.000599
2025-02-02 06:45,0.0
2025-02-02 07:00,0.0
2025-02-02 07:15,0.0
2025-02-02 07:30,0.009917
2025-02-02 07:45,0.0
2025-02-02 08:00,0.000449
2025-02-02 08:15,0.0283
2025-02-02 08:30,0.021517
2025-02-02 08:45,0.005321
2025-02-02 09:00,0.0
2025-02-02 09:15,0.0
2025-02-02 09:30,0.0
2025-02-02 09:45,0.0
2025-02-02 10:00,0.0
2025-02-02 10:15,0.000203
2025-02-02 10:30,0.005546
2025-02-02 10:45,0.011694
2025-02-02 11:00,0.0
2025-02-02 11:15,0.0
2025-02-02 11:30,0.001514
2025-02-02 11:45,0.0
2025-02-02 12:00,0.0
2025-02-02 12:15,0.0
2025-02-02 12:30,0.000245
2025-02-02 12:45,0.00441
2025-02-02 13:00,0.000982
2025-02-02 13:15,0.0
2025-02-02 13:30,0.0
2025-02-02 13:45,0.0
2025-02-02 14:00,0.0
2025-02-02 14:15,0.000414
2025-02-02 14:30,0.005055
2025-02-02 14:45,0.0
2025-02-02 15:00,0.009689
2025-02-02 15:15,0.005055
2025-02-02 15:30,0.1193
2025-02-02 15:45,0.360397
2025-02-02 16:00,0.318625
2025-02-02 16:15,0.462815
2025-02-02 16:30,0.576142
2025-02-02 16:45,0.550485
2025-02-02 17:00,0.389066
2025-02-02 17:15,0.005055
2025-02-02 17:30,0.0
2025-02-02 17:45,0.0
2025-02-02 18:00,0.0
2025-02-02 18:15,0.001276
2025-02-02 18:30,0.001756
2025-02-02 18:45,0.257524
2025-02-02 19:00,0.175974
2025-02-02 19:15,0.201225
2025-02-02 19:30,0.54671
2025-02-02 19:45,0.50458
2025-02-02 20:00,0.583644
2025-02-02 20:15,0.036037
2025-02-02 20:30,0.001287
2025-02-02 20:45,0.0
2025-02-02 21:00,0.0
2025-02-02 21:15,0.000245
2025-02-02 21:30,0.0
2025-02-02 21:45,0.0
2025-02-02 22:00,0.010096
2025-02-02 22:15,0.005258
2025-02-02 22:30,0.004775
2025-02-02 22:45,0.011204
2025-02-02 23:00,0.001181
2025-02-02 23:15,0.0
2025-02-02 23:30,0.0
2025-02-02 23:45,0.000245
2025-02-03 00:00,0.0
2025-02-03 00:15,0.0
2025-02-03 00:30,0.000245
2025-02-03 00:45,0.0
2025-02-03 01:00,0.0
2025-02-03 01:15,0.005055
2025-02-03 01:30,0.000627
2025-02-03 01:45,0.0
2025-02-03 02:00,0.000203
2025-02-03 02:15,0.00088
2025-02-03 02:30,0.010082
2025-02-03 02:45,0.0
2025-02-03 03:00,0.0
2025-02-03 03:15,0.0
2025-02-03 03:30,0.000354
2025-02-03 03:45,0.0
2025-02-03 04:00,0.020367
2025-02-03 04:15,0.0
2025-02-03 04:30,0.0
2025-02-03 04:45,0.00441
2025-02-03 05:00,0.0
2025-02-03 05:15,0.0
2025-02-03 05:30,0.0
2025-02-03 05:45,0.000245
2025-02-03 06:00,0.005055
2025-02-03 06:15,0.0
2025-02-03 06:30,0.000631
2025-02-03 06:45,0.0
2025-02-03 07:00,0.000659
2025-02-03 07:15,0.0
2025-02-03 07:30,0.005851
2025-02-03 07:45,0.004775
2025-02-03 08:00,0.005581
2025-02-03 08:15,0.0
2025-02-03 08:30,0.0
2025-02-03 08:45,0.0
2025-02-03 09:00,0.0
2025-02-03 09:15,0.000831
2025-02-03 09:30,0.0
2025-02-03 09:45,0.0
2025-02-03 10:00,0.000613
2025-02-03 10:15,0.0
2025-02-03 10:30,0.0
2025-02-03 10:45,0.0
2025-02-03 11:00,0.020164
2025-02-03 11:15,0.0
2025-02-03 11:30,0.000203
2025-02-03 11:45,0.00075
2025-02-03 12:00,0.0
2025-02-03 12:15,0.0
2025-02-03 12:30,0.0
2025-02-03 12:45,0.0
2025-02-03 13:00,0.003064
2025-02-03 13:15,0.011656
2025-02-03 13:30,0.0
2025-02-03 13:45,0.010369
2025-02-03 14:00,0.005055
2025-02-03 14:15,0.000491
2025-02-03 14:30,0.03237
2025-02-03 14:45,0.0
2025-02-03 15:00,0.005055
2025-02-03 15:15,0.0
2025-02-03 15:30,0.25432
2025-02-03 15:45,0.282126
2025-02-03 16:00,0.434757
2025-02-03 16:15,0.514515
2025-02-03 16:30,0.390913
2025-02-03 16:45,0.420938
2025-02-03 17:00,0.348538
2025-02-03 17:15,0.000354
2025-02-03 17:30,0.005735
2025-02-03 17:45,0.0
2025-02-03 18:00,0.014744
2025-02-03 18:15,0.0
2025-02-03 18:30,0.005016
2025-02-03 18:45,0.32028
2025-02-03 19:00,0.177678
2025-02-03 19:15,0.324886
2025-02-03 19:30,0.525929
2025-02-03 19:45,0.550324
2025-02-03 20:00,0.861254
2025-02-03 20:15,0.156841
2025-02-03 20:30,0.001378
2025-02-03 20:45,0.005055
2025-02-03 21:00,0.014506
2025-02-03 21:15,0.0
2025-02-03 21:30,0.000407
2025-02-03 21:45,0.020409
2025-02-03 22:00,0.0
2025-02-03 22:15,0.005258
2025-02-03 22:30,0.0
2025-02-03 22:45,0.025205
2025-02-03 23:00,0.0
2025-02-03 23:15,0.0
2025-02-03 23:30,0.005055
2025-02-03 23:45,0.000203
2025-02-04 00:00,0.005321
2025-02-04 00:15,0.006107
2025-02-04 00:30,0.0
2025-02-04 00:45,0.0
2025-02-04 01:00,0.0
2025-02-04 01:15,0.004775
2025-02-04 01:30,0.005041
2025-02-04 01:45,0.0
2025-02-04 02:00,0.0
2025-02-04 02:15,0.0
2025-02-04 02:30,0.02145
2025-02-04 02:45,0.0
2025-02-04 03:00,0.000224
2025-02-04 03:15,0.0
2025-02-04 03:30,0.0
2025-02-04 03:45,0.0
2025-02-04 04:00,0.0
2025-02-04 04:15,0.005041
2025-02-04 04:30,0.0
2025-02-04 04:45,0.0
2025-02-04 05:00,0.00441
2025-02-04 05:15,0.004592
2025-02-04 05:30,0.0
2025-02-04 05:45,0.006282
2025-02-04 06:00,0.0
2025-02-04 06:15,0.000203
2025-02-04 06:30,0.025622
2025-02-04 06:45,0.0053
2025-02-04 07:00,0.01011
2025-02-04 07:15,0.000203
2025-02-04 07:30,0.004557
2025-02-04 07:45,0.035876
2025-02-04 08:00,0.011877
2025-02-04 08:15,0.005546
2025-02-04 08:30,0.0
2025-02-04 08:45,0.0
2025-02-04 09:00,0.000463
2025-02-04 09:15,0.0
2025-02-04 09:30,0.000224
2025-02-04 09:45,0.005917
2025-02-04 10:00,0.0
2025-02-04 10:15,0.003288
2025-02-04 10:30,0.0
2025-02-04 10:45,0.0
2025-02-04 11:00,0.005055
2025-02-04 11:15,0.005321
2025-02-04 11:30,0.011092
2025-02-04 11:45,0.03217
2025-02-04 12:00,0.037257
2025-02-04 12:15,0.0
2025-02-04 12:30,0.005055
2025-02-04 12:45,0.000491
2025-02-04 13:00,0.005525
2025-02-04 13:15,0.008038
2025-02-04 13:30,0.00441
2025-02-04 13:45,0.019631
2025-02-04 14:00,0.019105
2025-02-04 14:15,0.003768
2025-02-04 14:30,0.026228
2025-02-04 14:45,0.001101
2025-02-04 15:00,0.017696
2025-02-04 15:15,0.014369
2025-02-04 15:30,0.054778
2025-02-04 15:45,0.192559
2025-02-04 16:00,0.286311
2025-02-04 16:15,0.365473
2025-02-04 16:30,0.581768
2025-02-04 16:45,0.567406
2025-02-04 17:00,0.38061
2025-02-04 17:15,0.00916
2025-02-04 17:30,0.005265
2025-02-04 17:45,0.002678
2025-02-04 18:00,0.0
2025-02-04 18:15,0.0
2025-02-04 18:30,0.010411
2025-02-04 18:45,0.373501
2025-02-04 19:00,0.179056
2025-02-04 19:15,0.227096
2025-02-04 19:30,0.595892
2025-02-04 19:45,0.359268
2025-02-04 20:00,0.725657
2025-02-04 20:15,0.259154
2025-02-04 20:30,0.009174
2025-02-04 20:45,0.005055
2025-02-04 21:00,0.0
2025-02-04 21:15,0.0
2025-02-04 21:30,0.001756
2025-02-04 21:45,0.001066
2025-02-04 22:00,0.000242
2025-02-04 22:15,0.003222
2025-02-04 22:30,0.001395
2025-02-04 22:45,0.001027
2025-02-04 23:00,0.001669
2025-02-04 23:15,0.0
2025-02-04 23:30,0.0
2025-02-04 23:45,0.010096
2025-02-05 00:00,0.000245
2025-02-05 00:00,0.000253
2025-02-05 00:15,0.0
2025-02-05 00:30,0.0
2025-02-05 00:45,0.0
2025-02-05 01:00,0.000336
2025-02-05 01:15,0.00068
2025-02-05 01:30,0.004059
2025-02-05 01:45,0.0
2025-02-05 02:00,0.0
2025-02-05 02:15,0.000253
2025-02-05 02:30,0.047212
2025-02-05 02:45,0.004757
2025-02-05 03:00,0.0
2025-02-05 03:15,0.0
2025-02-05 03:30,0.0
2025-02-05 03:45,0.0
2025-02-05 04:00,0.0
2025-02-05 04:15,0.0
2025-02-05 04:30,0.000513
2025-02-05 04:45,0.0
2025-02-05 05:00,0.0
2025-02-05 05:15,0.0
2025-02-05 05:30,0.000383
2025-02-05 05:45,0.0
2025-02-05 06:00,0.000867
2025-02-05 06:15,0.000264
2025-02-05 06:30,0.0
2025-02-05 06:45,0.0
2025-02-05 07:00,0.0
2025-02-05 07:15,0.0
2025-02-05 07:30,0.0
2025-02-05 07:45,0.0
2025-02-05 08:00,0.011306
2025-02-05 08:15,0.0
2025-02-05 08:30,0.010981
2025-02-05 08:45,0.0
2025-02-05 09:00,0.00021
2025-02-05 09:15,0.004547
2025-02-05 09:30,0.0
2025-02-05 09:45,0.0
2025-02-05 10:00,0.000914
2025-02-05 10:15,0.0
2025-02-05 10:30,0.0
2025-02-05 10:45,0.0
2025-02-05 11:00,0.000506
2025-02-05 11:15,0.0
2025-02-05 11:30,0.0
2025-02-05 11:45,0.000506
2025-02-05 12:00,0.0
2025-02-05 12:15,0.0
2025-02-05 12:30,0.020718
2025-02-05 12:45,0.002443
2025-02-05 13:00,0.018268
2025-02-05 13:15,0.001843
2025-02-05 13:30,0.003846
2025-02-05 13:45,0.00266
2025-02-05 14:00,0.0
2025-02-05 14:15,0.000737
2025-02-05 14:30,0.039271
2025-02-05 14:45,0.0
2025-02-05 15:00,0.009094
2025-02-05 15:15,0.005787
2025-02-05 15:30,0.083913
2025-02-05 15:45,0.351384
2025-02-05 16:00,0.449763
2025-02-05 16:15,0.620618
2025-02-05 16:30,0.590792
2025-02-05 16:45,0.703628
2025-02-05 17:00,0.394823
2025-02-05 17:15,0.004417
2025-02-05 17:30,0.003716
2025-02-05 17:45,0.000506
2025-02-05 18:00,0.000253
2025-02-05 18:15,0.070648
2025-02-05 18:30,0.0
2025-02-05 18:45,0.374415
2025-02-05 19:00,0.26386
2025-02-05 19:15,0.242101
2025-02-05 19:30,0.734474
2025-02-05 19:45,0.406899
2025-02-05 20:00,0.714504
2025-02-05 20:15,0.202537
2025-02-05 20:30,0.00021
2025-02-05 20:45,0.004222
2025-02-05 21:00,0.006788
2025-02-05 21:15,0.003419
2025-02-05 21:30,0.00021
2025-02-05 21:45,0.0
2025-02-05 22:00,0.0
2025-02-05 22:15,0.0
2025-02-05 22:30,0.000419
2025-02-05 22:45,0.010424
2025-02-05 23:00,0.0
2025-02-05 23:15,0.0
2025-02-05 23:30,0.020848
2025-02-05 23:45,0.000831
2025-02-06 00:00,0.023136
2025-02-06 00:15,0.0
2025-02-06 00:30,0.0
2025-02-06 00:45,0.005089
2025-02-06 01:00,0.0
2025-02-06 01:15,0.022012
2025-02-06 01:30,0.00021
2025-02-06 01:45,0.000492
2025-02-06 02:00,0.167003
2025-02-06 02:15,0.001222
2025-02-06 02:30,0.015593
2025-02-06 02:45,0.003763
2025-02-06 03:00,0.0
2025-02-06 03:15,0.0
2025-02-06 03:30,0.010424
2025-02-06 03:45,0.0
2025-02-06 04:00,0.000484
2025-02-06 04:15,0.0
2025-02-06 04:30,0.0
2025-02-06 04:45,0.0
2025-02-06 05:00,0.0
2025-02-06 05:15,0.0
2025-02-06 05:30,0.0
2025-02-06 05:45,0.035783
2025-02-06 06:00,0.0
2025-02-06 06:15,0.00021
2025-02-06 06:30,0.005198
2025-02-06 06:45,0.000253
2025-02-06 07:00,0.004547
2025-02-06 07:15,0.000781
2025-02-06 07:30,0.0
2025-02-06 07:45,0.0
2025-02-06 08:00,0.000231
2025-02-06 08:15,0.0
2025-02-06 08:30,0.0
2025-02-06 08:45,0.000231
2025-02-06 09:00,0.0
2025-02-06 09:15,0.0
2025-02-06 09:30,0.0
2025-02-06 09:45,0.0
2025-02-06 10:00,0.0
2025-02-06 10:15,0.001236
2025-02-06 10:30,0.0
2025-02-06 10:45,0.0
2025-02-06 11:00,0.0
2025-02-06 11:15,0.008906
2025-02-06 11:30,0.0
2025-02-06 11:45,0.0
2025-02-06 12:00,0.0
2025-02-06 12:15,0.005682
2025-02-06 12:30,0.00021
2025-02-06 12:45,0.003734
2025-02-06 13:00,0.0
2025-02-06 13:15,0.010167
2025-02-06 13:30,0.000604
2025-02-06 13:45,0.009578
2025-02-06 14:00,0.0
2025-02-06 14:15,0.000231
2025-02-06 14:30,0.006492
2025-02-06 14:45,0.001388
2025-02-06 15:00,0.007211
2025-02-06 15:15,0.033463
2025-02-06 15:30,0.072571
2025-02-06 15:45,0.434166
2025-02-06 16:00,0.337757
2025-02-06 16:15,0.454877
2025-02-06 16:30,0.770315
2025-02-06 16:45,0.909729
2025-02-06 17:00,0.414565
2025-02-06 17:15,0.025446
2025-02-06 17:30,0.0
2025-02-06 17:45,0.004945
2025-02-06 18:00,0.005212
2025-02-06 18:15,0.005053
2025-02-06 18:30,0.007099
2025-02-06 18:45,0.606529
2025-02-06 19:00,0.217497
2025-02-06 19:15,0.425032
2025-02-06 19:30,0.444977
2025-02-06 19:45,0.4733
2025-02-06 20:00,0.681255
2025-02-06 20:15,0.149165
2025-02-06 20:30,0.004757
2025-02-06 20:45,0.0
2025-02-06 21:00,0.001977
2025-02-06 21:15,0.0
2025-02-06 21:30,0.00021
2025-02-06 21:45,0.006014
2025-02-06 22:00,0.004966
2025-02-06 22:15,0.0
2025-02-06 22:30,0.005212
2025-02-06 22:45,0.005212
2025-02-06 23:00,0.0
2025-02-06 23:15,0.0
2025-02-06 23:30,0.0
2025-02-06 23:45,0.004757
2025-02-07 00:00,0.0
2025-02-07 00:15,0.000575
2025-02-07 00:30,0.0
2025-02-07 00:45,0.0
2025-02-07 01:00,0.004814
2025-02-07 01:15,0.02079
2025-02-07 01:30,0.022749
2025-02-07 01:45,0.0
2025-02-07 02:00,0.0
2025-02-07 02:15,0.01093
2025-02-07 02:30,0.0
2025-02-07 02:45,0.010135
2025-02-07 03:00,0.0
2025-02-07 03:15,0.0
2025-02-07 03:30,0.005429
2025-02-07 03:45,0.000336
2025-02-07 04:00,0.002234
2025-02-07 04:15,0.0
2025-02-07 04:30,0.0
2025-02-07 04:45,0.000253
2025-02-07 05:00,0.00621
2025-02-07 05:15,0.001511
2025-02-07 05:30,0.0
2025-02-07 05:45,0.0
2025-02-07 06:00,0.002888
2025-02-07 06:15,0.000716
2025-02-07 06:30,0.000231
2025-02-07 06:45,0.0
2025-02-07 07:00,0.005212
2025-02-07 07:15,0.0
2025-02-07 07:30,0.0
2025-02-07 07:45,0.0
2025-02-07 08:00,0.000231
2025-02-07 08:15,0.005487
2025-02-07 08:30,0.0
2025-02-07 08:45,0.003419
2025-02-07 09:00,0.000777
2025-02-07 09:15,0.0
2025-02-07 09:30,0.001012
2025-02-07 09:45,0.0
2025-02-07 10:00,0.000231
2025-02-07 10:15,0.0
2025-02-07 10:30,0.0
2025-02-07 10:45,0.003759
2025-02-07 11:00,0.0
2025-02-07 11:15,0.005284
2025-02-07 11:30,0.0
2025-02-07 11:45,0.0
2025-02-07 12:00,0.00021
2025-02-07 12:15,0.00021
2025-02-07 12:30,0.012286
2025-02-07 12:45,0.004547
2025-02-07 13:00,0.0
2025-02-07 13:15,0.004771
2025-02-07 13:30,0.009788
2025-02-07 13:45,0.004966
2025-02-07 14:00,0.000267
2025-02-07 14:15,0.017161
2025-02-07 14:30,0.010699
2025-02-07 14:45,0.002776
2025-02-07 15:00,0.0
2025-02-07 15:15,0.00021
2025-02-07 15:30,0.099376
2025-02-07 15:45,0.289519
2025-02-07 16:00,0.42415
2025-02-07 16:15,0.355324
2025-02-07 16:30,0.631895
2025-02-07 16:45,0.861414
2025-02-07 17:00,0.608214
2025-02-07 17:15,0.08777
2025-02-07 17:30,0.097421
2025-02-07 17:45,0.015434
2025-02-07 18:00,0.007865
2025-02-07 18:15,0.021412
2025-02-07 18:30,0.015636
2025-02-07 18:45,0.406374
2025-02-07 19:00,0.226215
2025-02-07 19:15,0.449336
2025-02-07 19:30,0.392553
2025-02-07 19:45,0.582565
2025-02-07 20:00,1.0
2025-02-07 20:15,0.203693
2025-02-07 20:30,0.020848
2025-02-07 20:45,0.010767
2025-02-07 21:00,0.069535
2025-02-07 21:15,0.005675
2025-02-07 21:30,0.016099
2025-02-07 21:45,0.019811
2025-02-07 22:00,0.005212
2025-02-07 22:15,0.005718
2025-02-07 22:30,0.026313
2025-02-07 22:45,0.0
2025-02-07 23:00,0.005212
2025-02-07 23:15,0.020393
2025-02-07 23:30,0.010424
2025-02-07 23:45,0.005212
2025-02-08 00:00,0.005465
2025-02-08 00:15,0.005465
2025-02-08 00:30,0.010677
2025-02-08 00:45,0.005212
2025-02-08 01:00,0.000296
2025-02-08 01:15,0.047024
2025-02-08 01:30,0.010424
2025-02-08 01:45,0.0
2025-02-08 02:00,0.0
2025-02-08 02:15,0.0
2025-02-08 02:30,0.0
2025-02-08 02:45,0.010692
2025-02-08 03:00,0.005465
2025-02-08 03:15,0.00673
2025-02-08 03:30,0.02606
2025-02-08 03:45,0.021427
2025-02-08 04:00,0.005212
2025-02-08 04:15,0.013706
2025-02-08 04:30,0.016142
2025-02-08 04:45,0.016569
2025-02-08 05:00,0.0
2025-02-08 05:15,0.026812
2025-02-08 05:30,0.010424
2025-02-08 05:45,0.030289
2025-02-08 06:00,0.00021
2025-02-08 06:15,0.020559
2025-02-08 06:30,0.010424
2025-02-08 06:45,0.0
2025-02-08 07:00,0.005212
2025-02-08 07:15,0.015636
2025-02-08 07:30,0.0
2025-02-08 07:45,0.010908
2025-02-08 08:00,0.005487
2025-02-08 08:15,0.015911
2025-02-08 08:30,0.0
2025-02-08 08:45,0.002227
2025-02-08 09:00,0.0
2025-02-08 09:15,0.0
2025-02-08 09:30,0.000445
2025-02-08 09:45,0.0
2025-02-08 10:00,0.0
2025-02-08 10:15,0.016186
2025-02-08 10:30,0.005212
2025-02-08 10:45,0.0
2025-02-08 11:00,0.005212
2025-02-08 11:15,0.005198
2025-02-08 11:30,0.004789
2025-02-08 11:45,0.0
2025-02-08 12:00,0.000253
2025-02-08 12:15,0.0
2025-02-08 12:30,0.0
2025-02-08 12:45,0.000506
2025-02-08 13:00,0.0
2025-02-08 13:15,0.0
2025-02-08 13:30,0.005212
2025-02-08 13:45,0.032053
2025-02-08 14:00,0.041581
2025-02-08 14:15,0.02627
2025-02-08 14:30,0.0
2025-02-08 14:45,0.000267
2025-02-08 15:00,0.015849
2025-02-08 15:15,0.0
2025-02-08 15:30,0.178793
2025-02-08 15:45,0.285391
2025-02-08 16:00,0.41562
2025-02-08 16:15,0.580585
2025-02-08 16:30,0.813349
2025-02-08 16:45,0.766802
2025-02-08 17:00,0.391815
2025-02-08 17:15,0.000441
2025-02-08 17:30,0.0
2025-02-08 17:45,0.005212
2025-02-08 18:00,0.0
2025-02-08 18:15,0.005212
2025-02-08 18:30,0.0
2025-02-08 18:45,0.315601
2025-02-08 19:00,0.197191
2025-02-08 19:15,0.400074
2025-02-08 19:30,0.488123
2025-02-08 19:45,0.436591
2025-02-08 20:00,0.948291
2025-02-08 20:15,0.161943
2025-02-08 20:30,0.005212
2025-02-08 20:45,0.000506
2025-02-08 21:00,0.005451
2025-02-08 21:15,0.0
2025-02-08 21:30,0.000448
2025-02-08 21:45,0.005718
2025-02-08 22:00,0.0
2025-02-08 22:15,0.008971
2025-02-08 22:30,0.005212
2025-02-08 22:45,0.005212
2025-02-08 23:00,0.009094
2025-02-08 23:15,0.0
2025-02-08 23:30,0.0
2025-02-08 23:45,0.000828
2025-02-09 00:00,0.005422
2025-02-09 00:15,0.000282
2025-02-09 00:30,0.000253
2025-02-09 00:45,0.005212
2025-02-09 01:00,0.001749
2025-02-09 01:15,0.016142
2025-02-09 01:30,0.0
2025-02-09 01:45,0.005465
2025-02-09 02:00,0.020848
2025-02-09 02:15,0.0
2025-02-09 02:30,0.000343
2025-02-09 02:45,0.000253
2025-02-09 03:00,0.000358
2025-02-09 03:15,0.006961
2025-02-09 03:30,0.00021
2025-02-09 03:45,0.000593
2025-02-09 04:00,0.000947
2025-02-09 04:15,0.005212
2025-02-09 04:30,0.005552
2025-02-09 04:45,0.014219
2025-02-09 05:00,0.0
2025-02-09 05:15,0.000506
2025-02-09 05:30,0.005212
2025-02-09 05:45,0.0
2025-02-09 06:00,0.0
2025-02-09 06:15,0.0
2025-02-09 06:30,0.004771
2025-02-09 06:45,0.005212
2025-02-09 07:00,0.001402
2025-02-09 07:15,0.00038
2025-02-09 07:30,0.0
2025-02-09 07:45,0.004504
2025-02-09 08:00,0.0
2025-02-09 08:15,0.000253
2025-02-09 08:30,0.0
2025-02-09 08:45,0.0
2025-02-09 09:00,0.0
2025-02-09 09:15,0.0
2025-02-09 09:30,0.0
2025-02-09 09:45,0.005212
2025-02-09 10:00,0.0
2025-02-09 10:15,0.001327
2025-02-09 10:30,0.0
2025-02-09 10:45,0.0
2025-02-09 11:00,0.005198
2025-02-09 11:15,0.0
2025-02-09 11:30,0.0
2025-02-09 11:45,0.0
2025-02-09 12:00,0.0
2025-02-09 12:15,0.0
2025-02-09 12:30,0.001749
2025-02-09 12:45,0.0
2025-02-09 13:00,0.000267
2025-02-09 13:15,0.0
2025-02-09 13:30,0.0
2025-02-09 13:45,0.0
2025-02-09 14:00,0.0
2025-02-09 14:15,0.0
2025-02-09 14:30,0.0
2025-02-09 14:45,0.001518
2025-02-09 15:00,0.002024
2025-02-09 15:15,0.0
2025-02-09 15:30,0.041957
2025-02-09 15:45,0.48162
2025-02-09 16:00,0.317169
2025-02-09 16:15,0.510442
2025-02-09 16:30,0.490078
2025-02-09 16:45,0.850441
2025-02-09 17:00,0.53304
2025-02-09 17:15,0.030094
2025-02-09 17:30,0.00021
2025-02-09 17:45,0.010424
2025-02-09 18:00,0.0
2025-02-09 18:15,0.0
2025-02-09 18:30,0.00047
2025-02-09 18:45,0.296748
2025-02-09 19:00,0.204969
2025-02-09 19:15,0.132073
2025-02-09 19:30,0.575427
2025-02-09 19:45,0.535418
2025-02-09 20:00,0.83775
2025-02-09 20:15,0.296314
2025-02-09 20:30,0.0
2025-02-09 20:45,0.000249
2025-02-09 21:00,0.002078
2025-02-09 21:15,0.0
2025-02-09 21:30,0.0
2025-02-09 21:45,0.000506
2025-02-09 22:00,0.000325
2025-02-09 22:15,0.0
2025-02-09 22:30,0.001012
2025-02-09 22:45,0.0
2025-02-09 23:00,0.005422
2025-02-09 23:15,0.0
2025-02-09 23:30,0.0
2025-02-09 23:45,0.0
2025-02-10 00:00,0.0
2025-02-10 00:15,0.0
2025-02-10 00:30,0.005212
2025-02-10 00:45,0.002078
2025-02-10 01:00,0.0
2025-02-10 01:15,0.000506
2025-02-10 01:30,0.0
2025-02-10 01:45,0.0
2025-02-10 02:00,0.0
2025-02-10 02:15,0.005212
2025-02-10 02:30,0.042239
2025-02-10 02:45,0.0
2025-02-10 03:00,0.0
2025-02-10 03:15,0.005198
2025-02-10 03:30,0.0
2025-02-10 03:45,0.0
2025-02-10 04:00,0.002592
2025-02-10 04:15,0.000871
2025-02-10 04:30,0.0
2025-02-10 04:45,0.0
2025-02-10 05:00,0.005198
2025-02-10 05:15,0.000557
2025-02-10 05:30,0.0
2025-02-10 05:45,0.009817
2025-02-10 06:00,0.0
2025-02-10 06:15,0.0
2025-02-10 06:30,0.000506
2025-02-10 06:45,0.0
2025-02-10 07:00,0.0
2025-02-10 07:15,0.0
2025-02-10 07:30,0.00021
2025-02-10 07:45,0.0
2025-02-10 08:00,0.0
2025-02-10 08:15,0.0
2025-02-10 08:30,0.0
2025-02-10 08:45,0.000282
2025-02-10 09:00,0.0
2025-02-10 09:15,0.0
2025-02-10 09:30,0.0
2025-02-10 09:45,0.0
2025-02-10 10:00,0.0
2025-02-10 10:15,0.005819
2025-02-10 10:30,0.000253
2025-02-10 10:45,0.0
2025-02-10 11:00,0.0
2025-02-10 11:15,0.004504
2025-02-10 11:30,0.005487
2025-02-10 11:45,0.0
2025-02-10 12:00,0.0
2025-02-10 12:15,0.0
2025-02-10 12:30,0.004547
2025-02-10 12:45,0.0
2025-02-10 13:00,0.004547
2025-02-10 13:15,0.000361
2025-02-10 13:30,0.001352
2025-02-10 13:45,0.005472
2025-02-10 14:00,0.0
2025-02-10 14:15,0.005899
2025-02-10 14:30,0.004699
2025-02-10 14:45,0.005031
2025-02-10 15:00,0.007334
2025-02-10 15:15,0.012119
2025-02-10 15:30,0.127883
2025-02-10 15:45,0.333608
2025-02-10 16:00,0.602264
2025-02-10 16:15,0.408962
2025-02-10 16:30,0.77535
2025-02-10 16:45,0.833872
2025-02-10 17:00,0.485792
2025-02-10 17:15,0.010648
2025-02-10 17:30,0.026443
2025-02-10 17:45,0.0
2025-02-10 18:00,0.10834
2025-02-10 18:15,0.019417
2025-02-10 18:30,0.001052
2025-02-10 18:45,0.534623
2025-02-10 19:00,0.303116
2025-02-10 19:15,0.22409
2025-02-10 19:30,0.713084
2025-02-10 19:45,0.383278
2025-02-10 20:00,0.851384
2025-02-10 20:15,0.241013
2025-02-10 20:30,0.009701
2025-02-10 20:45,0.010464
2025-02-10 21:00,0.012054
2025-02-10 21:15,0.0
2025-02-10 21:30,0.00021
2025-02-10 21:45,0.000267
2025-02-10 22:00,0.005422
2025-02-10 22:15,0.00639
2025-02-10 22:30,0.021058
2025-02-10 22:45,0.005718
2025-02-10 23:00,0.005653
2025-02-10 23:15,0.001265
2025-02-10 23:30,0.0
2025-02-10 23:45,0.0
2025-02-11 00:00,0.0
2025-02-11 00:15,0.000361
2025-02-11 00:30,0.010254
2025-02-11 00:45,0.0
2025-02-11 01:00,0.01093
2025-02-11 01:15,0.00189
2025-02-11 01:30,0.006936
2025-02-11 01:45,0.0
2025-02-11 02:00,0.0
2025-02-11 02:15,0.0
2025-02-11 02:30,0.000506
2025-02-11 02:45,0.0
2025-02-11 03:00,0.0
2025-02-11 03:15,0.001316
2025-02-11 03:30,0.0
2025-02-11 03:45,0.0
2025-02-11 04:00,0.000253
2025-02-11 04:15,0.0
2025-02-11 04:30,0.0
2025-02-11 04:45,0.0
2025-02-11 05:00,0.004511
2025-02-11 05:15,0.0
2025-02-11 05:30,0.000857
2025-02-11 05:45,0.005718
2025-02-11 06:00,0.005212
2025-02-11 06:15,0.001298
2025-02-11 06:30,0.002801
2025-02-11 06:45,0.0
2025-02-11 07:00,0.00021
2025-02-11 07:15,0.0
2025-02-11 07:30,0.0
2025-02-11 07:45,0.004565
2025-02-11 08:00,0.0
2025-02-11 08:15,0.0
2025-02-11 08:30,0.00613
2025-02-11 08:45,0.0
2025-02-11 09:00,0.0
2025-02-11 09:15,0.0
2025-02-11 09:30,0.001298
2025-02-11 09:45,0.0
2025-02-11 10:00,0.010395
2025-02-11 10:15,0.00021
2025-02-11 10:30,0.0
2025-02-11 10:45,0.0
2025-02-11 11:00,0.0
2025-02-11 11:15,0.0
2025-02-11 11:30,0.0
2025-02-11 11:45,0.0
2025-02-11 12:00,0.002096
2025-02-11 12:15,0.001298
2025-02-11 12:30,0.0
2025-02-11 12:45,0.010211
2025-02-11 13:00,0.0
2025-02-11 13:15,0.021434
2025-02-11 13:30,0.001836
2025-02-11 13:45,0.033748
2025-02-11 14:00,0.004757
2025-02-11 14:15,0.0
2025-02-11 14:30,0.000253
2025-02-11 14:45,0.001992
2025-02-11 15:00,0.018918
2025-02-11 15:15,0.038212
2025-02-11 15:30,0.115229
2025-02-11 15:45,0.35121
2025-02-11 16:00,0.390066
2025-02-11 16:15,0.52438
2025-02-11 16:30,0.621471
2025-02-11 16:45,0.523512
2025-02-11 17:00,0.425228
2025-02-11 17:15,0.161856
2025-02-11 17:30,0.047125
2025-02-11 17:45,0.0
2025-02-11 18:00,0.008487
2025-02-11 18:15,0.02186
2025-02-11 18:30,0.012672
2025-02-11 18:45,0.319201
2025-02-11 19:00,0.30432
2025-02-11 19:15,0.37709
2025-02-11 19:30,0.422462
2025-02-11 19:45,0.568968
2025-02-11 20:00,0.848865
2025-02-11 20:15,0.287466
2025-02-11 20:30,0.004547
2025-02-11 20:45,0.009716
2025-02-11 21:00,0.005198
2025-02-11 21:15,0.002624
2025-02-11 21:30,0.021383
2025-02-11 21:45,0.010771
2025-02-11 22:00,0.005631
2025-02-11 22:15,0.009759
2025-02-11 22:30,0.009094
2025-02-11 22:45,0.000441
2025-02-11 23:00,0.0
2025-02-11 23:15,0.0
2025-02-11 23:30,0.000253
2025-02-11 23:45,0.000463
2025-02-12 00:00,0.002234
2025-02-12 00:00,0.002071
2025-02-12 00:15,0.00986
2025-02-12 00:30,0.000972
2025-02-12 00:45,0.004833
2025-02-12 01:00,0.000546
2025-02-12 01:15,0.0
2025-02-12 01:30,0.000308
2025-02-12 01:45,0.007662
2025-02-12 02:00,0.000308
2025-02-12 02:15,0.004216
2025-02-12 02:30,0.021698
2025-02-12 02:45,0.0013
2025-02-12 03:00,0.004833
2025-02-12 03:15,0.014888
2025-02-12 03:30,0.0
2025-02-12 03:45,0.008228
2025-02-12 04:00,0.0
2025-02-12 04:15,0.0
2025-02-12 04:30,0.000409
2025-02-12 04:45,0.000245
2025-02-12 05:00,0.0
2025-02-12 05:15,0.024701
2025-02-12 05:30,0.000235
2025-02-12 05:45,0.004216
2025-02-12 06:00,0.0
2025-02-12 06:15,0.000975
2025-02-12 06:30,0.009666
2025-02-12 06:45,0.005289
2025-02-12 07:00,0.00187
2025-02-12 07:15,0.0
2025-02-12 07:30,0.0
2025-02-12 07:45,0.0
2025-02-12 08:00,0.008861
2025-02-12 08:15,0.004833
2025-02-12 08:30,0.0
2025-02-12 08:45,0.001401
2025-02-12 09:00,0.0
2025-02-12 09:15,0.0
2025-02-12 09:30,0.000194
2025-02-12 09:45,0.0
2025-02-12 10:00,0.000938
2025-02-12 10:15,0.007025
2025-02-12 10:30,0.0
2025-02-12 10:45,0.0
2025-02-12 11:00,0.000292
2025-02-12 11:15,0.0
2025-02-12 11:30,0.0
2025-02-12 11:45,0.000697
2025-02-12 12:00,0.000194
2025-02-12 12:15,0.0
2025-02-12 12:30,0.004431
2025-02-12 12:45,0.004833
2025-02-12 13:00,0.000214
2025-02-12 13:15,0.015689
2025-02-12 13:30,0.019898
2025-02-12 13:45,0.007799
2025-02-12 14:00,0.009314
2025-02-12 14:15,0.0
2025-02-12 14:30,0.0
2025-02-12 14:45,0.02145
2025-02-12 15:00,0.000305
2025-02-12 15:15,0.008432
2025-02-12 15:30,0.055317
2025-02-12 15:45,0.347762
2025-02-12 16:00,0.505612
2025-02-12 16:15,0.528302
2025-02-12 16:30,0.305948
2025-02-12 16:45,0.54947
2025-02-12 17:00,0.394981
2025-02-12 17:15,0.000395
2025-02-12 17:30,0.005386
2025-02-12 17:45,0.002685
2025-02-12 18:00,0.0
2025-02-12 18:15,0.00622
2025-02-12 18:30,0.000429
2025-02-12 18:45,0.371708
2025-02-12 19:00,0.08405
2025-02-12 19:15,0.294399
2025-02-12 19:30,0.428772
2025-02-12 19:45,0.332046
2025-02-12 20:00,0.697226
2025-02-12 20:15,0.137091
2025-02-12 20:30,0.005054
2025-02-12 20:45,0.000469
2025-02-12 21:00,0.018661
2025-02-12 21:15,0.135804
2025-02-12 21:30,0.095948
2025-02-12 21:45,0.079478
2025-02-12 22:00,0.0
2025-02-12 22:15,0.0
2025-02-12 22:30,0.005416
2025-02-12 22:45,0.0
2025-02-12 23:00,0.004833
2025-02-12 23:15,0.019278
2025-02-12 23:30,0.000824
2025-02-12 23:45,0.002011
2025-02-13 00:00,0.004833
2025-02-13 00:15,0.0
2025-02-13 00:30,0.0
2025-02-13 00:45,0.0
2025-02-13 01:00,0.000194
2025-02-13 01:15,0.019995
2025-02-13 01:30,0.007192
2025-02-13 01:45,0.0
2025-02-13 02:00,0.135864
2025-02-13 02:15,0.0
2025-02-13 02:30,0.019955
2025-02-13 02:45,0.004833
2025-02-13 03:00,0.000587
2025-02-13 03:15,0.0
2025-02-13 03:30,0.004169
2025-02-13 03:45,0.000469
2025-02-13 04:00,0.0
2025-02-13 04:15,0.000771
2025-02-13 04:30,0.004833
2025-02-13 04:45,0.0
2025-02-13 05:00,0.0
2025-02-13 05:15,0.000235
2025-02-13 05:30,0.005269
2025-02-13 05:45,0.00927
2025-02-13 06:00,0.0
2025-02-13 06:15,0.000938
2025-02-13 06:30,0.000449
2025-02-13 06:45,0.0
2025-02-13 07:00,0.000248
2025-02-13 07:15,0.000248
2025-02-13 07:30,0.000194
2025-02-13 07:45,0.0
2025-02-13 08:00,0.0
2025-02-13 08:15,0.005088
2025-02-13 08:30,0.0
2025-02-13 08:45,0.0
2025-02-13 09:00,0.004833
2025-02-13 09:15,0.0
2025-02-13 09:30,0.0
2025-02-13 09:45,0.001401
2025-02-13 10:00,0.005088
2025-02-13 10:15,0.002359
2025-02-13 10:30,0.000389
2025-02-13 10:45,0.0
2025-02-13 11:00,0.000312
2025-02-13 11:15,0.004176
2025-02-13 11:30,0.000194
2025-02-13 11:45,0.022569
2025-02-13 12:00,0.005936
2025-02-13 12:15,0.0
2025-02-13 12:30,0.032899
2025-02-13 12:45,0.0
2025-02-13 13:00,0.005329
2025-02-13 13:15,0.0
2025-02-13 13:30,0.004833
2025-02-13 13:45,0.000194
2025-02-13 14:00,0.00366
2025-02-13 14:15,0.009666
2025-02-13 14:30,0.013694
2025-02-13 14:45,0.017113
2025-02-13 15:00,0.005047
2025-02-13 15:15,0.004216
2025-02-13 15:30,0.1179
2025-02-13 15:45,0.445392
2025-02-13 16:00,0.438511
2025-02-13 16:15,0.388858
2025-02-13 16:30,0.607066
2025-02-13 16:45,0.699327
2025-02-13 17:00,0.545492
2025-02-13 17:15,0.010567
2025-02-13 17:30,0.006411
2025-02-13 17:45,0.039126
2025-02-13 18:00,0.000194
2025-02-13 18:15,0.005161
2025-02-13 18:30,0.000194
2025-02-13 18:45,0.305211
2025-02-13 19:00,0.308086
2025-02-13 19:15,0.279719
2025-02-13 19:30,0.64081
2025-02-13 19:45,0.315634
2025-02-13 20:00,0.991641
2025-02-13 20:15,0.200247
2025-02-13 20:30,0.0
2025-02-13 20:45,0.000214
2025-02-13 21:00,0.000389
2025-02-13 21:15,0.000194
2025-02-13 21:30,0.015172
2025-02-13 21:45,0.009867
2025-02-13 22:00,0.018353
2025-02-13 22:15,0.0
2025-02-13 22:30,0.000469
2025-02-13 22:45,0.003432
2025-02-13 23:00,0.000248
2025-02-13 23:15,0.0
2025-02-13 23:30,0.000318
2025-02-13 23:45,0.004176
2025-02-14 00:00,0.0
2025-02-14 00:15,0.000194
2025-02-14 00:30,0.000915
2025-02-14 00:45,0.0
2025-02-14 01:00,0.000389
2025-02-14 01:15,0.081593
2025-02-14 01:30,0.000261
2025-02-14 01:45,0.00795
2025-02-14 02:00,0.000704
2025-02-14 02:15,0.0
2025-02-14 02:30,0.019278
2025-02-14 02:45,0.009666
2025-02-14 03:00,0.0
2025-02-14 03:15,0.0
2025-02-14 03:30,0.0
2025-02-14 03:45,0.0
2025-02-14 04:00,0.009666
2025-02-14 04:15,0.0
2025-02-14 04:30,0.0
2025-02-14 04:45,0.001622
2025-02-14 05:00,0.000235
2025-02-14 05:15,0.0
2025-02-14 05:30,0.000731
2025-02-14 05:45,0.004551
2025-02-14 06:00,0.000932
2025-02-14 06:15,0.0
2025-02-14 06:30,0.0
2025-02-14 06:45,0.0
2025-02-14 07:00,0.0
2025-02-14 07:15,0.000275
2025-02-14 07:30,0.000308
2025-02-14 07:45,0.0
2025-02-14 08:00,0.005088
2025-02-14 08:15,0.006549
2025-02-14 08:30,0.0
2025-02-14 08:45,0.0
2025-02-14 09:00,0.000369
2025-02-14 09:15,0.0
2025-02-14 09:30,0.0
2025-02-14 09:45,0.0
2025-02-14 10:00,0.000235
2025-02-14 10:15,0.0
2025-02-14 10:30,0.0
2025-02-14 10:45,0.0
2025-02-14 11:00,0.0
2025-02-14 11:15,0.000288
2025-02-14 11:30,0.0
2025-02-14 11:45,0.017059
2025-02-14 12:00,0.0
2025-02-14 12:15,0.0
2025-02-14 12:30,0.000194
2025-02-14 12:45,0.009036
2025-02-14 13:00,0.0
2025-02-14 13:15,0.0
2025-02-14 13:30,0.0
2025-02-14 13:45,0.000737
2025-02-14 14:00,0.0
2025-02-14 14:15,0.0
2025-02-14 14:30,0.000938
2025-02-14 14:45,0.003965
2025-02-14 15:00,0.0
2025-02-14 15:15,0.0
2025-02-14 15:30,0.048885
2025-02-14 15:45,0.28549
2025-02-14 16:00,0.315765
2025-02-14 16:15,0.534127
2025-02-14 16:30,0.650804
2025-02-14 16:45,0.843212
2025-02-14 17:00,0.362401
2025-02-14 17:15,0.020957
2025-02-14 17:30,0.0
2025-02-14 17:45,0.004216
2025-02-14 18:00,0.001589
2025-02-14 18:15,0.00428
2025-02-14 18:30,0.004035
2025-02-14 18:45,0.381354
2025-02-14 19:00,0.238287
2025-02-14 19:15,0.206826
2025-02-14 19:30,0.586562
2025-02-14 19:45,0.386566
2025-02-14 20:00,1.0
2025-02-14 20:15,0.208519
2025-02-14 20:30,0.004411
2025-02-14 20:45,0.016228
2025-02-14 21:00,0.00868
2025-02-14 21:15,0.0
2025-02-14 21:30,0.004176
2025-02-14 21:45,0.004357
2025-02-14 22:00,0.00126
2025-02-14 22:15,0.005463
2025-02-14 22:30,0.034514
2025-02-14 22:45,0.002071
2025-02-14 23:00,0.019278
2025-02-14 23:15,0.0
2025-02-14 23:30,0.0
2025-02-14 23:45,0.000938
2025-02-15 00:00,0.002668
2025-02-15 00:15,0.038556
2025-02-15 00:30,0.000235
2025-02-15 00:45,0.0
2025-02-15 01:00,0.001897
2025-02-15 01:15,0.01477
2025-02-15 01:30,0.000194
2025-02-15 01:45,0.010343
2025-02-15 02:00,0.0
2025-02-15 02:15,0.000938
2025-02-15 02:30,0.049368
2025-02-15 02:45,0.029949
2025-02-15 03:00,0.0
2025-02-15 03:15,0.0
2025-02-15 03:30,0.002648
2025-02-15 03:45,0.000677
2025-02-15 04:00,0.019278
2025-02-15 04:15,0.0
2025-02-15 04:30,0.0
2025-02-15 04:45,0.0
2025-02-15 05:00,0.0
2025-02-15 05:15,0.015477
2025-02-15 05:30,0.0
2025-02-15 05:45,0.0
2025-02-15 06:00,0.000235
2025-02-15 06:15,0.006763
2025-02-15 06:30,0.0
2025-02-15 06:45,0.005909
2025-02-15 07:00,0.009874
2025-02-15 07:15,0.019278
2025-02-15 07:30,0.000194
2025-02-15 07:45,0.000938
2025-02-15 08:00,0.009639
2025-02-15 08:15,0.000664
2025-02-15 08:30,0.006026
2025-02-15 08:45,0.010671
2025-02-15 09:00,0.048195
2025-02-15 09:15,0.0
2025-02-15 09:30,0.0
2025-02-15 09:45,0.000469
2025-02-15 10:00,0.005718
2025-02-15 10:15,0.005088
2025-02-15 10:30,0.019278
2025-02-15 10:45,0.000469
2025-02-15 11:00,0.019278
2025-02-15 11:15,0.0
2025-02-15 11:30,0.0
2025-02-15 11:45,0.00917
2025-02-15 12:00,0.009639
2025-02-15 12:15,0.000235
2025-02-15 12:30,0.0
2025-02-15 12:45,0.009639
2025-02-15 13:00,0.0
2025-02-15 13:15,0.0
2025-02-15 13:30,0.0
2025-02-15 13:45,0.000429
2025-02-15 14:00,0.0
2025-02-15 14:15,0.000469
2025-02-15 14:30,0.000731
2025-02-15 14:45,0.004833
2025-02-15 15:00,0.000235
2025-02-15 15:15,0.0
2025-02-15 15:30,0.113322
2025-02-15 15:45,0.295672
2025-02-15 16:00,0.327974
2025-02-15 16:15,0.377919
2025-02-15 16:30,0.81524
2025-02-15 16:45,0.646128
2025-02-15 17:00,0.5194
2025-02-15 17:15,0.0
2025-02-15 17:30,0.03875
2025-02-15 17:45,0.004833
2025-02-15 18:00,0.011878
2025-02-15 18:15,0.000469
2025-02-15 18:30,0.019278
2025-02-15 18:45,0.401443
2025-02-15 19:00,0.190669
2025-02-15 19:15,0.222843
2025-02-15 19:30,0.458275
2025-02-15 19:45,0.353821
2025-02-15 20:00,0.620221
2025-02-15 20:15,0.219572
2025-02-15 20:30,0.000704
2025-02-15 20:45,0.009639
2025-02-15 21:00,0.008634
2025-02-15 21:15,0.019928
2025-02-15 21:30,0.002051
2025-02-15 21:45,0.0
2025-02-15 22:00,0.009639
2025-02-15 22:15,0.0
2025-02-15 22:30,0.02952
2025-02-15 22:45,0.001408
2025-02-15 23:00,0.019747
2025-02-15 23:15,0.0
2025-02-15 23:30,0.0
2025-02-15 23:45,0.020216
2025-02-16 00:00,0.039494
2025-02-16 00:15,0.0
2025-02-16 00:30,0.004833
2025-02-16 00:45,0.019278
2025-02-16 01:00,0.0
2025-02-16 01:15,0.04054
2025-02-16 01:30,0.0
2025-02-16 01:45,0.014472
2025-02-16 02:00,0.0
2025-02-16 02:15,0.009639
2025-02-16 02:30,0.004833
2025-02-16 02:45,0.029178
2025-02-16 03:00,0.000469
2025-02-16 03:15,0.0
2025-02-16 03:30,0.002829
2025-02-16 03:45,0.000469
2025-02-16 04:00,0.010577
2025-02-16 04:15,0.0
2025-02-16 04:30,0.000771
2025-02-16 04:45,0.001515
2025-02-16 05:00,0.01405
2025-02-16 05:15,0.00191
2025-02-16 05:30,0.0
2025-02-16 05:45,0.023829
2025-02-16 06:00,0.0
2025-02-16 06:15,0.000235
2025-02-16 06:30,0.000704
2025-02-16 06:45,0.020216
2025-02-16 07:00,0.019278
2025-02-16 07:15,0.003626
2025-02-16 07:30,0.0
2025-02-16 07:45,0.029152
2025-02-16 08:00,0.0
2025-02-16 08:15,0.019741
2025-02-16 08:30,0.005088
2025-02-16 08:45,0.0
2025-02-16 09:00,0.019278
2025-02-16 09:15,0.019278
2025-02-16 09:30,0.0
2025-02-16 09:45,0.0
2025-02-16 10:00,0.000972
2025-02-16 10:15,0.009639
2025-02-16 10:30,0.0
2025-02-16 10:45,0.001944
2025-02-16 11:00,0.011409
2025-02-16 11:15,0.0
2025-02-16 11:30,0.000429
2025-02-16 11:45,0.009639
2025-02-16 12:00,0.018635
2025-02-16 12:15,0.012508
2025-02-16 12:30,0.0
2025-02-16 12:45,0.0
2025-02-16 13:00,0.003821
2025-02-16 13:15,0.001622
2025-02-16 13:30,0.01529
2025-02-16 13:45,0.010108
2025-02-16 14:00,0.000938
2025-02-16 14:15,0.0
2025-02-16 14:30,0.001408
2025-02-16 14:45,0.0
2025-02-16 15:00,0.0
2025-02-16 15:15,0.019305
2025-02-16 15:30,0.129208
2025-02-16 15:45,0.247725
2025-02-16 16:00,0.334195
2025-02-16 16:15,0.29583
2025-02-16 16:30,0.533155
2025-02-16 16:45,0.592571
2025-02-16 17:00,0.474148
2025-02-16 17:15,0.011027
2025-02-16 17:30,0.005758
2025-02-16 17:45,0.001515
2025-02-16 18:00,0.019278
2025-02-16 18:15,0.0
2025-02-16 18:30,0.009639
2025-02-16 18:45,0.460092
2025-02-16 19:00,0.173298
2025-02-16 19:15,0.36031
2025-02-16 19:30,0.61321
2025-02-16 19:45,0.523409
2025-02-16 20:00,0.621857
2025-02-16 20:15,0.118973
2025-02-16 20:30,0.033944
2025-02-16 20:45,0.029152
2025-02-16 21:00,0.0
2025-02-16 21:15,0.000523
2025-02-16 21:30,0.01287
2025-02-16 21:45,0.0
2025-02-16 22:00,0.000479
2025-02-16 22:15,0.023447
2025-02-16 22:30,0.00482
2025-02-16 22:45,0.009666
2025-02-16 23:00,0.000469
2025-02-16 23:15,0.009639
2025-02-16 23:30,0.010108
2025-02-16 23:45,0.0
2025-02-17 00:00,0.0
2025-02-17 00:15,0.020324
2025-02-17 00:30,0.0
2025-02-17 00:45,0.0
2025-02-17 01:00,0.0
2025-02-17 01:15,0.052981
2025-02-17 01:30,0.0
2025-02-17 01:45,0.003492
2025-02-17 02:00,0.009874
2025-02-17 02:15,0.019278
2025-02-17 02:30,0.038556
2025-02-17 02:45,0.0
2025-02-17 03:00,0.006241
2025-02-17 03:15,0.0
2025-02-17 03:30,0.0
2025-02-17 03:45,0.000235
2025-02-17 04:00,0.005225
2025-02-17 04:15,0.022824
2025-02-17 04:30,0.013601
2025-02-17 04:45,0.0
2025-02-17 05:00,0.009639
2025-02-17 05:15,0.005289
2025-02-17 05:30,0.001877
2025-02-17 05:45,0.018206
2025-02-17 06:00,0.0
2025-02-17 06:15,0.0
2025-02-17 06:30,0.00482
2025-02-17 06:45,0.0
2025-02-17 07:00,0.0
2025-02-17 07:15,0.0
2025-02-17 07:30,0.0
2025-02-17 07:45,0.0
2025-02-17 08:00,0.005088
2025-02-17 08:15,0.0
2025-02-17 08:30,0.014499
2025-02-17 08:45,0.0
2025-02-17 09:00,0.007025
2025-02-17 09:15,0.0
2025-02-17 09:30,0.000617
2025-02-17 09:45,0.0
2025-02-17 10:00,0.0
2025-02-17 10:15,0.0
2025-02-17 10:30,0.0
2025-02-17 10:45,0.0
2025-02-17 11:00,0.0
2025-02-17 11:15,0.0
2025-02-17 11:30,0.0
2025-02-17 11:45,0.0
2025-02-17 12:00,0.0
2025-02-17 12:15,0.0
2025-02-17 12:30,0.0
2025-02-17 12:45,0.0
2025-02-17 13:00,0.09202
2025-02-17 13:15,0.000235
2025-02-17 13:30,0.0
2025-02-17 13:45,0.004176
2025-02-17 14:00,0.004876
2025-02-17 14:15,0.0
2025-02-17 14:30,0.000305
2025-02-17 14:45,0.000194
2025-02-17 15:00,0.004833
2025-02-17 15:15,0.004833
2025-02-17 15:30,0.139115
2025-02-17 15:45,0.252665
2025-02-17 16:00,0.345932
2025-02-17 16:15,0.274715
2025-02-17 16:30,0.590533
2025-02-17 16:45,0.483908
2025-02-17 17:00,0.38483
2025-02-17 17:15,0.000235
2025-02-17 17:30,0.0
2025-02-17 17:45,0.004216
2025-02-17 18:00,0.0
2025-02-17 18:15,0.018996
2025-02-17 18:30,0.005812
2025-02-17 18:45,0.56482
2025-02-17 19:00,0.155022
2025-02-17 19:15,0.238971
2025-02-17 19:30,0.790787
2025-02-17 19:45,0.329395
2025-02-17 20:00,0.805702
2025-02-17 20:15,0.180594
2025-02-17 20:30,0.007273
2025-02-17 20:45,0.008352
2025-02-17 21:00,0.008627
2025-02-17 21:15,0.016262
2025-02-17 21:30,0.004216
2025-02-17 21:45,0.000194
2025-02-17 22:00,0.0
2025-02-17 22:15,0.0099
2025-02-17 22:30,0.006834
2025-02-17 22:45,0.00126
2025-02-17 23:00,0.0
2025-02-17 23:15,0.000938
2025-02-17 23:30,0.000992
2025-02-17 23:45,0.0
2025-02-18 00:00,0.001016
2025-02-18 00:15,0.000821
2025-02-18 00:30,0.001166
2025-02-18 00:45,0.000938
2025-02-18 01:00,0.0
2025-02-18 01:15,0.019513
2025-02-18 01:30,0.000781
2025-02-18 01:45,0.0
2025-02-18 02:00,0.0
2025-02-18 02:15,0.005373
2025-02-18 02:30,0.000235
2025-02-18 02:45,0.000235
2025-02-18 03:00,0.0
2025-02-18 03:15,0.022737
2025-02-18 03:30,0.004551
2025-02-18 03:45,0.0
2025-02-18 04:00,0.0
2025-02-18 04:15,0.000235
2025-02-18 04:30,0.002996
2025-02-18 04:45,0.0
2025-02-18 05:00,0.0
2025-02-18 05:15,0.0
2025-02-18 05:30,0.0
2025-02-18 05:45,0.0184
2025-02-18 06:00,0.0
2025-02-18 06:15,0.00482
2025-02-18 06:30,0.004833
2025-02-18 06:45,0.0
2025-02-18 07:00,0.028997
2025-02-18 07:15,0.00247
2025-02-18 07:30,0.0
2025-02-18 07:45,0.001036
2025-02-18 08:00,0.004551
2025-02-18 08:15,0.000194
2025-02-18 08:30,0.005698
2025-02-18 08:45,0.0
2025-02-18 09:00,0.001394
2025-02-18 09:15,0.0
2025-02-18 09:30,0.0
2025-02-18 09:45,0.0
2025-02-18 10:00,0.0
2025-02-18 10:15,0.005088
2025-02-18 10:30,0.0
2025-02-18 10:45,0.0
2025-02-18 11:00,0.0
2025-02-18 11:15,0.0
2025-02-18 11:30,0.004833
2025-02-18 11:45,0.0
2025-02-18 12:00,0.004833
2025-02-18 12:15,0.000308
2025-02-18 12:30,0.0
2025-02-18 12:45,0.0
2025-02-18 13:00,0.002065
2025-02-18 13:15,0.004605
2025-02-18 13:30,0.004665
2025-02-18 13:45,0.030281
2025-02-18 14:00,0.0
2025-02-18 14:15,0.003583
2025-02-18 14:30,0.009357
2025-02-18 14:45,0.025257
2025-02-18 15:00,0.016825
2025-02-18 15:15,0.00124
2025-02-18 15:30,0.109394
2025-02-18 15:45,0.34801
2025-02-18 16:00,0.389616
2025-02-18 16:15,0.579286
2025-02-18 16:30,0.612352
2025-02-18 16:45,0.512342
2025-02-18 17:00,0.343753
2025-02-18 17:15,0.000469
2025-02-18 17:30,0.0
2025-02-18 17:45,0.004833
2025-02-18 18:00,0.004685
2025-02-18 18:15,0.014244
2025-02-18 18:30,0.0
2025-02-18 18:45,0.303816
2025-02-18 19:00,0.180383
2025-02-18 19:15,0.385212
2025-02-18 19:30,0.432683
2025-02-18 19:45,0.453519
2025-02-18 20:00,0.586471
2025-02-18 20:15,0.144431
2025-02-18 20:30,0.032041
2025-02-18 20:45,0.023722
2025-02-18 21:00,0.009089
2025-02-18 21:15,0.004176
2025-02-18 21:30,0.005014
2025-02-18 21:45,0.000623
2025-02-18 22:00,0.000214
2025-02-18 22:15,0.005657
2025-02-18 22:30,0.021537
2025-02-18 22:45,0.005027
2025-02-18 23:00,0.000194
2025-02-18 23:15,0.005389
2025-02-18 23:30,0.0
2025-02-18 23:45,0.004303
2025-02-19 00:00,0.000235
2025-02-19 00:00,0.000281
2025-02-19 00:15,0.000561
2025-02-19 00:30,0.000281
2025-02-19 00:45,0.0
2025-02-19 01:00,0.0
2025-02-19 01:15,0.02329
2025-02-19 01:30,0.0
2025-02-19 01:45,0.006037
2025-02-19 02:00,0.0
2025-02-19 02:15,0.000361
2025-02-19 02:30,0.040422
2025-02-19 02:45,0.0
2025-02-19 03:00,0.000329
2025-02-19 03:15,0.0
2025-02-19 03:30,0.000561
2025-02-19 03:45,0.00081
2025-02-19 04:00,0.0
2025-02-19 04:15,0.0
2025-02-19 04:30,0.000533
2025-02-19 04:45,0.00186
2025-02-19 05:00,0.0
2025-02-19 05:15,0.005764
2025-02-19 05:30,0.0
2025-02-19 05:45,0.021774
2025-02-19 06:00,0.0
2025-02-19 06:15,0.0
2025-02-19 06:30,0.0
2025-02-19 06:45,0.0
2025-02-19 07:00,0.0
2025-02-19 07:15,0.014751
2025-02-19 07:30,0.012402
2025-02-19 07:45,0.0
2025-02-19 08:00,0.0
2025-02-19 08:15,0.0
2025-02-19 08:30,0.0
2025-02-19 08:45,0.0
2025-02-19 09:00,0.0
2025-02-19 09:15,0.0
2025-02-19 09:30,0.0
2025-02-19 09:45,0.0
2025-02-19 10:00,0.0
2025-02-19 10:15,0.000994
2025-02-19 10:30,0.0
2025-02-19 10:45,0.001122
2025-02-19 11:00,0.006983
2025-02-19 11:15,0.0
2025-02-19 11:30,0.0
2025-02-19 11:45,0.130899
2025-02-19 12:00,0.126397
2025-02-19 12:15,0.068474
2025-02-19 12:30,0.033792
2025-02-19 12:45,0.01987
2025-02-19 13:00,0.017189
2025-02-19 13:15,0.044206
2025-02-19 13:30,0.034682
2025-02-19 13:45,0.01108
2025-02-19 14:00,0.08466
2025-02-19 14:15,0.073372
2025-02-19 14:30,0.004955
2025-02-19 14:45,0.006546
2025-02-19 15:00,0.000257
2025-02-19 15:15,0.001134
2025-02-19 15:30,0.109216
2025-02-19 15:45,0.37859
2025-02-19 16:00,0.429927
2025-02-19 16:15,0.560028
2025-02-19 16:30,0.841358
2025-02-19 16:45,0.809739
2025-02-19 17:00,0.521157
2025-02-19 17:15,0.0
2025-02-19 17:30,0.028733
2025-02-19 17:45,0.113321
2025-02-19 18:00,0.000232
2025-02-19 18:15,0.000786
2025-02-19 18:30,0.0
2025-02-19 18:45,0.569564
2025-02-19 19:00,0.251668
2025-02-19 19:15,0.357721
2025-02-19 19:30,0.486102
2025-02-19 19:45,0.463458
2025-02-19 20:00,0.926524
2025-02-19 20:15,0.128177
2025-02-19 20:30,0.01205
2025-02-19 20:45,0.016162
2025-02-19 21:00,0.0
2025-02-19 21:15,0.014791
2025-02-19 21:30,0.0
2025-02-19 21:45,0.00576
2025-02-19 22:00,0.023121
2025-02-19 22:15,0.001183
2025-02-19 22:30,0.0021
2025-02-19 22:45,0.052632
2025-02-19 23:00,0.0
2025-02-19 23:15,0.00578
2025-02-19 23:30,0.0
2025-02-19 23:45,0.0
2025-02-20 00:00,0.005444
2025-02-20 00:15,0.001904
2025-02-20 00:30,0.0
2025-02-20 00:45,0.000281
2025-02-20 01:00,0.000281
2025-02-20 01:15,0.0
2025-02-20 01:30,0.0
2025-02-20 01:45,0.031218
2025-02-20 02:00,0.15893
2025-02-20 02:15,0.008045
2025-02-20 02:30,0.011529
2025-02-20 02:45,0.0
2025-02-20 03:00,0.0
2025-02-20 03:15,0.0
2025-02-20 03:30,0.000257
2025-02-20 03:45,0.000377
2025-02-20 04:00,0.007368
2025-02-20 04:15,0.000257
2025-02-20 04:30,0.000232
2025-02-20 04:45,0.0
2025-02-20 05:00,0.0
2025-02-20 05:15,0.006061
2025-02-20 05:30,0.0
2025-02-20 05:45,0.022031
2025-02-20 06:00,0.000473
2025-02-20 06:15,0.0
2025-02-20 06:30,0.0
2025-02-20 06:45,0.001002
2025-02-20 07:00,0.003892
2025-02-20 07:15,0.0
2025-02-20 07:30,0.000465
2025-02-20 07:45,0.0
2025-02-20 08:00,0.000232
2025-02-20 08:15,0.0
2025-02-20 08:30,0.000405
2025-02-20 08:45,0.0
2025-02-20 09:00,0.0
2025-02-20 09:15,0.0
2025-02-20 09:30,0.000489
2025-02-20 09:45,0.0
2025-02-20 10:00,0.00174
2025-02-20 10:15,0.0
2025-02-20 10:30,0.000393
2025-02-20 10:45,0.002325
2025-02-20 11:00,0.0
2025-02-20 11:15,0.0
2025-02-20 11:30,0.0
2025-02-20 11:45,0.0
2025-02-20 12:00,0.0
2025-02-20 12:15,0.0
2025-02-20 12:30,0.0
2025-02-20 12:45,0.000257
2025-02-20 13:00,0.009244
2025-02-20 13:15,0.000297
2025-02-20 13:30,0.015164
2025-02-20 13:45,0.005957
2025-02-20 14:00,0.006021
2025-02-20 14:15,0.0
2025-02-20 14:30,0.019353
2025-02-20 14:45,0.0018
2025-02-20 15:00,0.01201
2025-02-20 15:15,0.006325
2025-02-20 15:30,0.104803
2025-02-20 15:45,0.24416
2025-02-20 16:00,0.485481
2025-02-20 16:15,0.545312
2025-02-20 16:30,1.0
2025-02-20 16:45,0.883713
2025-02-20 17:00,0.635873
2025-02-20 17:15,0.010575
2025-02-20 17:30,0.00546
2025-02-20 17:45,0.00578
2025-02-20 18:00,0.000285
2025-02-20 18:15,0.026168
2025-02-20 18:30,0.000878
2025-02-20 18:45,0.441508
2025-02-20 19:00,0.291079
2025-02-20 19:15,0.428544
2025-02-20 19:30,0.836436
2025-02-20 19:45,0.51971
2025-02-20 20:00,0.815295
2025-02-20 20:15,0.220189
2025-02-20 20:30,0.004097
2025-02-20 20:45,0.004329
2025-02-20 21:00,0.006061
2025-02-20 21:15,0.010807
2025-02-20 21:30,0.006903
2025-02-20 21:45,0.018423
2025-02-20 22:00,0.000281
2025-02-20 22:15,0.000297
2025-02-20 22:30,0.03182
2025-02-20 22:45,0.016271
2025-02-20 23:00,0.000734
2025-02-20 23:15,0.0
2025-02-20 23:30,0.0
2025-02-20 23:45,0.011064
2025-02-21 00:00,0.001026
2025-02-21 00:15,0.000257
2025-02-21 00:30,0.0036
2025-02-21 00:45,0.009953
2025-02-21 01:00,0.0
2025-02-21 01:15,0.022985
2025-02-21 01:30,0.0
2025-02-21 01:45,0.0
2025-02-21 02:00,0.005921
2025-02-21 02:15,0.000345
2025-02-21 02:30,0.018399
2025-02-21 02:45,0.002137
2025-02-21 03:00,0.0
2025-02-21 03:15,0.0
2025-02-21 03:30,0.006265
2025-02-21 03:45,0.0
2025-02-21 04:00,0.001251
2025-02-21 04:15,0.001315
2025-02-21 04:30,0.0
2025-02-21 04:45,0.0
2025-02-21 05:00,0.000545
2025-02-21 05:15,0.006887
2025-02-21 05:30,0.00095
2025-02-21 05:45,0.02248
2025-02-21 06:00,0.00578
2025-02-21 06:15,0.0
2025-02-21 06:30,0.0
2025-02-21 06:45,0.0
2025-02-21 07:00,0.0
2025-02-21 07:15,0.001736
2025-02-21 07:30,0.001347
2025-02-21 07:45,0.0
2025-02-21 08:00,0.000232
2025-02-21 08:15,0.0
2025-02-21 08:30,0.009412
2025-02-21 08:45,0.0
2025-02-21 09:00,0.0
2025-02-21 09:15,0.0
2025-02-21 09:30,0.000417
2025-02-21 09:45,0.0
2025-02-21 10:00,0.000281
2025-02-21 10:15,0.0
2025-02-21 10:30,0.005416
2025-02-21 10:45,0.0
2025-02-21 11:00,0.000409
2025-02-21 11:15,0.000281
2025-02-21 11:30,0.005997
2025-02-21 11:45,0.0
2025-02-21 12:00,0.00372
2025-02-21 12:15,0.000281
2025-02-21 12:30,0.017473
2025-02-21 12:45,0.000621
2025-02-21 13:00,0.046563
2025-02-21 13:15,0.0
2025-02-21 13:30,0.000281
2025-02-21 13:45,0.0
2025-02-21 14:00,0.025775
2025-02-21 14:15,0.006313
2025-02-21 14:30,0.065724
2025-02-21 14:45,0.01055
2025-02-21 15:00,0.004361
2025-02-21 15:15,0.014387
2025-02-21 15:30,0.087747
2025-02-21 15:45,0.302504
2025-02-21 16:00,0.569612
2025-02-21 16:15,0.386262
2025-02-21 16:30,0.62764
2025-02-21 16:45,0.50109
2025-02-21 17:00,0.496272
2025-02-21 17:15,0.019874
2025-02-21 17:30,0.009196
2025-02-21 17:45,0.026216
2025-02-21 18:00,0.00542
2025-02-21 18:15,0.025021
2025-02-21 18:30,0.011817
2025-02-21 18:45,0.405651
2025-02-21 19:00,0.282922
2025-02-21 19:15,0.341908
2025-02-21 19:30,0.634647
2025-02-21 19:45,0.388587
2025-02-21 20:00,0.859878
2025-02-21 20:15,0.200988
2025-02-21 20:30,0.015036
2025-02-21 20:45,0.006951
2025-02-21 21:00,0.006021
2025-02-21 21:15,0.001527
2025-02-21 21:30,0.000629
2025-02-21 21:45,0.01108
2025-02-21 22:00,0.000537
2025-02-21 22:15,0.0
2025-02-21 22:30,0.000373
2025-02-21 22:45,0.0
2025-02-21 23:00,0.000232
2025-02-21 23:15,0.00578
2025-02-21 23:30,0.0
2025-02-21 23:45,0.008205
2025-02-22 00:00,0.0
2025-02-22 00:15,0.0
2025-02-22 00:30,0.010823
2025-02-22 00:45,0.008803
2025-02-22 01:00,0.000754
2025-02-22 01:15,0.0
2025-02-22 01:30,0.0
2025-02-22 01:45,0.0
2025-02-22 02:00,0.000281
2025-02-22 02:15,0.02422
2025-02-22 02:30,0.011488
2025-02-22 02:45,0.006061
2025-02-22 03:00,0.0
2025-02-22 03:15,0.000589
2025-02-22 03:30,0.0
2025-02-22 03:45,0.0
2025-02-22 04:00,0.0
2025-02-22 04:15,0.000629
2025-02-22 04:30,0.0
2025-02-22 04:45,0.000754
2025-02-22 05:00,0.000517
2025-02-22 05:15,0.0
2025-02-22 05:30,0.0
2025-02-22 05:45,0.005444
2025-02-22 06:00,0.0
2025-02-22 06:15,0.0
2025-02-22 06:30,0.0
2025-02-22 06:45,0.0
2025-02-22 07:00,0.000277
2025-02-22 07:15,0.0
2025-02-22 07:30,0.0
2025-02-22 07:45,0.0
2025-02-22 08:00,0.006341
2025-02-22 08:15,0.0
2025-02-22 08:30,0.006085
2025-02-22 08:45,0.0
2025-02-22 09:00,0.000281
2025-02-22 09:15,0.0
2025-02-22 09:30,0.0
2025-02-22 09:45,0.0
2025-02-22 10:00,0.0
2025-02-22 10:15,0.0
2025-02-22 10:30,0.000281
2025-02-22 10:45,0.0
2025-02-22 11:00,0.000377
2025-02-22 11:15,0.0
2025-02-22 11:30,0.0
2025-02-22 11:45,0.001467
2025-02-22 12:00,0.0
2025-02-22 12:15,0.0
2025-02-22 12:30,0.0
2025-02-22 12:45,0.01136
2025-02-22 13:00,0.006939
2025-02-22 13:15,0.0
2025-02-22 13:30,0.0
2025-02-22 13:45,0.0
2025-02-22 14:00,0.00095
2025-02-22 14:15,0.000232
2025-02-22 14:30,0.0
2025-02-22 14:45,0.0
2025-02-22 15:00,0.0
2025-02-22 15:15,0.0
2025-02-22 15:30,0.097993
2025-02-22 15:45,0.283211
2025-02-22 16:00,0.549209
2025-02-22 16:15,0.619799
2025-02-22 16:30,0.724991
2025-02-22 16:45,0.980511
2025-02-22 17:00,0.511585
2025-02-22 17:15,0.006494
2025-02-22 17:30,0.0
2025-02-22 17:45,0.00574
2025-02-22 18:00,0.00578
2025-02-22 18:15,0.0
2025-02-22 18:30,0.0
2025-02-22 18:45,0.429915
2025-02-22 19:00,0.361217
2025-02-22 19:15,0.420799
2025-02-22 19:30,0.952266
2025-02-22 19:45,0.772235
2025-02-22 20:00,0.661207
2025-02-22 20:15,0.168575
2025-02-22 20:30,0.0
2025-02-22 20:45,0.006462
2025-02-22 21:00,0.010711
2025-02-22 21:15,0.000232
2025-02-22 21:30,0.000513
2025-02-22 21:45,0.001515
2025-02-22 22:00,0.0
2025-02-22 22:15,0.0
2025-02-22 22:30,0.0
2025-02-22 22:45,0.007151
2025-02-22 23:00,0.000277
2025-02-22 23:15,0.0
2025-02-22 23:30,0.000232
2025-02-22 23:45,0.0
2025-02-23 00:00,0.0
2025-02-23 00:15,0.001676
2025-02-23 00:30,0.0
2025-02-23 00:45,0.0
2025-02-23 01:00,0.000281
2025-02-23 01:15,0.0
2025-02-23 01:30,0.0
2025-02-23 01:45,0.0
2025-02-23 02:00,0.000377
2025-02-23 02:15,0.0
2025-02-23 02:30,0.012214
2025-02-23 02:45,0.005764
2025-02-23 03:00,0.0
2025-02-23 03:15,0.000714
2025-02-23 03:30,0.0
2025-02-23 03:45,0.0
2025-02-23 04:00,0.006702
2025-02-23 04:15,0.001447
2025-02-23 04:30,0.000593
2025-02-23 04:45,0.0
2025-02-23 05:00,0.0
2025-02-23 05:15,0.023418
2025-02-23 05:30,0.001114
2025-02-23 05:45,0.001539
2025-02-23 06:00,0.0
2025-02-23 06:15,0.000281
2025-02-23 06:30,0.006382
2025-02-23 06:45,0.013048
2025-02-23 07:00,0.0
2025-02-23 07:15,0.0
2025-02-23 07:30,0.0
2025-02-23 07:45,0.0
2025-02-23 08:00,0.0
2025-02-23 08:15,0.000232
2025-02-23 08:30,0.0
2025-02-23 08:45,0.0
2025-02-23 09:00,0.000232
2025-02-23 09:15,0.000277
2025-02-23 09:30,0.000369
2025-02-23 09:45,0.0
2025-02-23 10:00,0.0
2025-02-23 10:15,0.000257
2025-02-23 10:30,0.0
2025-02-23 10:45,0.0
2025-02-23 11:00,0.0
2025-02-23 11:15,0.0
2025-02-23 11:30,0.0
2025-02-23 11:45,0.0
2025-02-23 12:00,0.000569
2025-02-23 12:15,0.001203
2025-02-23 12:30,0.006414
2025-02-23 12:45,0.000281
2025-02-23 13:00,0.0
2025-02-23 13:15,0.0
2025-02-23 13:30,0.0
2025-02-23 13:45,0.0
2025-02-23 14:00,0.0
2025-02-23 14:15,0.008851
2025-02-23 14:30,0.011561
2025-02-23 14:45,0.000561
2025-02-23 15:00,0.0
2025-02-23 15:15,0.000232
2025-02-23 15:30,0.172607
2025-02-23 15:45,0.283908
2025-02-23 16:00,0.586769
2025-02-23 16:15,0.513974
2025-02-23 16:30,0.645498
2025-02-23 16:45,0.850089
2025-02-23 17:00,0.512402
2025-02-23 17:15,0.00168
2025-02-23 17:30,0.002353
2025-02-23 17:45,0.004177
2025-02-23 18:00,0.0
2025-02-23 18:15,0.006061
2025-02-23 18:30,0.000281
2025-02-23 18:45,0.537969
2025-02-23 19:00,0.237072
2025-02-23 19:15,0.42666
2025-02-23 19:30,0.629484
2025-02-23 19:45,0.688345
2025-02-23 20:00,0.666073
2025-02-23 20:15,0.21804
2025-02-23 20:30,0.0
2025-02-23 20:45,0.000281
2025-02-23 21:00,0.0
2025-02-23 21:15,0.000281
2025-02-23 21:30,0.008402
2025-02-23 21:45,0.0
2025-02-23 22:00,0.0
2025-02-23 22:15,0.0
2025-02-23 22:30,0.0
2025-02-23 22:45,0.0
2025-02-23 23:00,0.0
2025-02-23 23:15,0.0
2025-02-23 23:30,0.000389
2025-02-23 23:45,0.017854
2025-02-24 00:00,0.004105
2025-02-24 00:15,0.00186
2025-02-24 00:30,0.0
2025-02-24 00:45,0.00578
2025-02-24 01:00,0.008963
2025-02-24 01:15,0.000281
2025-02-24 01:30,0.000405
2025-02-24 01:45,0.001251
2025-02-24 02:00,0.000625
2025-02-24 02:15,0.0
2025-02-24 02:30,0.017293
2025-02-24 02:45,0.000297
2025-02-24 03:00,0.0
2025-02-24 03:15,0.0
2025-02-24 03:30,0.005764
2025-02-24 03:45,0.0
2025-02-24 04:00,0.001475
2025-02-24 04:15,0.004169
2025-02-24 04:30,0.0
2025-02-24 04:45,0.0
2025-02-24 05:00,0.0
2025-02-24 05:15,0.00578
2025-02-24 05:30,0.000465
2025-02-24 05:45,0.005724
2025-02-24 06:00,0.0
2025-02-24 06:15,0.000405
2025-02-24 06:30,0.000373
2025-02-24 06:45,0.011561
2025-02-24 07:00,0.0
2025-02-24 07:15,0.000257
2025-02-24 07:30,0.0
2025-02-24 07:45,0.0
2025-02-24 08:00,0.0
2025-02-24 08:15,0.0
2025-02-24 08:30,0.012575
2025-02-24 08:45,0.0
2025-02-24 09:00,0.00578
2025-02-24 09:15,0.0
2025-02-24 09:30,0.00168
2025-02-24 09:45,0.0
2025-02-24 10:00,0.000513
2025-02-24 10:15,0.006085
2025-02-24 10:30,0.0
2025-02-24 10:45,0.0
2025-02-24 11:00,0.0
2025-02-24 11:15,0.0
2025-02-24 11:30,0.0
2025-02-24 11:45,0.000373
2025-02-24 12:00,0.0
2025-02-24 12:15,0.000946
2025-02-24 12:30,0.000257
2025-02-24 12:45,0.007472
2025-02-24 13:00,0.0
2025-02-24 13:15,0.002594
2025-02-24 13:30,0.037512
2025-02-24 13:45,0.00578
2025-02-24 14:00,0.000926
2025-02-24 14:15,0.006117
2025-02-24 14:30,0.016471
2025-02-24 14:45,0.0
2025-02-24 15:00,0.006514
2025-02-24 15:15,0.008069
2025-02-24 15:30,0.052512
2025-02-24 15:45,0.370468
2025-02-24 16:00,0.461262
2025-02-24 16:15,0.822566
2025-02-24 16:30,0.875271
2025-02-24 16:45,0.856074
2025-02-24 17:00,0.44821
2025-02-24 17:15,0.000257
2025-02-24 17:30,0.000297
2025-02-24 17:45,0.001122
2025-02-24 18:00,0.000397
2025-02-24 18:15,0.0
2025-02-24 18:30,0.000405
2025-02-24 18:45,0.396363
2025-02-24 19:00,0.300576
2025-02-24 19:15,0.374749
2025-02-24 19:30,0.532858
2025-02-24 19:45,0.749571
2025-02-24 20:00,0.903924
2025-02-24 20:15,0.117041
2025-02-24 20:30,0.0
2025-02-24 20:45,0.000934
2025-02-24 21:00,0.015866
2025-02-24 21:15,0.0
2025-02-24 21:30,0.021598
2025-02-24 21:45,0.005744
2025-02-24 22:00,0.000232
2025-02-24 22:15,0.000313
2025-02-24 22:30,0.003912
2025-02-24 22:45,0.0
2025-02-24 23:00,0.000232
2025-02-24 23:15,0.0
2025-02-24 23:30,0.0
2025-02-24 23:45,0.00578
2025-02-25 00:00,0.0
2025-02-25 00:15,0.0
2025-02-25 00:30,0.000545
2025-02-25 00:45,0.0
2025-02-25 01:00,0.0
2025-02-25 01:15,0.005764
2025-02-25 01:30,0.0
2025-02-25 01:45,0.0
2025-02-25 02:00,0.000281
2025-02-25 02:15,0.0
2025-02-25 02:30,0.007183
2025-02-25 02:45,0.000232
2025-02-25 03:00,0.004409
2025-02-25 03:15,0.000232
2025-02-25 03:30,0.010823
2025-02-25 03:45,0.006185
2025-02-25 04:00,0.015754
2025-02-25 04:15,0.000257
2025-02-25 04:30,0.0
2025-02-25 04:45,0.0
2025-02-25 05:00,0.000281
2025-02-25 05:15,0.023446
2025-02-25 05:30,0.0
2025-02-25 05:45,0.005724
2025-02-25 06:00,0.005428
2025-02-25 06:15,0.000281
2025-02-25 06:30,0.006341
2025-02-25 06:45,0.000537
2025-02-25 07:00,0.0
2025-02-25 07:15,0.000377
2025-02-25 07:30,0.0
2025-02-25 07:45,0.000297
2025-02-25 08:00,0.001331
2025-02-25 08:15,0.01217
2025-02-25 08:30,0.003431
2025-02-25 08:45,0.0
2025-02-25 09:00,0.0
2025-02-25 09:15,0.0
2025-02-25 09:30,0.0
2025-02-25 09:45,0.002008
2025-02-25 10:00,0.0
2025-02-25 10:15,0.000465
2025-02-25 10:30,0.002088
2025-02-25 10:45,0.001491
2025-02-25 11:00,0.0
2025-02-25 11:15,0.000232
2025-02-25 11:30,0.000257
2025-02-25 11:45,0.0
2025-02-25 12:00,0.0
2025-02-25 12:15,0.0
2025-02-25 12:30,0.000485
2025-02-25 12:45,0.000465
2025-02-25 13:00,0.025214
2025-02-25 13:15,0.007215
2025-02-25 13:30,0.010775
2025-02-25 13:45,0.000561
2025-02-25 14:00,0.000746
2025-02-25 14:15,0.000858
2025-02-25 14:30,0.000377
2025-02-25 14:45,0.021201
2025-02-25 15:00,0.007885
2025-02-25 15:15,0.001872
2025-02-25 15:30,0.05341
2025-02-25 15:45,0.355813
2025-02-25 16:00,0.468004
2025-02-25 16:15,0.451601
2025-02-25 16:30,0.586805
2025-02-25 16:45,0.819175
2025-02-25 17:00,0.566694
2025-02-25 17:15,0.005993
2025-02-25 17:30,0.020403
2025-02-25 17:45,0.001219
2025-02-25 18:00,0.000329
2025-02-25 18:15,0.01108
2025-02-25 18:30,0.000685
2025-02-25 18:45,0.614937
2025-02-25 19:00,0.301313
2025-02-25 19:15,0.399691
2025-02-25 19:30,0.51872
2025-02-25 19:45,0.342016
2025-02-25 20:00,0.793012
2025-02-25 20:15,0.175101
2025-02-25 20:30,0.006193
2025-02-25 20:45,0.016587
2025-02-25 21:00,0.024576
2025-02-25 21:15,0.000369
2025-02-25 21:30,0.043569
2025-02-25 21:45,0.029094
2025-02-25 22:00,0.008871
2025-02-25 22:15,0.0
2025-02-25 22:30,0.0
2025-02-25 22:45,0.000232
2025-02-25 23:00,0.002525
2025-02-25 23:15,0.002221
2025-02-25 23:30,0.005283
2025-02-25 23:45,0.0
2025-02-26 00:00,0.002121
2025-02-26 00:00,0.002252
2025-02-26 00:15,0.012875
2025-02-26 00:30,0.000937
2025-02-26 00:45,0.000843
2025-02-26 01:00,0.0
2025-02-26 01:15,0.000413
2025-02-26 01:30,0.0
2025-02-26 01:45,0.004053
2025-02-26 02:00,0.000988
2025-02-26 02:15,0.000247
2025-02-26 02:30,0.012245
2025-02-26 02:45,0.007476
2025-02-26 03:00,0.0
2025-02-26 03:15,0.0
2025-02-26 03:30,0.0
2025-02-26 03:45,0.0
2025-02-26 04:00,0.002308
2025-02-26 04:15,0.00642
2025-02-26 04:30,0.006139
2025-02-26 04:45,0.000434
2025-02-26 05:00,0.0
2025-02-26 05:15,0.024788
2025-02-26 05:30,0.001175
2025-02-26 05:45,0.006974
2025-02-26 06:00,0.000494
2025-02-26 06:15,0.000298
2025-02-26 06:30,0.0
2025-02-26 06:45,0.001192
2025-02-26 07:00,0.0
2025-02-26 07:15,0.0
2025-02-26 07:30,0.000272
2025-02-26 07:45,0.000711
2025-02-26 08:00,0.0084
2025-02-26 08:15,0.006463
2025-02-26 08:30,0.012926
2025-02-26 08:45,0.006463
2025-02-26 09:00,0.006693
2025-02-26 09:15,0.0
2025-02-26 09:30,0.000396
2025-02-26 09:45,0.0
2025-02-26 10:00,0.0
2025-02-26 10:15,0.006463
2025-02-26 10:30,0.000247
2025-02-26 10:45,0.0
2025-02-26 11:00,0.0
2025-02-26 11:15,0.0
2025-02-26 11:30,0.000247
2025-02-26 11:45,0.000298
2025-02-26 12:00,0.0
2025-02-26 12:15,0.006455
2025-02-26 12:30,0.000404
2025-02-26 12:45,0.013858
2025-02-26 13:00,0.0
2025-02-26 13:15,0.010661
2025-02-26 13:30,0.103975
2025-02-26 13:45,0.033175
2025-02-26 14:00,0.011091
2025-02-26 14:15,0.022676
2025-02-26 14:30,0.000272
2025-02-26 14:45,0.000596
2025-02-26 15:00,0.0
2025-02-26 15:15,0.006897
2025-02-26 15:30,0.105227
2025-02-26 15:45,0.358201
2025-02-26 16:00,0.370377
2025-02-26 16:15,0.600969
2025-02-26 16:30,0.805853
2025-02-26 16:45,0.789436
2025-02-26 17:00,0.59004
2025-02-26 17:15,0.026636
2025-02-26 17:30,0.005629
2025-02-26 17:45,0.0
2025-02-26 18:00,0.017345
2025-02-26 18:15,0.019696
2025-02-26 18:30,0.007928
2025-02-26 18:45,0.401815
2025-02-26 19:00,0.355305
2025-02-26 19:15,0.461145
2025-02-26 19:30,0.569586
2025-02-26 19:45,0.566755
2025-02-26 20:00,0.580252
2025-02-26 20:15,0.094016
2025-02-26 20:30,0.000639
2025-02-26 20:45,0.00777
2025-02-26 21:00,0.007485
2025-02-26 21:15,0.005356
2025-02-26 21:30,0.016835
2025-02-26 21:45,0.031374
2025-02-26 22:00,0.013739
2025-02-26 22:15,0.005684
2025-02-26 22:30,0.018418
2025-02-26 22:45,0.006122
2025-02-26 23:00,0.004824
2025-02-26 23:15,0.002061
2025-02-26 23:30,0.006139
2025-02-26 23:45,0.0
2025-02-27 00:00,0.006437
2025-02-27 00:15,0.005356
2025-02-27 00:30,0.0
2025-02-27 00:45,0.006633
2025-02-27 01:00,0.0
2025-02-27 01:15,0.056656
2025-02-27 01:30,0.0
2025-02-27 01:45,0.0
2025-02-27 02:00,0.168397
2025-02-27 02:15,0.002806
2025-02-27 02:30,0.011657
2025-02-27 02:45,0.067364
2025-02-27 03:00,0.006139
2025-02-27 03:15,0.0
2025-02-27 03:30,0.0
2025-02-27 03:45,0.0
2025-02-27 04:00,0.0
2025-02-27 04:15,0.0
2025-02-27 04:30,0.012279
2025-02-27 04:45,0.0
2025-02-27 05:00,0.0
2025-02-27 05:15,0.0
2025-02-27 05:30,0.0
2025-02-27 05:45,0.01216
2025-02-27 06:00,0.006122
2025-02-27 06:15,0.0
2025-02-27 06:30,0.0
2025-02-27 06:45,0.000826
2025-02-27 07:00,0.0
2025-02-27 07:15,0.0
2025-02-27 07:30,0.003253
2025-02-27 07:45,0.0
2025-02-27 08:00,0.000272
2025-02-27 08:15,0.012313
2025-02-27 08:30,0.0
2025-02-27 08:45,0.0
2025-02-27 09:00,0.0
2025-02-27 09:15,0.0
2025-02-27 09:30,0.0
2025-02-27 09:45,0.0
2025-02-27 10:00,0.000247
2025-02-27 10:15,0.0
2025-02-27 10:30,0.0
2025-02-27 10:45,0.0
2025-02-27 11:00,0.0
2025-02-27 11:15,0.0
2025-02-27 11:30,0.0
2025-02-27 11:45,0.012262
2025-02-27 12:00,0.005356
2025-02-27 12:15,0.0
2025-02-27 12:30,0.006787
2025-02-27 12:45,0.012526
2025-02-27 13:00,0.005305
2025-02-27 13:15,0.007553
2025-02-27 13:30,0.0
2025-02-27 13:45,0.011027
2025-02-27 14:00,0.005633
2025-02-27 14:15,0.002265
2025-02-27 14:30,0.000779
2025-02-27 14:45,0.016724
2025-02-27 15:00,0.021024
2025-02-27 15:15,0.005735
2025-02-27 15:30,0.18977
2025-02-27 15:45,0.128443
2025-02-27 16:00,0.624262
2025-02-27 16:15,0.569697
2025-02-27 16:30,0.955649
2025-02-27 16:45,0.845994
2025-02-27 17:00,0.583091
2025-02-27 17:15,0.033303
2025-02-27 17:30,0.014012
2025-02-27 17:45,0.020394
2025-02-27 18:00,0.030229
2025-02-27 18:15,0.023664
2025-02-27 18:30,0.010567
2025-02-27 18:45,0.422805
2025-02-27 19:00,0.349873
2025-02-27 19:15,0.326447
2025-02-27 19:30,0.495908
2025-02-27 19:45,0.845692
2025-02-27 20:00,0.633484
2025-02-27 20:15,0.219692
2025-02-27 20:30,0.011257
2025-02-27 20:45,0.010606
2025-02-27 21:00,0.017294
2025-02-27 21:15,0.005901
2025-02-27 21:30,0.052679
2025-02-27 21:45,0.02469
2025-02-27 22:00,0.031089
2025-02-27 22:15,0.016975
2025-02-27 22:30,0.017584
2025-02-27 22:45,0.025392
2025-02-27 23:00,0.004147
2025-02-27 23:15,0.018078
2025-02-27 23:30,0.013079
2025-02-27 23:45,0.012279
2025-02-28 00:00,0.008145
2025-02-28 00:15,0.000668
2025-02-28 00:30,0.006139
2025-02-28 00:45,0.0
2025-02-28 01:00,0.000247
2025-02-28 01:15,0.0
2025-02-28 01:30,0.012279
2025-02-28 01:45,0.0
2025-02-28 02:00,0.000396
2025-02-28 02:15,0.001324
2025-02-28 02:30,0.026018
2025-02-28 02:45,0.0
2025-02-28 03:00,0.000634
2025-02-28 03:15,0.000298
2025-02-28 03:30,0.000272
2025-02-28 03:45,0.000272
2025-02-28 04:00,0.000639
2025-02-28 04:15,0.0
2025-02-28 04:30,0.0
2025-02-28 04:45,0.0
2025-02-28 05:00,0.0
2025-02-28 05:15,0.0
2025-02-28 05:30,0.006122
2025-02-28 05:45,0.0
2025-02-28 06:00,0.000673
2025-02-28 06:15,0.0
2025-02-28 06:30,0.0
2025-02-28 06:45,0.0
2025-02-28 07:00,0.000434
2025-02-28 07:15,0.003031
2025-02-28 07:30,0.0
2025-02-28 07:45,0.005356
2025-02-28 08:00,0.006736
2025-02-28 08:15,0.0
2025-02-28 08:30,0.000247
2025-02-28 08:45,0.00178
2025-02-28 09:00,0.0
2025-02-28 09:15,0.000417
2025-02-28 09:30,0.002721
2025-02-28 09:45,0.000703
2025-02-28 10:00,0.006463
2025-02-28 10:15,0.000545
2025-02-28 10:30,0.00232
2025-02-28 10:45,0.012594
2025-02-28 11:00,0.0
2025-02-28 11:15,0.001784
2025-02-28 11:30,0.001809
2025-02-28 11:45,0.000417
2025-02-28 12:00,0.0
2025-02-28 12:15,0.002423
2025-02-28 12:30,0.0
2025-02-28 12:45,0.000741
2025-02-28 13:00,0.0
2025-02-28 13:15,0.004428
2025-02-28 13:30,0.000247
2025-02-28 13:45,0.016749
2025-02-28 14:00,0.015276
2025-02-28 14:15,0.005995
2025-02-28 14:30,0.000545
2025-02-28 14:45,0.006025
2025-02-28 15:00,0.001984
2025-02-28 15:15,0.00086
2025-02-28 15:30,0.024762
2025-02-28 15:45,0.219309
2025-02-28 16:00,0.414546
2025-02-28 16:15,0.527427
2025-02-28 16:30,0.566993
2025-02-28 16:45,0.941045
2025-02-28 17:00,0.52655
2025-02-28 17:15,0.001056
2025-02-28 17:30,0.029113
2025-02-28 17:45,0.017005
2025-02-28 18:00,0.005454
2025-02-28 18:15,0.083074
2025-02-28 18:30,0.240418
2025-02-28 18:45,0.399018
2025-02-28 19:00,0.294839
2025-02-28 19:15,0.360406
2025-02-28 19:30,0.572767
2025-02-28 19:45,0.465926
2025-02-28 20:00,0.711931
2025-02-28 20:15,0.256486
2025-02-28 20:30,0.171696
2025-02-28 20:45,0.055638
2025-02-28 21:00,0.042482
2025-02-28 21:15,0.090563
2025-02-28 21:30,0.037416
2025-02-28 21:45,0.066657
2025-02-28 22:00,0.010108
2025-02-28 22:15,0.069314
2025-02-28 22:30,0.021424
2025-02-28 22:45,0.044041
2025-02-28 23:00,0.07358
2025-02-28 23:15,0.124462
2025-02-28 23:30,0.07427
2025-02-28 23:45,0.128137
2025-03-01 00:00,0.050316
2025-03-01 00:15,0.059904
2025-03-01 00:30,0.042789
2025-03-01 00:45,0.064869
2025-03-01 01:00,0.192039
2025-03-01 01:15,0.109914
2025-03-01 01:30,0.192618
2025-03-01 01:45,0.090849
2025-03-01 02:00,0.043279
2025-03-01 02:15,0.009175
2025-03-01 02:30,0.006122
2025-03-01 02:45,0.0
2025-03-01 03:00,0.0
2025-03-01 03:15,0.006139
2025-03-01 03:30,0.00889
2025-03-01 03:45,0.0
2025-03-01 04:00,0.004317
2025-03-01 04:15,0.000247
2025-03-01 04:30,0.0
2025-03-01 04:45,0.0
2025-03-01 05:00,0.006122
2025-03-01 05:15,0.000298
2025-03-01 05:30,0.001601
2025-03-01 05:45,0.023425
2025-03-01 06:00,0.000247
2025-03-01 06:15,0.000886
2025-03-01 06:30,0.011564
2025-03-01 06:45,0.0
2025-03-01 07:00,0.0
2025-03-01 07:15,0.0
2025-03-01 07:30,0.000494
2025-03-01 07:45,0.0
2025-03-01 08:00,0.0
2025-03-01 08:15,0.000396
2025-03-01 08:30,0.000494
2025-03-01 08:45,0.000698
2025-03-01 09:00,0.000579
2025-03-01 09:15,0.005356
2025-03-01 09:30,0.0
2025-03-01 09:45,0.0
2025-03-01 10:00,0.0
2025-03-01 10:15,0.0
2025-03-01 10:30,0.001277
2025-03-01 10:45,0.0
2025-03-01 11:00,0.0
2025-03-01 11:15,0.0
2025-03-01 11:30,0.0
2025-03-01 11:45,0.0
2025-03-01 12:00,0.000315
2025-03-01 12:15,0.0
2025-03-01 12:30,0.000298
2025-03-01 12:45,0.0
2025-03-01 13:00,0.070702
2025-03-01 13:15,0.266807
2025-03-01 13:30,0.0
2025-03-01 13:45,0.006122
2025-03-01 14:00,0.02449
2025-03-01 14:15,0.0
2025-03-01 14:30,0.0
2025-03-01 14:45,0.006463
2025-03-01 15:00,0.030902
2025-03-01 15:15,0.012662
2025-03-01 15:30,0.119324
2025-03-01 15:45,0.391844
2025-03-01 16:00,0.604205
2025-03-01 16:15,0.687305
2025-03-01 16:30,0.619502
2025-03-01 16:45,0.969311
2025-03-01 17:00,0.662249
2025-03-01 17:15,0.006463
2025-03-01 17:30,0.012279
2025-03-01 17:45,0.0
2025-03-01 18:00,0.012577
2025-03-01 18:15,0.012798
2025-03-01 18:30,0.006122
2025-03-01 18:45,0.397924
2025-03-01 19:00,0.377164
2025-03-01 19:15,0.274241
2025-03-01 19:30,1.0
2025-03-01 19:45,0.531212
2025-03-01 20:00,0.789164
2025-03-01 20:15,0.180514
2025-03-01 20:30,0.002555
2025-03-01 20:45,0.000383
2025-03-01 21:00,0.0
2025-03-01 21:15,0.00677
2025-03-01 21:30,0.036735
2025-03-01 21:45,0.002831
2025-03-01 22:00,0.000571
2025-03-01 22:15,0.034776
2025-03-01 22:30,0.001771
2025-03-01 22:45,0.005241
2025-03-01 23:00,0.00307
2025-03-01 23:15,0.0
2025-03-01 23:30,0.0
2025-03-01 23:45,0.007728
2025-03-02 00:00,0.000404
2025-03-02 00:15,0.006139
2025-03-02 00:30,0.006139
2025-03-02 00:45,0.007855
2025-03-02 01:00,0.000247
2025-03-02 01:15,0.080801
2025-03-02 01:30,0.0
2025-03-02 01:45,0.0
2025-03-02 02:00,0.000272
2025-03-02 02:15,0.018137
2025-03-02 02:30,0.036394
2025-03-02 02:45,0.0004
2025-03-02 03:00,0.0
2025-03-02 03:15,0.0
2025-03-02 03:30,0.001256
2025-03-02 03:45,0.011564
2025-03-02 04:00,0.002027
2025-03-02 04:15,0.006437
2025-03-02 04:30,0.017712
2025-03-02 04:45,0.0
2025-03-02 05:00,0.001967
2025-03-02 05:15,0.00416
2025-03-02 05:30,0.0
2025-03-02 05:45,0.023127
2025-03-02 06:00,0.0
2025-03-02 06:15,0.000545
2025-03-02 06:30,0.0
2025-03-02 06:45,0.0
2025-03-02 07:00,0.0
2025-03-02 07:15,0.0
2025-03-02 07:30,0.0
2025-03-02 07:45,0.0
2025-03-02 08:00,0.019662
2025-03-02 08:15,0.026397
2025-03-02 08:30,0.033431
2025-03-02 08:45,0.013471
2025-03-02 09:00,0.0
2025-03-02 09:15,0.006139
2025-03-02 09:30,0.000451
2025-03-02 09:45,0.0
2025-03-02 10:00,0.0
2025-03-02 10:15,0.0
2025-03-02 10:30,0.000451
2025-03-02 10:45,0.000711
2025-03-02 11:00,0.0
2025-03-02 11:15,0.0
2025-03-02 11:30,0.0
2025-03-02 11:45,0.0
2025-03-02 12:00,0.000272
2025-03-02 12:15,0.0
2025-03-02 12:30,0.0
2025-03-02 12:45,0.0
2025-03-02 13:00,0.0
2025-03-02 13:15,0.0
2025-03-02 13:30,0.003508
2025-03-02 13:45,0.0
2025-03-02 14:00,0.006139
2025-03-02 14:15,0.006139
2025-03-02 14:30,0.0
2025-03-02 14:45,0.0
2025-03-02 15:00,0.0
2025-03-02 15:15,0.000315
2025-03-02 15:30,0.088022
2025-03-02 15:45,0.311452
2025-03-02 16:00,0.587877
2025-03-02 16:15,0.677768
2025-03-02 16:30,0.468532
2025-03-02 16:45,0.706643
2025-03-02 17:00,0.769545
2025-03-02 17:15,0.005356
2025-03-02 17:30,0.0
2025-03-02 17:45,0.0
2025-03-02 18:00,0.005262
2025-03-02 18:15,0.000315
2025-03-02 18:30,0.0
2025-03-02 18:45,0.480607
2025-03-02 19:00,0.173446
2025-03-02 19:15,0.604631
2025-03-02 19:30,0.701355
2025-03-02 19:45,0.695428
2025-03-02 20:00,0.992839
2025-03-02 20:15,0.173608
2025-03-02 20:30,0.0
2025-03-02 20:45,0.006139
2025-03-02 21:00,0.012262
2025-03-02 21:15,0.013088
2025-03-02 21:30,0.006139
2025-03-02 21:45,0.0
2025-03-02 22:00,0.030629
2025-03-02 22:15,0.012279
2025-03-02 22:30,0.006139
2025-03-02 22:45,0.009588
2025-03-02 23:00,0.0
2025-03-02 23:15,0.005356
2025-03-02 23:30,0.0
2025-03-02 23:45,0.019066
2025-03-03 00:00,0.002763
2025-03-03 00:15,0.000571
2025-03-03 00:30,0.006139
2025-03-03 00:45,0.0
2025-03-03 01:00,0.001328
2025-03-03 01:15,0.013454
2025-03-03 01:30,0.0
2025-03-03 01:45,0.0
2025-03-03 02:00,0.000315
2025-03-03 02:15,0.0035
2025-03-03 02:30,0.02449
2025-03-03 02:45,0.0
2025-03-03 03:00,0.0
2025-03-03 03:15,0.003176
2025-03-03 03:30,0.024558
2025-03-03 03:45,0.001563
2025-03-03 04:00,0.005646
2025-03-03 04:15,0.0
2025-03-03 04:30,0.0
2025-03-03 04:45,0.000298
2025-03-03 05:00,0.0
2025-03-03 05:15,0.030876
2025-03-03 05:30,0.018418
2025-03-03 05:45,0.0
2025-03-03 06:00,0.007455
2025-03-03 06:15,0.0
2025-03-03 06:30,0.004969
2025-03-03 06:45,0.0
2025-03-03 07:00,0.001277
2025-03-03 07:15,0.000298
2025-03-03 07:30,0.001192
2025-03-03 07:45,0.0
2025-03-03 08:00,0.014403
2025-03-03 08:15,0.026125
2025-03-03 08:30,0.010482
2025-03-03 08:45,0.001677
2025-03-03 09:00,0.0
2025-03-03 09:15,0.0
2025-03-03 09:30,0.0
2025-03-03 09:45,0.0
2025-03-03 10:00,0.000247
2025-03-03 10:15,0.0
2025-03-03 10:30,0.006463
2025-03-03 10:45,0.0
2025-03-03 11:00,0.000315
2025-03-03 11:15,0.0
2025-03-03 11:30,0.0
2025-03-03 11:45,0.000562
2025-03-03 12:00,0.000272
2025-03-03 12:15,0.005995
2025-03-03 12:30,0.000396
2025-03-03 12:45,0.002452
2025-03-03 13:00,0.011002
2025-03-03 13:15,0.000805
2025-03-03 13:30,0.000792
2025-03-03 13:45,0.005373
2025-03-03 14:00,0.005305
2025-03-03 14:15,0.005671
2025-03-03 14:30,0.005356
2025-03-03 14:45,0.0
2025-03-03 15:00,0.036679
2025-03-03 15:15,0.018129
2025-03-03 15:30,0.067815
2025-03-03 15:45,0.413592
2025-03-03 16:00,0.591313
2025-03-03 16:15,0.607577
2025-03-03 16:30,0.699473
2025-03-03 16:45,0.787461
2025-03-03 17:00,0.310894
2025-03-03 17:15,0.000524
2025-03-03 17:30,0.000328
2025-03-03 17:45,0.018193
2025-03-03 18:00,0.02214
2025-03-03 18:15,0.025852
2025-03-03 18:30,0.0
2025-03-03 18:45,0.420455
2025-03-03 19:00,0.283637
2025-03-03 19:15,0.462401
2025-03-03 19:30,0.630176
2025-03-03 19:45,0.695002
2025-03-03 20:00,0.76435
2025-03-03 20:15,0.43115
2025-03-03 20:30,0.016783
2025-03-03 20:45,0.01755
2025-03-03 21:00,0.053744
2025-03-03 21:15,0.006067
2025-03-03 21:30,0.017729
2025-03-03 21:45,0.011219
2025-03-03 22:00,0.014025
2025-03-03 22:15,0.0
2025-03-03 22:30,0.000404
2025-03-03 22:45,0.000272
2025-03-03 23:00,0.000298
2025-03-03 23:15,0.02859
2025-03-03 23:30,0.000272
2025-03-03 23:45,0.0
2025-03-04 00:00,0.0
2025-03-04 00:15,0.00043
2025-03-04 00:30,0.006139
2025-03-04 00:45,0.0
2025-03-04 01:00,0.012279
2025-03-04 01:15,0.073742
2025-03-04 01:30,0.006037
2025-03-04 01:45,0.015915
2025-03-04 02:00,0.0
2025-03-04 02:15,0.011768
2025-03-04 02:30,0.012279
2025-03-04 02:45,0.024737
2025-03-04 03:00,0.0
2025-03-04 03:15,0.0
2025-03-04 03:30,0.0
2025-03-04 03:45,0.002333
2025-03-04 04:00,0.001115
2025-03-04 04:15,0.001213
2025-03-04 04:30,0.0
2025-03-04 04:45,0.006139
2025-03-04 05:00,0.000272
2025-03-04 05:15,0.006097
2025-03-04 05:30,0.00175
2025-03-04 05:45,0.0
2025-03-04 06:00,0.0
2025-03-04 06:15,0.0
2025-03-04 06:30,0.002499
2025-03-04 06:45,0.0
2025-03-04 07:00,0.0
2025-03-04 07:15,0.002469
2025-03-04 07:30,0.006122
2025-03-04 07:45,0.0004
2025-03-04 08:00,0.012398
2025-03-04 08:15,0.008013
2025-03-04 08:30,0.0
2025-03-04 08:45,0.0
2025-03-04 09:00,0.001086
2025-03-04 09:15,0.002137
2025-03-04 09:30,0.0
2025-03-04 09:45,0.0
2025-03-04 10:00,0.0
2025-03-04 10:15,0.0
2025-03-04 10:30,0.042849
2025-03-04 10:45,0.0
2025-03-04 11:00,0.0
2025-03-04 11:15,0.001784
2025-03-04 11:30,0.006139
2025-03-04 11:45,0.006463
2025-03-04 12:00,0.018418
2025-03-04 12:15,0.000247
2025-03-04 12:30,0.003087
2025-03-04 12:45,0.022008
2025-03-04 13:00,0.003908
2025-03-04 13:15,0.187058
2025-03-04 13:30,0.180212
2025-03-04 13:45,0.002674
2025-03-04 14:00,0.019138
2025-03-04 14:15,0.002546
2025-03-04 14:30,0.01193
2025-03-04 14:45,0.00806
2025-03-04 15:00,0.023774
2025-03-04 15:15,0.007438
2025-03-04 15:30,0.105512
2025-03-04 15:45,0.438324
2025-03-04 16:00,0.397085
2025-03-04 16:15,0.782939
2025-03-04 16:30,0.599134
2025-03-04 16:45,0.826635
2025-03-04 17:00,0.356949
2025-03-04 17:15,0.024673
2025-03-04 17:30,0.069382
2025-03-04 17:45,0.005305
2025-03-04 18:00,0.011551
2025-03-04 18:15,0.000404
2025-03-04 18:30,0.024021
2025-03-04 18:45,0.584845
2025-03-04 19:00,0.205949
2025-03-04 19:15,0.350673
2025-03-04 19:30,0.495491
2025-03-04 19:45,0.604149
2025-03-04 20:00,0.695309
2025-03-04 20:15,0.124735
2025-03-04 20:30,0.017669
2025-03-04 20:45,0.074099
2025-03-04 21:00,0.0
2025-03-04 21:15,0.001098
2025-03-04 21:30,0.005305
2025-03-04 21:45,0.075896
2025-03-04 22:00,0.025035
2025-03-04 22:15,0.012445
2025-03-04 22:30,0.017567
2025-03-04 22:45,0.001801
2025-03-04 23:00,0.0
2025-03-04 23:15,0.004428
2025-03-04 23:30,0.001439
2025-03-04 23:45,0.0
2025-03-05 00:00,0.000447
2025-03-05 00:00,0.000425
2025-03-05 00:15,0.00764
2025-03-05 00:30,0.005835
2025-03-05 00:45,0.001056
2025-03-05 01:00,0.006094
2025-03-05 01:15,0.030887
2025-03-05 01:30,0.005835
2025-03-05 01:45,0.012455
2025-03-05 02:00,0.000235
2025-03-05 02:15,0.00607
2025-03-05 02:30,0.018197
2025-03-05 02:45,0.000554
2025-03-05 03:00,0.0
2025-03-05 03:15,0.005467
2025-03-05 03:30,0.007276
2025-03-05 03:45,0.0
2025-03-05 04:00,0.002137
2025-03-05 04:15,0.006094
2025-03-05 04:30,0.006377
2025-03-05 04:45,0.0
2025-03-05 05:00,0.007514
2025-03-05 05:15,0.037091
2025-03-05 05:30,0.0
2025-03-05 05:45,0.0
2025-03-05 06:00,0.0
2025-03-05 06:15,0.001586
2025-03-05 06:30,0.000235
2025-03-05 06:45,0.000235
2025-03-05 07:00,0.006507
2025-03-05 07:15,0.000469
2025-03-05 07:30,0.000259
2025-03-05 07:45,0.001327
2025-03-05 08:00,0.000825
2025-03-05 08:15,0.000518
2025-03-05 08:30,0.011784
2025-03-05 08:45,0.0
2025-03-05 09:00,0.0
2025-03-05 09:15,0.0
2025-03-05 09:30,0.0
2025-03-05 09:45,0.000372
2025-03-05 10:00,0.000283
2025-03-05 10:15,0.000259
2025-03-05 10:30,0.005091
2025-03-05 10:45,0.0
2025-03-05 11:00,0.0
2025-03-05 11:15,0.0
2025-03-05 11:30,0.000409
2025-03-05 11:45,0.000469
2025-03-05 12:00,0.000287
2025-03-05 12:15,0.000575
2025-03-05 12:30,0.004087
2025-03-05 12:45,0.00607
2025-03-05 13:00,0.000611
2025-03-05 13:15,0.016704
2025-03-05 13:30,0.009457
2025-03-05 13:45,0.000372
2025-03-05 14:00,0.020354
2025-03-05 14:15,0.000259
2025-03-05 14:30,0.005625
2025-03-05 14:45,0.008813
2025-03-05 15:00,0.00535
2025-03-05 15:15,0.000712
2025-03-05 15:30,0.167322
2025-03-05 15:45,0.21425
2025-03-05 16:00,0.464327
2025-03-05 16:15,0.840318
2025-03-05 16:30,0.820721
2025-03-05 16:45,1.0
2025-03-05 17:00,0.448072
2025-03-05 17:15,0.006418
2025-03-05 17:30,0.004682
2025-03-05 17:45,0.006118
2025-03-05 18:00,0.006118
2025-03-05 18:15,0.010877
2025-03-05 18:30,0.021851
2025-03-05 18:45,0.455016
2025-03-05 19:00,0.248532
2025-03-05 19:15,0.383534
2025-03-05 19:30,0.628994
2025-03-05 19:45,0.667117
2025-03-05 20:00,0.919129
2025-03-05 20:15,0.091663
2025-03-05 20:30,0.009275
2025-03-05 20:45,0.011937
2025-03-05 21:00,0.009004
2025-03-05 21:15,0.008494
2025-03-05 21:30,0.012472
2025-03-05 21:45,0.012528
2025-03-05 22:00,0.030119
2025-03-05 22:15,0.000283
2025-03-05 22:30,0.012217
2025-03-05 22:45,0.00172
2025-03-05 23:00,0.006976
2025-03-05 23:15,0.014422
2025-03-05 23:30,0.006729
2025-03-05 23:45,0.0
2025-03-06 00:00,0.041146
2025-03-06 00:15,0.001809
2025-03-06 00:30,0.006798
2025-03-06 00:45,0.039932
2025-03-06 01:00,0.002659
2025-03-06 01:15,0.01426
2025-03-06 01:30,0.018817
2025-03-06 01:45,0.000235
2025-03-06 02:00,0.150277
2025-03-06 02:15,0.000801
2025-03-06 02:30,0.046552
2025-03-06 02:45,0.006118
2025-03-06 03:00,0.0
2025-03-06 03:15,0.006685
2025-03-06 03:30,0.006118
2025-03-06 03:45,0.00607
2025-03-06 04:00,0.008696
2025-03-06 04:15,0.005835
2025-03-06 04:30,0.010926
2025-03-06 04:45,0.006118
2025-03-06 05:00,0.004103
2025-03-06 05:15,0.018072
2025-03-06 05:30,0.007288
2025-03-06 05:45,0.005835
2025-03-06 06:00,0.000283
2025-03-06 06:15,0.005835
2025-03-06 06:30,0.0
2025-03-06 06:45,0.0
2025-03-06 07:00,0.005835
2025-03-06 07:15,0.0
2025-03-06 07:30,0.0
2025-03-06 07:45,0.0
2025-03-06 08:00,0.001526
2025-03-06 08:15,0.005876
2025-03-06 08:30,0.011978
2025-03-06 08:45,0.0
2025-03-06 09:00,0.0
2025-03-06 09:15,0.011929
2025-03-06 09:30,0.0
2025-03-06 09:45,0.0
2025-03-06 10:00,0.001327
2025-03-06 10:15,0.0
2025-03-06 10:30,0.000283
2025-03-06 10:45,0.005868
2025-03-06 11:00,0.001663
2025-03-06 11:15,0.0
2025-03-06 11:30,0.00049
2025-03-06 11:45,0.0
2025-03-06 12:00,0.0
2025-03-06 12:15,0.0
2025-03-06 12:30,0.000259
2025-03-06 12:45,0.000372
2025-03-06 13:00,0.000259
2025-03-06 13:15,0.001554
2025-03-06 13:30,0.006402
2025-03-06 13:45,0.011735
2025-03-06 14:00,0.01093
2025-03-06 14:15,0.0
2025-03-06 14:30,0.05352
2025-03-06 14:45,0.013625
2025-03-06 15:00,0.056684
2025-03-06 15:15,0.021342
2025-03-06 15:30,0.152997
2025-03-06 15:45,0.429835
2025-03-06 16:00,0.538246
2025-03-06 16:15,0.394249
2025-03-06 16:30,0.506986
2025-03-06 16:45,0.654998
2025-03-06 17:00,0.357789
2025-03-06 17:15,0.009736
2025-03-06 17:30,0.0
2025-03-06 17:45,0.009866
2025-03-06 18:00,0.012973
2025-03-06 18:15,0.0
2025-03-06 18:30,0.022641
2025-03-06 18:45,0.719763
2025-03-06 19:00,0.138409
2025-03-06 19:15,0.260809
2025-03-06 19:30,0.558103
2025-03-06 19:45,0.457804
2025-03-06 20:00,0.552785
2025-03-06 20:15,0.181347
2025-03-06 20:30,0.000728
2025-03-06 20:45,0.05768
2025-03-06 21:00,0.012095
2025-03-06 21:15,0.000615
2025-03-06 21:30,0.000235
2025-03-06 21:45,0.058975
2025-03-06 22:00,0.075897
2025-03-06 22:15,0.011152
2025-03-06 22:30,0.012633
2025-03-06 22:45,0.010359
2025-03-06 23:00,0.005892
2025-03-06 23:15,0.0
2025-03-06 23:30,0.0
2025-03-06 23:45,0.005835
2025-03-07 00:00,0.0
2025-03-07 00:15,0.000761
2025-03-07 00:30,0.001485
2025-03-07 00:45,0.0
2025-03-07 01:00,0.001392
2025-03-07 01:15,0.008384
2025-03-07 01:30,0.007134
2025-03-07 01:45,0.0
2025-03-07 02:00,0.018638
2025-03-07 02:15,0.003431
2025-03-07 02:30,0.023535
2025-03-07 02:45,0.001133
2025-03-07 03:00,0.0
2025-03-07 03:15,0.005835
2025-03-07 03:30,0.005819
2025-03-07 03:45,0.011654
2025-03-07 04:00,0.0
2025-03-07 04:15,0.0
2025-03-07 04:30,0.005835
2025-03-07 04:45,0.000567
2025-03-07 05:00,0.0
2025-03-07 05:15,0.0
2025-03-07 05:30,0.0
2025-03-07 05:45,0.044197
2025-03-07 06:00,0.000259
2025-03-07 06:15,0.0
2025-03-07 06:30,0.0
2025-03-07 06:45,0.0
2025-03-07 07:00,0.000316
2025-03-07 07:15,0.0
2025-03-07 07:30,0.0
2025-03-07 07:45,0.000283
2025-03-07 08:00,0.0
2025-03-07 08:15,0.0
2025-03-07 08:30,0.0
2025-03-07 08:45,0.000842
2025-03-07 09:00,0.0
2025-03-07 09:15,0.0
2025-03-07 09:30,0.0
2025-03-07 09:45,0.0
2025-03-07 10:00,0.0
2025-03-07 10:15,0.0
2025-03-07 10:30,0.0
2025-03-07 10:45,0.006402
2025-03-07 11:00,0.0
2025-03-07 11:15,0.000611
2025-03-07 11:30,0.000409
2025-03-07 11:45,0.0
2025-03-07 12:00,0.012544
2025-03-07 12:15,0.005467
2025-03-07 12:30,0.000235
2025-03-07 12:45,0.0
2025-03-07 13:00,0.005042
2025-03-07 13:15,0.16875
2025-03-07 13:30,0.121559
2025-03-07 13:45,0.011318
2025-03-07 14:00,0.0
2025-03-07 14:15,0.011387
2025-03-07 14:30,0.008154
2025-03-07 14:45,0.000283
2025-03-07 15:00,0.052751
2025-03-07 15:15,0.0
2025-03-07 15:30,0.209293
2025-03-07 15:45,0.38669
2025-03-07 16:00,0.536308
2025-03-07 16:15,0.356891
2025-03-07 16:30,0.636396
2025-03-07 16:45,0.569053
2025-03-07 17:00,0.177616
2025-03-07 17:15,0.005091
2025-03-07 17:30,0.145264
2025-03-07 17:45,0.005819
2025-03-07 18:00,0.006094
2025-03-07 18:15,0.01167
2025-03-07 18:30,0.017465
2025-03-07 18:45,0.5558
2025-03-07 19:00,0.292
2025-03-07 19:15,0.337168
2025-03-07 19:30,0.679848
2025-03-07 19:45,0.583313
2025-03-07 20:00,0.828705
2025-03-07 20:15,0.205129
2025-03-07 20:30,0.02101
2025-03-07 20:45,0.031478
2025-03-07 21:00,0.021309
2025-03-07 21:15,0.006102
2025-03-07 21:30,0.007919
2025-03-07 21:45,0.011144
2025-03-07 22:00,0.008619
2025-03-07 22:15,0.006094
2025-03-07 22:30,0.033805
2025-03-07 22:45,0.0
2025-03-07 23:00,0.01167
2025-03-07 23:15,0.0
2025-03-07 23:30,0.001473
2025-03-07 23:45,0.02767
2025-03-08 00:00,0.078362
2025-03-08 00:15,0.006094
2025-03-08 00:30,0.01167
2025-03-08 00:45,0.000372
2025-03-08 01:00,0.000372
2025-03-08 01:15,0.0
2025-03-08 01:30,0.005835
2025-03-08 01:45,0.001558
2025-03-08 02:00,0.0
2025-03-08 02:15,0.0
2025-03-08 02:30,0.023559
2025-03-08 02:45,0.005633
2025-03-08 03:00,0.000376
2025-03-08 03:15,0.0
2025-03-08 03:30,0.005835
2025-03-08 03:45,0.001453
2025-03-08 04:00,0.005556
2025-03-08 04:15,0.0
2025-03-08 04:30,0.000259
2025-03-08 04:45,0.0
2025-03-08 05:00,0.000761
2025-03-08 05:15,0.024377
2025-03-08 05:30,0.0
2025-03-08 05:45,0.005495
2025-03-08 06:00,0.0
2025-03-08 06:15,0.000352
2025-03-08 06:30,0.0
2025-03-08 06:45,0.000558
2025-03-08 07:00,0.000696
2025-03-08 07:15,0.0
2025-03-08 07:30,0.0
2025-03-08 07:45,0.0
2025-03-08 08:00,0.006143
2025-03-08 08:15,0.000283
2025-03-08 08:30,0.000259
2025-03-08 08:45,0.001635
2025-03-08 09:00,0.0
2025-03-08 09:15,0.000352
2025-03-08 09:30,0.0017
2025-03-08 09:45,0.0
2025-03-08 10:00,0.006143
2025-03-08 10:15,0.0
2025-03-08 10:30,0.0
2025-03-08 10:45,0.0
2025-03-08 11:00,0.0
2025-03-08 11:15,0.0
2025-03-08 11:30,0.003444
2025-03-08 11:45,0.000299
2025-03-08 12:00,0.0
2025-03-08 12:15,0.0
2025-03-08 12:30,0.002218
2025-03-08 12:45,0.000858
2025-03-08 13:00,0.0
2025-03-08 13:15,0.0
2025-03-08 13:30,0.006426
2025-03-08 13:45,0.005548
2025-03-08 14:00,0.000376
2025-03-08 14:15,0.003836
2025-03-08 14:30,0.0
2025-03-08 14:45,0.0
2025-03-08 15:00,0.0
2025-03-08 15:15,0.005633
2025-03-08 15:30,0.207184
2025-03-08 15:45,0.292818
2025-03-08 16:00,0.366651
2025-03-08 16:15,0.304666
2025-03-08 16:30,0.643947
2025-03-08 16:45,0.717222
2025-03-08 17:00,0.419904
2025-03-08 17:15,0.0
2025-03-08 17:30,0.002545
2025-03-08 17:45,0.005835
2025-03-08 18:00,0.0
2025-03-08 18:15,0.0
2025-03-08 18:30,0.0
2025-03-08 18:45,0.370965
2025-03-08 19:00,0.302788
2025-03-08 19:15,0.229772
2025-03-08 19:30,0.547064
2025-03-08 19:45,0.687973
2025-03-08 20:00,0.917915
2025-03-08 20:15,0.249406
2025-03-08 20:30,0.000235
2025-03-08 20:45,0.0
2025-03-08 21:00,0.000376
2025-03-08 21:15,0.000235
2025-03-08 21:30,0.000469
2025-03-08 21:45,0.0
2025-03-08 22:00,0.005819
2025-03-08 22:15,0.0
2025-03-08 22:30,0.0
2025-03-08 22:45,0.005835
2025-03-08 23:00,0.000825
2025-03-08 23:15,0.0
2025-03-08 23:30,0.005835
2025-03-08 23:45,0.000316
2025-03-09 00:00,0.001679
2025-03-09 00:15,0.000316
2025-03-09 00:30,0.000283
2025-03-09 00:45,0.0
2025-03-09 01:00,0.0
2025-03-09 01:15,0.025352
2025-03-09 01:30,0.0
2025-03-09 01:45,0.0
2025-03-09 02:00,0.0
2025-03-09 02:15,0.0
2025-03-09 02:30,0.023559
2025-03-09 02:45,0.0
2025-03-09 03:00,0.0
2025-03-09 03:15,0.001133
2025-03-09 03:30,0.0
2025-03-09 03:45,0.0
2025-03-09 04:00,0.003314
2025-03-09 04:15,0.000235
2025-03-09 04:30,0.0
2025-03-09 04:45,0.0
2025-03-09 05:00,0.0
2025-03-09 05:15,0.005819
2025-03-09 05:30,0.001619
2025-03-09 05:45,0.011274
2025-03-09 06:00,0.0
2025-03-09 06:15,0.0
2025-03-09 06:30,0.0
2025-03-09 06:45,0.001263
2025-03-09 07:00,0.00554
2025-03-09 07:15,0.0
2025-03-09 07:30,0.0
2025-03-09 07:45,0.000259
2025-03-09 08:00,0.0
2025-03-09 08:15,0.0
2025-03-09 08:30,0.0
2025-03-09 08:45,0.000283
2025-03-09 09:00,0.000259
2025-03-09 09:15,0.0
2025-03-09 09:30,0.0
2025-03-09 09:45,0.0
2025-03-09 10:00,0.0
2025-03-09 10:15,0.0
2025-03-09 10:30,0.0
2025-03-09 10:45,0.0
2025-03-09 11:00,0.0
2025-03-09 11:15,0.0
2025-03-09 11:30,0.0
2025-03-09 11:45,0.0
2025-03-09 12:00,0.0
2025-03-09 12:15,0.0
2025-03-09 12:30,0.0
2025-03-09 12:45,0.005835
2025-03-09 13:00,0.010044
2025-03-09 13:15,0.023276
2025-03-09 13:30,0.0
2025-03-09 13:45,0.0
2025-03-09 14:00,0.001364
2025-03-09 14:15,0.0
2025-03-09 14:30,0.0
2025-03-09 14:45,0.0
2025-03-09 15:00,0.0
2025-03-09 15:15,0.00038
2025-03-09 15:30,0.059764
2025-03-09 15:45,0.419807
2025-03-09 16:00,0.432805
2025-03-09 16:15,0.411172
2025-03-09 16:30,0.379544
2025-03-09 16:45,0.51266
2025-03-09 17:00,0.308413
2025-03-09 17:15,0.000235
2025-03-09 17:30,0.006248
2025-03-09 17:45,0.0
2025-03-09 18:00,0.002039
2025-03-09 18:15,0.006317
2025-03-09 18:30,0.0
2025-03-09 18:45,0.402642
2025-03-09 19:00,0.311966
2025-03-09 19:15,0.275806
2025-03-09 19:30,0.453466
2025-03-09 19:45,0.591778
2025-03-09 20:00,0.704495
2025-03-09 20:15,0.188764
2025-03-09 20:30,0.000316
2025-03-09 20:45,0.029095
2025-03-09 21:00,0.0
2025-03-09 21:15,0.001263
2025-03-09 21:30,0.01464
2025-03-09 21:45,0.0
2025-03-09 22:00,0.000235
2025-03-09 22:15,0.001133
2025-03-09 22:30,0.000757
2025-03-09 22:45,0.006353
2025-03-09 23:00,0.015774
2025-03-09 23:15,0.0
2025-03-09 23:30,0.000259
2025-03-09 23:45,0.001263
2025-03-10 00:00,0.0
2025-03-10 00:15,0.000316
2025-03-10 00:30,0.0
2025-03-10 00:45,0.01167
2025-03-10 01:00,0.007693
2025-03-10 01:15,0.011638
2025-03-10 01:30,0.0
2025-03-10 01:45,0.0
2025-03-10 02:00,0.0
2025-03-10 02:15,0.0
2025-03-10 02:30,0.0
2025-03-10 02:45,0.0
2025-03-10 03:00,0.000299
2025-03-10 03:15,0.000283
2025-03-10 03:30,0.0
2025-03-10 03:45,0.007587
2025-03-10 04:00,0.0
2025-03-10 04:15,0.0
2025-03-10 04:30,0.005835
2025-03-10 04:45,0.0
2025-03-10 05:00,0.0
2025-03-10 05:15,0.001133
2025-03-10 05:30,0.006228
2025-03-10 05:45,0.0
2025-03-10 06:00,0.000575
2025-03-10 06:15,0.01167
2025-03-10 06:30,0.0
2025-03-10 06:45,0.006216
2025-03-10 07:00,0.011962
2025-03-10 07:15,0.0
2025-03-10 07:30,0.0
2025-03-10 07:45,0.0
2025-03-10 08:00,0.0
2025-03-10 08:15,0.0
2025-03-10 08:30,0.000299
2025-03-10 08:45,0.0
2025-03-10 09:00,0.0
2025-03-10 09:15,0.0
2025-03-10 09:30,0.0
2025-03-10 09:45,0.000259
2025-03-10 10:00,0.000409
2025-03-10 10:15,0.0
2025-03-10 10:30,0.0
2025-03-10 10:45,0.0
2025-03-10 11:00,0.000364
2025-03-10 11:15,0.03425
2025-03-10 11:30,0.023276
2025-03-10 11:45,0.0
2025-03-10 12:00,0.0
2025-03-10 12:15,0.020621
2025-03-10 12:30,0.010456
2025-03-10 12:45,0.01095
2025-03-10 13:00,0.0
2025-03-10 13:15,0.023276
2025-03-10 13:30,0.012528
2025-03-10 13:45,0.01099
2025-03-10 14:00,0.005042
2025-03-10 14:15,0.006183
2025-03-10 14:30,0.010877
2025-03-10 14:45,0.0
2025-03-10 15:00,0.344233
2025-03-10 15:15,0.005722
2025-03-10 15:30,0.156505
2025-03-10 15:45,0.292858
2025-03-10 16:00,0.230493
2025-03-10 16:15,0.502321
2025-03-10 16:30,0.536041
2025-03-10 16:45,0.869057
2025-03-10 17:00,0.349923
2025-03-10 17:15,0.029095
2025-03-10 17:30,0.0
2025-03-10 17:45,0.011792
2025-03-10 18:00,0.000567
2025-03-10 18:15,0.0
2025-03-10 18:30,0.004217
2025-03-10 18:45,0.419876
2025-03-10 19:00,0.22418
2025-03-10 19:15,0.310461
2025-03-10 19:30,0.482003
2025-03-10 19:45,0.533605
2025-03-10 20:00,0.898638
2025-03-10 20:15,0.228218
2025-03-10 20:30,0.005091
2025-03-10 20:45,0.005835
2025-03-10 21:00,0.017748
2025-03-10 21:15,0.010133
2025-03-10 21:30,0.001522
2025-03-10 21:45,0.005819
2025-03-10 22:00,0.005835
2025-03-10 22:15,0.0
2025-03-10 22:30,0.0
2025-03-10 22:45,0.0
2025-03-10 23:00,0.002327
2025-03-10 23:15,0.005511
2025-03-10 23:30,0.005835
2025-03-10 23:45,0.00038
2025-03-11 00:00,0.0
2025-03-11 00:15,0.0
2025-03-11 00:30,0.002327
2025-03-11 00:45,0.00125
2025-03-11 01:00,0.005835
2025-03-11 01:15,0.008194
2025-03-11 01:30,0.001214
2025-03-11 01:45,0.0
2025-03-11 02:00,0.0
2025-03-11 02:15,0.00049
2025-03-11 02:30,0.0
2025-03-11 02:45,0.0
2025-03-11 03:00,0.005835
2025-03-11 03:15,0.0
2025-03-11 03:30,0.01099
2025-03-11 03:45,0.0
2025-03-11 04:00,0.005835
2025-03-11 04:15,0.0
2025-03-11 04:30,0.0
2025-03-11 04:45,0.0
2025-03-11 05:00,0.0
2025-03-11 05:15,0.0
2025-03-11 05:30,0.005835
2025-03-11 05:45,0.001416
2025-03-11 06:00,0.005835
2025-03-11 06:15,0.017756
2025-03-11 06:30,0.0
2025-03-11 06:45,0.000235
2025-03-11 07:00,0.006143
2025-03-11 07:15,0.0
2025-03-11 07:30,0.012285
2025-03-11 07:45,0.0
2025-03-11 08:00,0.0
2025-03-11 08:15,0.0
2025-03-11 08:30,0.0
2025-03-11 08:45,0.0
2025-03-11 09:00,0.0
2025-03-11 09:15,0.0
2025-03-11 09:30,0.0
2025-03-11 09:45,0.006143
2025-03-11 10:00,0.0
2025-03-11 10:15,0.0
2025-03-11 10:30,0.01337
2025-03-11 10:45,0.0
2025-03-11 11:00,0.000429
2025-03-11 11:15,0.0
2025-03-11 11:30,0.0
2025-03-11 11:45,0.000789
2025-03-11 12:00,0.000259
2025-03-11 12:15,0.002355
2025-03-11 12:30,0.000469
2025-03-11 12:45,0.008595
2025-03-11 13:00,0.008911
2025-03-11 13:15,0.059501
2025-03-11 13:30,0.011347
2025-03-11 13:45,0.028747
2025-03-11 14:00,0.022596
2025-03-11 14:15,0.0
2025-03-11 14:30,0.0
2025-03-11 14:45,0.000542
2025-03-11 15:00,0.019298
2025-03-11 15:15,0.015078
2025-03-11 15:30,0.124764
2025-03-11 15:45,0.343133
2025-03-11 16:00,0.503858
2025-03-11 16:15,0.407239
2025-03-11 16:30,0.405725
2025-03-11 16:45,0.853866
2025-03-11 17:00,0.323029
2025-03-11 17:15,0.00607
2025-03-11 17:30,0.010452
2025-03-11 17:45,0.0
2025-03-11 18:00,0.017505
2025-03-11 18:15,0.079127
2025-03-11 18:30,0.032421
2025-03-11 18:45,0.326412
2025-03-11 19:00,0.265042
2025-03-11 19:15,0.313188
2025-03-11 19:30,0.292251
2025-03-11 19:45,0.405855
2025-03-11 20:00,0.582872
2025-03-11 20:15,0.1112
2025-03-11 20:30,0.005835
2025-03-11 20:45,0.006394
2025-03-11 21:00,0.006118
2025-03-11 21:15,0.020714
2025-03-11 21:30,0.005843
2025-03-11 21:45,0.0
2025-03-11 22:00,0.0
2025-03-11 22:15,0.005835
2025-03-11 22:30,0.000299
2025-03-11 22:45,0.0
2025-03-11 23:00,0.007308
2025-03-11 23:15,0.0
2025-03-11 23:30,0.01167
2025-03-11 23:45,0.21251
2025-03-12 00:00,0.0
2025-03-12 00:00,0.0
2025-03-12 00:15,0.0
2025-03-12 00:30,0.0
2025-03-12 00:45,0.000494
2025-03-12 01:00,0.006786
2025-03-12 01:15,0.0
2025-03-12 01:30,0.018032
2025-03-12 01:45,0.0
2025-03-12 02:00,0.013048
2025-03-12 02:15,0.0
2025-03-12 02:30,0.006483
2025-03-12 02:45,0.0
2025-03-12 03:00,0.011765
2025-03-12 03:15,0.005891
2025-03-12 03:30,0.005891
2025-03-12 03:45,0.0
2025-03-12 04:00,0.0
2025-03-12 04:15,0.0
2025-03-12 04:30,0.0
2025-03-12 04:45,0.0
2025-03-12 05:00,0.0
2025-03-12 05:15,0.0
2025-03-12 05:30,0.0
2025-03-12 05:45,0.0
2025-03-12 06:00,0.0
2025-03-12 06:15,0.0
2025-03-12 06:30,0.0
2025-03-12 06:45,0.0
2025-03-12 07:00,0.01103
2025-03-12 07:15,0.012411
2025-03-12 07:30,0.000404
2025-03-12 07:45,0.0
2025-03-12 08:00,0.0
2025-03-12 08:15,0.0
2025-03-12 08:30,0.0
2025-03-12 08:45,0.006201
2025-03-12 09:00,0.0
2025-03-12 09:15,0.0
2025-03-12 09:30,0.0
2025-03-12 09:45,0.000237
2025-03-12 10:00,0.0
2025-03-12 10:15,0.0
2025-03-12 10:30,0.0
2025-03-12 10:45,0.0
2025-03-12 11:00,0.000388
2025-03-12 11:15,0.0
2025-03-12 11:30,0.0
2025-03-12 11:45,0.011782
2025-03-12 12:00,0.006287
2025-03-12 12:15,0.006177
2025-03-12 12:30,0.010401
2025-03-12 12:45,0.005891
2025-03-12 13:00,0.010622
2025-03-12 13:15,0.024544
2025-03-12 13:30,0.261773
2025-03-12 13:45,0.105844
2025-03-12 14:00,0.000919
2025-03-12 14:15,0.010826
2025-03-12 14:30,0.0
2025-03-12 14:45,0.00337
2025-03-12 15:00,0.012125
2025-03-12 15:15,0.006054
2025-03-12 15:30,0.129028
2025-03-12 15:45,0.254019
2025-03-12 16:00,0.317372
2025-03-12 16:15,0.400176
2025-03-12 16:30,0.693891
2025-03-12 16:45,0.788586
2025-03-12 17:00,0.194538
2025-03-12 17:15,0.03671
2025-03-12 17:30,0.000237
2025-03-12 17:45,0.016586
2025-03-12 18:00,0.000474
2025-03-12 18:15,0.029851
2025-03-12 18:30,0.012051
2025-03-12 18:45,0.412844
2025-03-12 19:00,0.204678
2025-03-12 19:15,0.227244
2025-03-12 19:30,0.513226
2025-03-12 19:45,0.634753
2025-03-12 20:00,0.706873
2025-03-12 20:15,0.119109
2025-03-12 20:30,0.005891
2025-03-12 20:45,0.0
2025-03-12 21:00,0.045264
2025-03-12 21:15,0.000474
2025-03-12 21:30,0.000286
2025-03-12 21:45,0.108332
2025-03-12 22:00,0.000364
2025-03-12 22:15,0.041138
2025-03-12 22:30,0.0
2025-03-12 22:45,0.005891
2025-03-12 23:00,0.008179
2025-03-12 23:15,0.001221
2025-03-12 23:30,0.003652
2025-03-12 23:45,0.000286
2025-03-13 00:00,0.011945
2025-03-13 00:15,0.005891
2025-03-13 00:30,0.005891
2025-03-13 00:45,0.005891
2025-03-13 01:00,0.044986
2025-03-13 01:15,0.006389
2025-03-13 01:30,0.040027
2025-03-13 01:45,0.023498
2025-03-13 02:00,0.0
2025-03-13 02:15,0.007035
2025-03-13 02:30,0.0
2025-03-13 02:45,0.000286
2025-03-13 03:00,0.006839
2025-03-13 03:15,0.0
2025-03-13 03:30,0.000261
2025-03-13 03:45,0.0
2025-03-13 04:00,0.012019
2025-03-13 04:15,0.0
2025-03-13 04:30,0.0
2025-03-13 04:45,0.000678
2025-03-13 05:00,0.005826
2025-03-13 05:15,0.001144
2025-03-13 05:30,0.006177
2025-03-13 05:45,0.04993
2025-03-13 06:00,0.0
2025-03-13 06:15,0.0
2025-03-13 06:30,0.000237
2025-03-13 06:45,0.035958
2025-03-13 07:00,0.0
2025-03-13 07:15,0.00672
2025-03-13 07:30,0.0
2025-03-13 07:45,0.0
2025-03-13 08:00,0.0
2025-03-13 08:15,0.0004
2025-03-13 08:30,0.0
2025-03-13 08:45,0.0
2025-03-13 09:00,0.000319
2025-03-13 09:15,0.0
2025-03-13 09:30,0.0
2025-03-13 09:45,0.0
2025-03-13 10:00,0.0
2025-03-13 10:15,0.0
2025-03-13 10:30,0.001046
2025-03-13 10:45,0.005752
2025-03-13 11:00,0.005752
2025-03-13 11:15,0.0
2025-03-13 11:30,0.0
2025-03-13 11:45,0.002369
2025-03-13 12:00,0.005282
2025-03-13 12:15,0.005687
2025-03-13 12:30,0.006259
2025-03-13 12:45,0.012529
2025-03-13 13:00,0.012166
2025-03-13 13:15,0.050689
2025-03-13 13:30,0.054415
2025-03-13 13:45,0.101121
2025-03-13 14:00,0.023874
2025-03-13 14:15,0.02271
2025-03-13 14:30,0.019331
2025-03-13 14:45,0.013469
2025-03-13 15:00,0.007182
2025-03-13 15:15,0.0
2025-03-13 15:30,0.118447
2025-03-13 15:45,0.261319
2025-03-13 16:00,0.392904
2025-03-13 16:15,0.662124
2025-03-13 16:30,0.633781
2025-03-13 16:45,0.726458
2025-03-13 17:00,0.462267
2025-03-13 17:15,0.000699
2025-03-13 17:30,0.017942
2025-03-13 17:45,0.007137
2025-03-13 18:00,0.000498
2025-03-13 18:15,0.000523
2025-03-13 18:30,0.034091
2025-03-13 18:45,0.416737
2025-03-13 19:00,0.375766
2025-03-13 19:15,0.305938
2025-03-13 19:30,0.757346
2025-03-13 19:45,0.563846
2025-03-13 20:00,0.993852
2025-03-13 20:15,0.117491
2025-03-13 20:30,0.017158
2025-03-13 20:45,0.007076
2025-03-13 21:00,0.025966
2025-03-13 21:15,0.0
2025-03-13 21:30,0.011504
2025-03-13 21:45,0.024491
2025-03-13 22:00,0.002316
2025-03-13 22:15,0.000572
2025-03-13 22:30,0.0
2025-03-13 22:45,0.0
2025-03-13 23:00,0.003366
2025-03-13 23:15,0.002615
2025-03-13 23:30,0.006034
2025-03-13 23:45,0.0
2025-03-14 00:00,0.00632
2025-03-14 00:15,0.000237
2025-03-14 00:30,0.00076
2025-03-14 00:45,0.005891
2025-03-14 01:00,0.005891
2025-03-14 01:15,0.035501
2025-03-14 01:30,0.023498
2025-03-14 01:45,0.012186
2025-03-14 02:00,0.012162
2025-03-14 02:15,0.000302
2025-03-14 02:30,0.005891
2025-03-14 02:45,0.002116
2025-03-14 03:00,0.000547
2025-03-14 03:15,0.0
2025-03-14 03:30,0.000261
2025-03-14 03:45,0.001548
2025-03-14 04:00,0.000286
2025-03-14 04:15,0.000413
2025-03-14 04:30,0.000376
2025-03-14 04:45,0.0
2025-03-14 05:00,0.000572
2025-03-14 05:15,0.00038
2025-03-14 05:30,0.00038
2025-03-14 05:45,0.033973
2025-03-14 06:00,0.000261
2025-03-14 06:15,0.00199
2025-03-14 06:30,0.000768
2025-03-14 06:45,0.005875
2025-03-14 07:00,0.006463
2025-03-14 07:15,0.000261
2025-03-14 07:30,0.001348
2025-03-14 07:45,0.000498
2025-03-14 08:00,0.005891
2025-03-14 08:15,0.0
2025-03-14 08:30,0.0
2025-03-14 08:45,0.0
2025-03-14 09:00,0.000261
2025-03-14 09:15,0.0
2025-03-14 09:30,0.000261
2025-03-14 09:45,0.038033
2025-03-14 10:00,0.0
2025-03-14 10:15,0.0
2025-03-14 10:30,0.0
2025-03-14 10:45,0.0
2025-03-14 11:00,0.081725
2025-03-14 11:15,0.005891
2025-03-14 11:30,0.006528
2025-03-14 11:45,0.002557
2025-03-14 12:00,0.000237
2025-03-14 12:15,0.0
2025-03-14 12:30,0.005854
2025-03-14 12:45,0.000261
2025-03-14 13:00,0.0
2025-03-14 13:15,0.001009
2025-03-14 13:30,0.0
2025-03-14 13:45,0.005875
2025-03-14 14:00,0.0
2025-03-14 14:15,0.011328
2025-03-14 14:30,0.018147
2025-03-14 14:45,0.024221
2025-03-14 15:00,0.0004
2025-03-14 15:15,0.001753
2025-03-14 15:30,0.134183
2025-03-14 15:45,0.337668
2025-03-14 16:00,0.461842
2025-03-14 16:15,0.420606
2025-03-14 16:30,0.571073
2025-03-14 16:45,0.991568
2025-03-14 17:00,0.377703
2025-03-14 17:15,0.005535
2025-03-14 17:30,0.000564
2025-03-14 17:45,0.0
2025-03-14 18:00,0.002905
2025-03-14 18:15,0.017644
2025-03-14 18:30,0.0
2025-03-14 18:45,0.531969
2025-03-14 19:00,0.236624
2025-03-14 19:15,0.386564
2025-03-14 19:30,0.757555
2025-03-14 19:45,0.37173
2025-03-14 20:00,0.844419
2025-03-14 20:15,0.22903
2025-03-14 20:30,0.0
2025-03-14 20:45,0.011627
2025-03-14 21:00,0.011765
2025-03-14 21:15,0.012064
2025-03-14 21:30,0.028548
2025-03-14 21:45,0.000756
2025-03-14 22:00,0.000261
2025-03-14 22:15,0.005687
2025-03-14 22:30,0.0
2025-03-14 22:45,0.0
2025-03-14 23:00,0.000752
2025-03-14 23:15,0.012538
2025-03-14 23:30,0.0
2025-03-14 23:45,0.005875
2025-03-15 00:00,0.000833
2025-03-15 00:15,0.016978
2025-03-15 00:30,0.0
2025-03-15 00:45,0.0
2025-03-15 01:00,0.02925
2025-03-15 01:15,0.002525
2025-03-15 01:30,0.024642
2025-03-15 01:45,0.005875
2025-03-15 02:00,0.005891
2025-03-15 02:15,0.0
2025-03-15 02:30,0.000261
2025-03-15 02:45,0.001499
2025-03-15 03:00,0.006455
2025-03-15 03:15,0.0
2025-03-15 03:30,0.000662
2025-03-15 03:45,0.0
2025-03-15 04:00,0.000302
2025-03-15 04:15,0.006471
2025-03-15 04:30,0.001928
2025-03-15 04:45,0.005891
2025-03-15 05:00,0.0
2025-03-15 05:15,0.0
2025-03-15 05:30,0.0
2025-03-15 05:45,0.0004
2025-03-15 06:00,0.0
2025-03-15 06:15,0.0
2025-03-15 06:30,0.005875
2025-03-15 06:45,0.0
2025-03-15 07:00,0.000768
2025-03-15 07:15,0.000302
2025-03-15 07:30,0.0
2025-03-15 07:45,0.0
2025-03-15 08:00,0.000302
2025-03-15 08:15,0.0
2025-03-15 08:30,0.0
2025-03-15 08:45,0.0
2025-03-15 09:00,0.0
2025-03-15 09:15,0.000261
2025-03-15 09:30,0.005875
2025-03-15 09:45,0.0
2025-03-15 10:00,0.0
2025-03-15 10:15,0.0
2025-03-15 10:30,0.000498
2025-03-15 10:45,0.0
2025-03-15 11:00,0.0
2025-03-15 11:15,0.0
2025-03-15 11:30,0.002937
2025-03-15 11:45,0.0
2025-03-15 12:00,0.0
2025-03-15 12:15,0.0
2025-03-15 12:30,0.0
2025-03-15 12:45,0.001397
2025-03-15 13:00,0.0
2025-03-15 13:15,0.0
2025-03-15 13:30,0.001295
2025-03-15 13:45,0.00058
2025-03-15 14:00,0.000237
2025-03-15 14:15,0.000261
2025-03-15 14:30,0.0
2025-03-15 14:45,0.0
2025-03-15 15:00,0.0
2025-03-15 15:15,0.005891
2025-03-15 15:30,0.267606
2025-03-15 15:45,0.396217
2025-03-15 16:00,0.466532
2025-03-15 16:15,0.528693
2025-03-15 16:30,0.636485
2025-03-15 16:45,0.896158
2025-03-15 17:00,0.399199
2025-03-15 17:15,0.005891
2025-03-15 17:30,0.0
2025-03-15 17:45,0.00585
2025-03-15 18:00,0.006136
2025-03-15 18:15,0.005891
2025-03-15 18:30,0.0
2025-03-15 18:45,0.474612
2025-03-15 19:00,0.249468
2025-03-15 19:15,0.301538
2025-03-15 19:30,0.510942
2025-03-15 19:45,0.403252
2025-03-15 20:00,0.966113
2025-03-15 20:15,0.144049
2025-03-15 20:30,0.001671
2025-03-15 20:45,0.0
2025-03-15 21:00,0.005891
2025-03-15 21:15,0.01103
2025-03-15 21:30,0.017673
2025-03-15 21:45,0.000596
2025-03-15 22:00,0.0
2025-03-15 22:15,0.0
2025-03-15 22:30,0.0
2025-03-15 22:45,0.0
2025-03-15 23:00,0.0
2025-03-15 23:15,0.0
2025-03-15 23:30,0.0
2025-03-15 23:45,0.005891
2025-03-16 00:00,0.0
2025-03-16 00:15,0.002034
2025-03-16 00:30,0.0
2025-03-16 00:45,0.0
2025-03-16 01:00,0.005891
2025-03-16 01:15,0.003121
2025-03-16 01:30,0.023498
2025-03-16 01:45,0.000237
2025-03-16 02:00,0.0
2025-03-16 02:15,0.0
2025-03-16 02:30,0.0
2025-03-16 02:45,0.0
2025-03-16 03:00,0.0
2025-03-16 03:15,0.006365
2025-03-16 03:30,0.0
2025-03-16 03:45,0.0
2025-03-16 04:00,0.005891
2025-03-16 04:15,0.0
2025-03-16 04:30,0.0
2025-03-16 04:45,0.0
2025-03-16 05:00,0.006397
2025-03-16 05:15,0.000286
2025-03-16 05:30,0.006177
2025-03-16 05:45,0.01237
2025-03-16 06:00,0.0
2025-03-16 06:15,0.0
2025-03-16 06:30,0.000319
2025-03-16 06:45,0.0
2025-03-16 07:00,0.006463
2025-03-16 07:15,0.000261
2025-03-16 07:30,0.0
2025-03-16 07:45,0.0
2025-03-16 08:00,0.0
2025-03-16 08:15,0.0
2025-03-16 08:30,0.0
2025-03-16 08:45,0.0
2025-03-16 09:00,0.000261
2025-03-16 09:15,0.0
2025-03-16 09:30,0.0
2025-03-16 09:45,0.0
2025-03-16 10:00,0.0
2025-03-16 10:15,0.0
2025-03-16 10:30,0.0
2025-03-16 10:45,0.0
2025-03-16 11:00,0.000237
2025-03-16 11:15,0.0
2025-03-16 11:30,0.0
2025-03-16 11:45,0.0
2025-03-16 12:00,0.0
2025-03-16 12:15,0.0
2025-03-16 12:30,0.0
2025-03-16 12:45,0.0
2025-03-16 13:00,0.0
2025-03-16 13:15,0.000286
2025-03-16 13:30,0.0
2025-03-16 13:45,0.003791
2025-03-16 14:00,0.0
2025-03-16 14:15,0.0
2025-03-16 14:30,0.0
2025-03-16 14:45,0.0
2025-03-16 15:00,0.006365
2025-03-16 15:15,0.005891
2025-03-16 15:30,0.102441
2025-03-16 15:45,0.239606
2025-03-16 16:00,0.504941
2025-03-16 16:15,0.415548
2025-03-16 16:30,0.601818
2025-03-16 16:45,1.0
2025-03-16 17:00,0.422632
2025-03-16 17:15,0.0
2025-03-16 17:30,0.005891
2025-03-16 17:45,0.0
2025-03-16 18:00,0.0
2025-03-16 18:15,0.000605
2025-03-16 18:30,0.006177
2025-03-16 18:45,0.590984
2025-03-16 19:00,0.135188
2025-03-16 19:15,0.402827
2025-03-16 19:30,0.705231
2025-03-16 19:45,0.3168
2025-03-16 20:00,0.809821
2025-03-16 20:15,0.295525
2025-03-16 20:30,0.0
2025-03-16 20:45,0.006299
2025-03-16 21:00,0.001262
2025-03-16 21:15,0.005875
2025-03-16 21:30,0.005891
2025-03-16 21:45,0.005891
2025-03-16 22:00,0.0
2025-03-16 22:15,0.006455
2025-03-16 22:30,0.0
2025-03-16 22:45,0.001262
2025-03-16 23:00,0.001234
2025-03-16 23:15,0.011782
2025-03-16 23:30,0.0
2025-03-16 23:45,0.0
2025-03-17 00:00,0.001275
2025-03-17 00:15,0.005891
2025-03-17 00:30,0.005891
2025-03-17 00:45,0.0
2025-03-17 01:00,0.0
2025-03-17 01:15,0.051343
2025-03-17 01:30,0.0
2025-03-17 01:45,0.00069
2025-03-17 02:00,0.0
2025-03-17 02:15,0.000237
2025-03-17 02:30,0.0
2025-03-17 02:45,0.000572
2025-03-17 03:00,0.001536
2025-03-17 03:15,0.005891
2025-03-17 03:30,0.0
2025-03-17 03:45,0.0
2025-03-17 04:00,0.0
2025-03-17 04:15,0.0
2025-03-17 04:30,0.002255
2025-03-17 04:45,0.017558
2025-03-17 05:00,0.02233
2025-03-17 05:15,0.006111
2025-03-17 05:30,0.0
2025-03-17 05:45,0.022575
2025-03-17 06:00,0.0
2025-03-17 06:15,0.000429
2025-03-17 06:30,0.007047
2025-03-17 06:45,0.0
2025-03-17 07:00,0.006201
2025-03-17 07:15,0.0
2025-03-17 07:30,0.012403
2025-03-17 07:45,0.0
2025-03-17 08:00,0.003419
2025-03-17 08:15,0.0
2025-03-17 08:30,0.0
2025-03-17 08:45,0.0
2025-03-17 09:00,0.0
2025-03-17 09:15,0.0
2025-03-17 09:30,0.006161
2025-03-17 09:45,0.0
2025-03-17 10:00,0.0
2025-03-17 10:15,0.0
2025-03-17 10:30,0.0
2025-03-17 10:45,0.000302
2025-03-17 11:00,0.0
2025-03-17 11:15,0.0
2025-03-17 11:30,0.0
2025-03-17 11:45,0.002418
2025-03-17 12:00,0.0
2025-03-17 12:15,0.005568
2025-03-17 12:30,0.000364
2025-03-17 12:45,0.000237
2025-03-17 13:00,0.005891
2025-03-17 13:15,0.004388
2025-03-17 13:30,0.011782
2025-03-17 13:45,0.00038
2025-03-17 14:00,0.038266
2025-03-17 14:15,0.000682
2025-03-17 14:30,0.012399
2025-03-17 14:45,0.011782
2025-03-17 15:00,0.0
2025-03-17 15:15,0.012497
2025-03-17 15:30,0.126907
2025-03-17 15:45,0.178843
2025-03-17 16:00,0.484597
2025-03-17 16:15,0.459979
2025-03-17 16:30,0.636759
2025-03-17 16:45,0.867185
2025-03-17 17:00,0.358813
2025-03-17 17:15,0.00509
2025-03-17 17:30,0.010246
2025-03-17 17:45,0.024438
2025-03-17 18:00,0.001695
2025-03-17 18:15,0.008056
2025-03-17 18:30,0.01103
2025-03-17 18:45,0.569912
2025-03-17 19:00,0.259321
2025-03-17 19:15,0.206982
2025-03-17 19:30,0.885365
2025-03-17 19:45,0.481933
2025-03-17 20:00,0.762534
2025-03-17 20:15,0.196805
2025-03-17 20:30,0.029017
2025-03-17 20:45,0.009702
2025-03-17 21:00,0.0
2025-03-17 21:15,0.000286
2025-03-17 21:30,0.00509
2025-03-17 21:45,0.01172
2025-03-17 22:00,0.010981
2025-03-17 22:15,0.006365
2025-03-17 22:30,0.017395
2025-03-17 22:45,0.000286
2025-03-17 23:00,0.002937
2025-03-17 23:15,0.005891
2025-03-17 23:30,0.0
2025-03-17 23:45,0.0
2025-03-18 00:00,0.005891
2025-03-18 00:15,0.000572
2025-03-18 00:30,0.005752
2025-03-18 00:45,0.0
2025-03-18 01:00,0.0
2025-03-18 01:15,0.01813
2025-03-18 01:30,0.0
2025-03-18 01:45,0.000286
2025-03-18 02:00,0.0
2025-03-18 02:15,0.0
2025-03-18 02:30,0.006839
2025-03-18 02:45,0.0
2025-03-18 03:00,0.000809
2025-03-18 03:15,0.011533
2025-03-18 03:30,0.000302
2025-03-18 03:45,0.0
2025-03-18 04:00,0.001144
2025-03-18 04:15,0.0
2025-03-18 04:30,0.0
2025-03-18 04:45,0.002288
2025-03-18 05:00,0.0
2025-03-18 05:15,0.0
2025-03-18 05:30,0.0
2025-03-18 05:45,0.016643
2025-03-18 06:00,0.001618
2025-03-18 06:15,0.005875
2025-03-18 06:30,0.0
2025-03-18 06:45,0.000286
2025-03-18 07:00,0.005695
2025-03-18 07:15,0.006606
2025-03-18 07:30,0.006986
2025-03-18 07:45,0.0
2025-03-18 08:00,0.0
2025-03-18 08:15,0.0
2025-03-18 08:30,0.0
2025-03-18 08:45,0.002606
2025-03-18 09:00,0.001087
2025-03-18 09:15,0.000523
2025-03-18 09:30,0.00031
2025-03-18 09:45,0.0
2025-03-18 10:00,0.0
2025-03-18 10:15,0.0
2025-03-18 10:30,0.123749
2025-03-18 10:45,0.041134
2025-03-18 11:00,0.149184
2025-03-18 11:15,0.006896
2025-03-18 11:30,0.012337
2025-03-18 11:45,0.0
2025-03-18 12:00,0.015287
2025-03-18 12:15,0.047307
2025-03-18 12:30,0.001381
2025-03-18 12:45,0.034655
2025-03-18 13:00,0.0
2025-03-18 13:15,0.109982
2025-03-18 13:30,0.002423
2025-03-18 13:45,0.072366
2025-03-18 14:00,0.024499
2025-03-18 14:15,0.001332
2025-03-18 14:30,0.0
2025-03-18 14:45,0.011962
2025-03-18 15:00,0.010462
2025-03-18 15:15,0.005891
2025-03-18 15:30,0.262381
2025-03-18 15:45,0.275058
2025-03-18 16:00,0.584296
2025-03-18 16:15,0.757236
2025-03-18 16:30,0.560467
2025-03-18 16:45,0.908569
2025-03-18 17:00,0.487836
2025-03-18 17:15,0.017142
2025-03-18 17:30,0.00509
2025-03-18 17:45,0.006651
2025-03-18 18:00,0.0255
2025-03-18 18:15,0.012905
2025-03-18 18:30,0.0
2025-03-18 18:45,0.661613
2025-03-18 19:00,0.26493
2025-03-18 19:15,0.282485
2025-03-18 19:30,0.596863
2025-03-18 19:45,0.885561
2025-03-18 20:00,0.942112
2025-03-18 20:15,0.207545
2025-03-18 20:30,0.044022
2025-03-18 20:45,0.033973
2025-03-18 21:00,0.004424
2025-03-18 21:15,0.001463
2025-03-18 21:30,0.000805
2025-03-18 21:45,0.0
2025-03-18 22:00,0.030222
2025-03-18 22:15,0.0
2025-03-18 22:30,0.0
2025-03-18 22:45,0.001046
2025-03-18 23:00,0.0
2025-03-18 23:15,0.005311
2025-03-18 23:30,0.006267
2025-03-18 23:45,0.002553
2025-03-19 00:00,0.006287
2025-03-19 00:00,0.00592
2025-03-19 00:15,0.000269
2025-03-19 00:30,0.0
2025-03-19 00:45,0.0
2025-03-19 01:00,0.0003
2025-03-19 01:15,0.027236
2025-03-19 01:30,0.000469
2025-03-19 01:45,0.000639
2025-03-19 02:00,0.0
2025-03-19 02:15,0.001681
2025-03-19 02:30,0.01668
2025-03-19 02:45,0.005547
2025-03-19 03:00,0.007701
2025-03-19 03:15,0.0
2025-03-19 03:30,0.020519
2025-03-19 03:45,0.005355
2025-03-19 04:00,0.0
2025-03-19 04:15,0.0
2025-03-19 04:30,0.0
2025-03-19 04:45,0.022435
2025-03-19 05:00,0.015757
2025-03-19 05:15,0.012364
2025-03-19 05:30,0.03149
2025-03-19 05:45,0.000565
2025-03-19 06:00,0.0
2025-03-19 06:15,0.0
2025-03-19 06:30,0.0
2025-03-19 06:45,0.000269
2025-03-19 07:00,0.000223
2025-03-19 07:15,0.009436
2025-03-19 07:30,0.000223
2025-03-19 07:45,0.000808
2025-03-19 08:00,0.0
2025-03-19 08:15,0.0
2025-03-19 08:30,0.0
2025-03-19 08:45,0.0
2025-03-19 09:00,0.0
2025-03-19 09:15,0.0
2025-03-19 09:30,0.0
2025-03-19 09:45,0.0
2025-03-19 10:00,0.0
2025-03-19 10:15,0.0
2025-03-19 10:30,0.011094
2025-03-19 10:45,0.0
2025-03-19 11:00,0.005532
2025-03-19 11:15,0.001746
2025-03-19 11:30,0.007297
2025-03-19 11:45,0.025351
2025-03-19 12:00,0.007709
2025-03-19 12:15,0.005278
2025-03-19 12:30,0.017061
2025-03-19 12:45,0.005547
2025-03-19 13:00,0.018134
2025-03-19 13:15,0.022881
2025-03-19 13:30,0.015314
2025-03-19 13:45,0.027882
2025-03-19 14:00,0.06972
2025-03-19 14:15,0.006159
2025-03-19 14:30,0.012356
2025-03-19 14:45,0.011094
2025-03-19 15:00,0.005547
2025-03-19 15:15,0.013195
2025-03-19 15:30,0.149492
2025-03-19 15:45,0.321561
2025-03-19 16:00,0.33836
2025-03-19 16:15,0.8248
2025-03-19 16:30,0.421255
2025-03-19 16:45,0.717073
2025-03-19 17:00,0.430234
2025-03-19 17:15,0.013364
2025-03-19 17:30,0.017949
2025-03-19 17:45,0.017049
2025-03-19 18:00,0.006016
2025-03-19 18:15,0.011683
2025-03-19 18:30,0.0
2025-03-19 18:45,0.716065
2025-03-19 19:00,0.290517
2025-03-19 19:15,0.361064
2025-03-19 19:30,0.489394
2025-03-19 19:45,0.394112
2025-03-19 20:00,0.835959
2025-03-19 20:15,0.134324
2025-03-19 20:30,0.003424
2025-03-19 20:45,0.013025
2025-03-19 21:00,0.005547
2025-03-19 21:15,0.024889
2025-03-19 21:30,0.022966
2025-03-19 21:45,0.000246
2025-03-19 22:00,0.005547
2025-03-19 22:15,0.0
2025-03-19 22:30,0.031479
2025-03-19 22:45,0.044593
2025-03-19 23:00,0.036303
2025-03-19 23:15,0.033221
2025-03-19 23:30,0.002962
2025-03-19 23:45,0.005547
2025-03-20 00:00,0.009825
2025-03-20 00:15,0.0
2025-03-20 00:30,0.0
2025-03-20 00:45,0.011094
2025-03-20 01:00,0.315348
2025-03-20 01:15,0.0
2025-03-20 01:30,0.022127
2025-03-20 01:45,0.011079
2025-03-20 02:00,0.02857
2025-03-20 02:15,0.005755
2025-03-20 02:30,0.0
2025-03-20 02:45,0.001377
2025-03-20 03:00,0.006986
2025-03-20 03:15,0.005547
2025-03-20 03:30,0.0
2025-03-20 03:45,0.0
2025-03-20 04:00,0.0
2025-03-20 04:15,0.0
2025-03-20 04:30,0.0
2025-03-20 04:45,0.000246
2025-03-20 05:00,0.000246
2025-03-20 05:15,0.001846
2025-03-20 05:30,0.005486
2025-03-20 05:45,0.0
2025-03-20 06:00,0.0
2025-03-20 06:15,0.0
2025-03-20 06:30,0.000392
2025-03-20 06:45,0.0
2025-03-20 07:00,0.0
2025-03-20 07:15,0.00637
2025-03-20 07:30,0.000285
2025-03-20 07:45,0.0
2025-03-20 08:00,0.0
2025-03-20 08:15,0.00577
2025-03-20 08:30,0.0
2025-03-20 08:45,0.000354
2025-03-20 09:00,0.000285
2025-03-20 09:15,0.007447
2025-03-20 09:30,0.0
2025-03-20 09:45,0.0
2025-03-20 10:00,0.0
2025-03-20 10:15,0.002
2025-03-20 10:30,0.0
2025-03-20 10:45,0.0
2025-03-20 11:00,0.0
2025-03-20 11:15,0.002166
2025-03-20 11:30,0.000666
2025-03-20 11:45,0.000742
2025-03-20 12:00,0.130662
2025-03-20 12:15,0.000631
2025-03-20 12:30,0.0
2025-03-20 12:45,0.024012
2025-03-20 13:00,0.004793
2025-03-20 13:15,0.011941
2025-03-20 13:30,0.0
2025-03-20 13:45,0.043385
2025-03-20 14:00,0.026151
2025-03-20 14:15,0.020977
2025-03-20 14:30,0.01346
2025-03-20 14:45,0.025281
2025-03-20 15:00,0.000223
2025-03-20 15:15,0.016334
2025-03-20 15:30,0.234303
2025-03-20 15:45,0.311228
2025-03-20 16:00,0.514199
2025-03-20 16:15,0.648903
2025-03-20 16:30,0.59022
2025-03-20 16:45,0.954177
2025-03-20 17:00,0.414343
2025-03-20 17:15,0.000223
2025-03-20 17:30,0.006967
2025-03-20 17:45,0.010683
2025-03-20 18:00,0.006174
2025-03-20 18:15,0.017234
2025-03-20 18:30,0.010033
2025-03-20 18:45,0.61502
2025-03-20 19:00,0.341072
2025-03-20 19:15,0.39607
2025-03-20 19:30,0.828585
2025-03-20 19:45,0.496119
2025-03-20 20:00,0.744339
2025-03-20 20:15,0.233611
2025-03-20 20:30,0.0
2025-03-20 20:45,0.025247
2025-03-20 21:00,0.009463
2025-03-20 21:15,0.124253
2025-03-20 21:30,0.038438
2025-03-20 21:45,0.002612
2025-03-20 22:00,0.090431
2025-03-20 22:15,0.024097
2025-03-20 22:30,0.005547
2025-03-20 22:45,0.01226
2025-03-20 23:00,0.0
2025-03-20 23:15,0.00187
2025-03-20 23:30,0.0
2025-03-20 23:45,0.0
2025-03-21 00:00,0.0
2025-03-21 00:15,0.0
2025-03-21 00:30,0.000223
2025-03-21 00:45,0.028036
2025-03-21 01:00,0.005547
2025-03-21 01:15,0.012795
2025-03-21 01:30,0.01758
2025-03-21 01:45,0.012248
2025-03-21 02:00,0.0
2025-03-21 02:15,0.001785
2025-03-21 02:30,0.000223
2025-03-21 02:45,0.000404
2025-03-21 03:00,0.012595
2025-03-21 03:15,0.0
2025-03-21 03:30,0.001616
2025-03-21 03:45,0.007798
2025-03-21 04:00,0.0
2025-03-21 04:15,0.005816
2025-03-21 04:30,0.005224
2025-03-21 04:45,0.009113
2025-03-21 05:00,0.0
2025-03-21 05:15,0.067458
2025-03-21 05:30,0.0
2025-03-21 05:45,0.005224
2025-03-21 06:00,0.001008
2025-03-21 06:15,0.0
2025-03-21 06:30,0.0
2025-03-21 06:45,0.022127
2025-03-21 07:00,0.011371
2025-03-21 07:15,0.0
2025-03-21 07:30,0.010386
2025-03-21 07:45,0.004839
2025-03-21 08:00,0.000723
2025-03-21 08:15,0.004839
2025-03-21 08:30,0.0
2025-03-21 08:45,0.0
2025-03-21 09:00,0.006109
2025-03-21 09:15,0.0
2025-03-21 09:30,0.001169
2025-03-21 09:45,0.000246
2025-03-21 10:00,0.000223
2025-03-21 10:15,0.0
2025-03-21 10:30,0.000354
2025-03-21 10:45,0.0
2025-03-21 11:00,0.005547
2025-03-21 11:15,0.0
2025-03-21 11:30,0.0
2025-03-21 11:45,0.005443
2025-03-21 12:00,0.003985
2025-03-21 12:15,0.015064
2025-03-21 12:30,0.010963
2025-03-21 12:45,0.011133
2025-03-21 13:00,0.002262
2025-03-21 13:15,0.000354
2025-03-21 13:30,0.002797
2025-03-21 13:45,0.226779
2025-03-21 14:00,0.122506
2025-03-21 14:15,0.045485
2025-03-21 14:30,0.000223
2025-03-21 14:45,0.011656
2025-03-21 15:00,0.026993
2025-03-21 15:15,0.006247
2025-03-21 15:30,0.112412
2025-03-21 15:45,0.158597
2025-03-21 16:00,0.6106
2025-03-21 16:15,0.394678
2025-03-21 16:30,0.759634
2025-03-21 16:45,0.879663
2025-03-21 17:00,0.583138
2025-03-21 17:15,0.03673
2025-03-21 17:30,0.0
2025-03-21 17:45,0.006759
2025-03-21 18:00,0.014518
2025-03-21 18:15,0.007832
2025-03-21 18:30,0.013195
2025-03-21 18:45,0.431553
2025-03-21 19:00,0.187418
2025-03-21 19:15,0.299922
2025-03-21 19:30,0.651835
2025-03-21 19:45,0.652831
2025-03-21 20:00,0.837756
2025-03-21 20:15,0.135097
2025-03-21 20:30,0.00779
2025-03-21 20:45,0.02367
2025-03-21 21:00,0.01064
2025-03-21 21:15,0.011063
2025-03-21 21:30,0.006624
2025-03-21 21:45,0.0
2025-03-21 22:00,0.005778
2025-03-21 22:15,0.0
2025-03-21 22:30,0.010671
2025-03-21 22:45,0.0
2025-03-21 23:00,0.007405
2025-03-21 23:15,0.0
2025-03-21 23:30,0.0
2025-03-21 23:45,0.001154
2025-03-22 00:00,0.0
2025-03-22 00:15,0.0
2025-03-22 00:30,0.002289
2025-03-22 00:45,0.0
2025-03-22 01:00,0.0
2025-03-22 01:15,0.00604
2025-03-22 01:30,0.016595
2025-03-22 01:45,0.004839
2025-03-22 02:00,0.005547
2025-03-22 02:15,0.000277
2025-03-22 02:30,0.0
2025-03-22 02:45,0.011317
2025-03-22 03:00,0.0
2025-03-22 03:15,0.0
2025-03-22 03:30,0.0
2025-03-22 03:45,0.0
2025-03-22 04:00,0.000269
2025-03-22 04:15,0.000246
2025-03-22 04:30,0.0
2025-03-22 04:45,0.0
2025-03-22 05:00,0.0
2025-03-22 05:15,0.0
2025-03-22 05:30,0.001346
2025-03-22 05:45,0.011679
2025-03-22 06:00,0.000546
2025-03-22 06:15,0.000662
2025-03-22 06:30,0.0
2025-03-22 06:45,0.000269
2025-03-22 07:00,0.006086
2025-03-22 07:15,0.002362
2025-03-22 07:30,0.018811
2025-03-22 07:45,0.001381
2025-03-22 08:00,0.0
2025-03-22 08:15,0.00577
2025-03-22 08:30,0.0
2025-03-22 08:45,0.0
2025-03-22 09:00,0.001296
2025-03-22 09:15,0.000246
2025-03-22 09:30,0.000692
2025-03-22 09:45,0.0
2025-03-22 10:00,0.0
2025-03-22 10:15,0.00262
2025-03-22 10:30,0.0
2025-03-22 10:45,0.005793
2025-03-22 11:00,0.000369
2025-03-22 11:15,0.0
2025-03-22 11:30,0.001593
2025-03-22 11:45,0.004347
2025-03-22 12:00,0.0
2025-03-22 12:15,0.0
2025-03-22 12:30,0.0
2025-03-22 12:45,0.0
2025-03-22 13:00,0.000916
2025-03-22 13:15,0.0
2025-03-22 13:30,0.005666
2025-03-22 13:45,0.085207
2025-03-22 14:00,0.021542
2025-03-22 14:15,0.00604
2025-03-22 14:30,0.000269
2025-03-22 14:45,0.005547
2025-03-22 15:00,0.007355
2025-03-22 15:15,0.000269
2025-03-22 15:30,0.258984
2025-03-22 15:45,0.453496
2025-03-22 16:00,0.478777
2025-03-22 16:15,0.713642
2025-03-22 16:30,0.594751
2025-03-22 16:45,0.833863
2025-03-22 17:00,0.405164
2025-03-22 17:15,0.011063
2025-03-22 17:30,0.0
2025-03-22 17:45,0.01526
2025-03-22 18:00,0.023843
2025-03-22 18:15,0.0003
2025-03-22 18:30,0.011094
2025-03-22 18:45,0.347677
2025-03-22 19:00,0.200859
2025-03-22 19:15,0.233022
2025-03-22 19:30,0.857052
2025-03-22 19:45,0.565604
2025-03-22 20:00,1.0
2025-03-22 20:15,0.203051
2025-03-22 20:30,0.005532
2025-03-22 20:45,0.007078
2025-03-22 21:00,0.011971
2025-03-22 21:15,0.0
2025-03-22 21:30,0.005547
2025-03-22 21:45,0.0
2025-03-22 22:00,0.010386
2025-03-22 22:15,0.0
2025-03-22 22:30,0.005062
2025-03-22 22:45,0.030855
2025-03-22 23:00,0.005547
2025-03-22 23:15,0.002854
2025-03-22 23:30,0.0
2025-03-22 23:45,0.0012
2025-03-23 00:00,0.005547
2025-03-23 00:15,0.005547
2025-03-23 00:30,0.000269
2025-03-23 00:45,0.0
2025-03-23 01:00,0.0
2025-03-23 01:15,0.005355
2025-03-23 01:30,0.0
2025-03-23 01:45,0.005997
2025-03-23 02:00,0.005547
2025-03-23 02:15,0.005547
2025-03-23 02:30,0.001612
2025-03-23 02:45,0.0
2025-03-23 03:00,0.000223
2025-03-23 03:15,0.005839
2025-03-23 03:30,0.0
2025-03-23 03:45,0.001858
2025-03-23 04:00,0.000692
2025-03-23 04:15,0.003654
2025-03-23 04:30,0.000223
2025-03-23 04:45,0.000223
2025-03-23 05:00,0.000246
2025-03-23 05:15,0.0
2025-03-23 05:30,0.0
2025-03-23 05:45,0.027382
2025-03-23 06:00,0.0
2025-03-23 06:15,0.0
2025-03-23 06:30,0.0
2025-03-23 06:45,0.0
2025-03-23 07:00,0.006086
2025-03-23 07:15,0.000223
2025-03-23 07:30,0.005839
2025-03-23 07:45,0.000558
2025-03-23 08:00,0.0
2025-03-23 08:15,0.0
2025-03-23 08:30,0.0006
2025-03-23 08:45,0.0
2025-03-23 09:00,0.0
2025-03-23 09:15,0.000335
2025-03-23 09:30,0.0
2025-03-23 09:45,0.0
2025-03-23 10:00,0.000969
2025-03-23 10:15,0.0
2025-03-23 10:30,0.000285
2025-03-23 10:45,0.0
2025-03-23 11:00,0.0
2025-03-23 11:15,0.0
2025-03-23 11:30,0.001985
2025-03-23 11:45,0.001466
2025-03-23 12:00,0.012171
2025-03-23 12:15,0.010894
2025-03-23 12:30,0.000223
2025-03-23 12:45,0.0
2025-03-23 13:00,0.0
2025-03-23 13:15,0.005355
2025-03-23 13:30,0.0
2025-03-23 13:45,0.011317
2025-03-23 14:00,0.0
2025-03-23 14:15,0.013029
2025-03-23 14:30,0.016641
2025-03-23 14:45,0.01181
2025-03-23 15:00,0.011987
2025-03-23 15:15,0.0
2025-03-23 15:30,0.161082
2025-03-23 15:45,0.370512
2025-03-23 16:00,0.563138
2025-03-23 16:15,0.3929
2025-03-23 16:30,0.701886
2025-03-23 16:45,0.941482
2025-03-23 17:00,0.405887
2025-03-23 17:15,0.005547
2025-03-23 17:30,0.005547
2025-03-23 17:45,0.004985
2025-03-23 18:00,0.0
2025-03-23 18:15,0.000246
2025-03-23 18:30,0.011541
2025-03-23 18:45,0.528078
2025-03-23 19:00,0.258823
2025-03-23 19:15,0.300057
2025-03-23 19:30,0.794679
2025-03-23 19:45,0.729475
2025-03-23 20:00,0.548166
2025-03-23 20:15,0.165976
2025-03-23 20:30,0.02772
2025-03-23 20:45,0.0
2025-03-23 21:00,0.016865
2025-03-23 21:15,0.0
2025-03-23 21:30,0.011094
2025-03-23 21:45,0.005239
2025-03-23 22:00,0.005847
2025-03-23 22:15,0.011094
2025-03-23 22:30,0.0003
2025-03-23 22:45,0.011094
2025-03-23 23:00,0.005547
2025-03-23 23:15,0.0
2025-03-23 23:30,0.0
2025-03-23 23:45,0.0003
2025-03-24 00:00,0.0
2025-03-24 00:15,0.002216
2025-03-24 00:30,0.005547
2025-03-24 00:45,0.016295
2025-03-24 01:00,0.000562
2025-03-24 01:15,0.0024
2025-03-24 01:30,0.021708
2025-03-24 01:45,0.000489
2025-03-24 02:00,0.0
2025-03-24 02:15,0.0
2025-03-24 02:30,0.000269
2025-03-24 02:45,0.0
2025-03-24 03:00,0.011094
2025-03-24 03:15,0.005547
2025-03-24 03:30,0.011387
2025-03-24 03:45,0.0
2025-03-24 04:00,0.002308
2025-03-24 04:15,0.0
2025-03-24 04:30,0.000354
2025-03-24 04:45,0.002085
2025-03-24 05:00,0.0
2025-03-24 05:15,0.005978
2025-03-24 05:30,0.007117
2025-03-24 05:45,0.0
2025-03-24 06:00,0.0
2025-03-24 06:15,0.000246
2025-03-24 06:30,0.000269
2025-03-24 06:45,0.022127
2025-03-24 07:00,0.000385
2025-03-24 07:15,0.001423
2025-03-24 07:30,0.004647
2025-03-24 07:45,0.000246
2025-03-24 08:00,0.000223
2025-03-24 08:15,0.00714
2025-03-24 08:30,0.000373
2025-03-24 08:45,0.0
2025-03-24 09:00,0.0
2025-03-24 09:15,0.000246
2025-03-24 09:30,0.0
2025-03-24 09:45,0.000269
2025-03-24 10:00,0.000246
2025-03-24 10:15,0.000246
2025-03-24 10:30,0.0
2025-03-24 10:45,0.0
2025-03-24 11:00,0.0
2025-03-24 11:15,0.0
2025-03-24 11:30,0.003408
2025-03-24 11:45,0.003831
2025-03-24 12:00,0.0
2025-03-24 12:15,0.000469
2025-03-24 12:30,0.000285
2025-03-24 12:45,0.038799
2025-03-24 13:00,0.01598
2025-03-24 13:15,0.004855
2025-03-24 13:30,0.00577
2025-03-24 13:45,0.005401
2025-03-24 14:00,0.0
2025-03-24 14:15,0.032837
2025-03-24 14:30,0.005078
2025-03-24 14:45,0.000539
2025-03-24 15:00,0.0003
2025-03-24 15:15,0.006182
2025-03-24 15:30,0.153339
2025-03-24 15:45,0.414696
2025-03-24 16:00,0.340537
2025-03-24 16:15,0.722805
2025-03-24 16:30,0.749506
2025-03-24 16:45,0.718304
2025-03-24 17:00,0.569278
2025-03-24 17:15,0.011364
2025-03-24 17:30,0.0
2025-03-24 17:45,0.01958
2025-03-24 18:00,0.001519
2025-03-24 18:15,0.006955
2025-03-24 18:30,0.005878
2025-03-24 18:45,0.354728
2025-03-24 19:00,0.337944
2025-03-24 19:15,0.4349
2025-03-24 19:30,0.60508
2025-03-24 19:45,0.64416
2025-03-24 20:00,0.683682
2025-03-24 20:15,0.279303
2025-03-24 20:30,0.000892
2025-03-24 20:45,0.000285
2025-03-24 21:00,0.039122
2025-03-24 21:15,0.001323
2025-03-24 21:30,0.006047
2025-03-24 21:45,0.005593
2025-03-24 22:00,0.006532
2025-03-24 22:15,0.006109
2025-03-24 22:30,0.0
2025-03-24 22:45,0.022412
2025-03-24 23:00,0.0
2025-03-24 23:15,0.000389
2025-03-24 23:30,0.0
2025-03-24 23:45,0.0
2025-03-25 00:00,0.005532
2025-03-25 00:15,0.000692
2025-03-25 00:30,0.000869
2025-03-25 00:45,0.005547
2025-03-25 01:00,0.0
2025-03-25 01:15,0.00764
2025-03-25 01:30,0.016611
2025-03-25 01:45,0.005601
2025-03-25 02:00,0.001493
2025-03-25 02:15,0.005547
2025-03-25 02:30,0.016211
2025-03-25 02:45,0.006301
2025-03-25 03:00,0.000269
2025-03-25 03:15,0.0
2025-03-25 03:30,0.005793
2025-03-25 03:45,0.0
2025-03-25 04:00,0.000354
2025-03-25 04:15,0.0
2025-03-25 04:30,0.000246
2025-03-25 04:45,0.0
2025-03-25 05:00,0.000673
2025-03-25 05:15,0.008328
2025-03-25 05:30,0.005547
2025-03-25 05:45,0.031883
2025-03-25 06:00,0.0
2025-03-25 06:15,0.000362
2025-03-25 06:30,0.0
2025-03-25 06:45,0.022396
2025-03-25 07:00,0.0
2025-03-25 07:15,0.000808
2025-03-25 07:30,0.000223
2025-03-25 07:45,0.0
2025-03-25 08:00,0.000246
2025-03-25 08:15,0.002897
2025-03-25 08:30,0.0
2025-03-25 08:45,0.0
2025-03-25 09:00,0.0
2025-03-25 09:15,0.000381
2025-03-25 09:30,0.0
2025-03-25 09:45,0.0
2025-03-25 10:00,0.0
2025-03-25 10:15,0.001731
2025-03-25 10:30,0.0
2025-03-25 10:45,0.005355
2025-03-25 11:00,0.001381
2025-03-25 11:15,0.005086
2025-03-25 11:30,0.001616
2025-03-25 11:45,0.0
2025-03-25 12:00,0.006205
2025-03-25 12:15,0.005151
2025-03-25 12:30,0.0
2025-03-25 12:45,0.008313
2025-03-25 13:00,0.016068
2025-03-25 13:15,0.019565
2025-03-25 13:30,0.00577
2025-03-25 13:45,0.037499
2025-03-25 14:00,0.027674
2025-03-25 14:15,0.010748
2025-03-25 14:30,0.00644
2025-03-25 14:45,0.001627
2025-03-25 15:00,0.012598
2025-03-25 15:15,0.011025
2025-03-25 15:30,0.429599
2025-03-25 15:45,0.226117
2025-03-25 16:00,0.521831
2025-03-25 16:15,0.357998
2025-03-25 16:30,0.469733
2025-03-25 16:45,0.726552
2025-03-25 17:00,0.418589
2025-03-25 17:15,0.001416
2025-03-25 17:30,0.010386
2025-03-25 17:45,0.008494
2025-03-25 18:00,0.000246
2025-03-25 18:15,0.006744
2025-03-25 18:30,0.017915
2025-03-25 18:45,0.458585
2025-03-25 19:00,0.20619
2025-03-25 19:15,0.152158
2025-03-25 19:30,0.685264
2025-03-25 19:45,0.648842
2025-03-25 20:00,0.578018
2025-03-25 20:15,0.190353
2025-03-25 20:30,0.048916
2025-03-25 20:45,0.005547
2025-03-25 21:00,0.001927
2025-03-25 21:15,0.0003
2025-03-25 21:30,0.000269
2025-03-25 21:45,0.000269
2025-03-25 22:00,0.0
2025-03-25 22:15,0.006501
2025-03-25 22:30,0.021973
2025-03-25 22:45,0.000539
2025-03-25 23:00,0.006286
2025-03-25 23:15,0.00714
2025-03-25 23:30,0.0
2025-03-25 23:45,0.011456
2025-03-26 00:00,0.002616
2025-03-26 00:00,0.002214
2025-03-26 00:15,0.0
2025-03-26 00:30,0.0
2025-03-26 00:45,0.000303
2025-03-26 01:00,0.000208
2025-03-26 01:15,0.000755
2025-03-26 01:30,0.018728
2025-03-26 01:45,0.000228
2025-03-26 02:00,0.004695
2025-03-26 02:15,0.000674
2025-03-26 02:30,0.004943
2025-03-26 02:45,0.0
2025-03-26 03:00,0.004695
2025-03-26 03:15,0.0
2025-03-26 03:30,0.005089
2025-03-26 03:45,0.0
2025-03-26 04:00,0.0
2025-03-26 04:15,0.0
2025-03-26 04:30,0.0
2025-03-26 04:45,0.0
2025-03-26 05:00,0.010129
2025-03-26 05:15,0.001101
2025-03-26 05:30,0.0
2025-03-26 05:45,0.000303
2025-03-26 06:00,0.000567
2025-03-26 06:15,0.004682
2025-03-26 06:30,0.004422
2025-03-26 06:45,0.004689
2025-03-26 07:00,0.015017
2025-03-26 07:15,0.005346
2025-03-26 07:30,0.002338
2025-03-26 07:45,0.0
2025-03-26 08:00,0.004096
2025-03-26 08:15,0.0
2025-03-26 08:30,0.000241
2025-03-26 08:45,0.000586
2025-03-26 09:00,0.001928
2025-03-26 09:15,0.0
2025-03-26 09:30,0.0
2025-03-26 09:45,0.0
2025-03-26 10:00,0.0
2025-03-26 10:15,0.003556
2025-03-26 10:30,0.0
2025-03-26 10:45,0.0
2025-03-26 11:00,0.004884
2025-03-26 11:15,0.0
2025-03-26 11:30,0.02428
2025-03-26 11:45,0.000189
2025-03-26 12:00,0.004096
2025-03-26 12:15,0.00422
2025-03-26 12:30,0.018849
2025-03-26 12:45,0.008482
2025-03-26 13:00,0.012168
2025-03-26 13:15,0.001364
2025-03-26 13:30,0.013548
2025-03-26 13:45,0.054723
2025-03-26 14:00,0.004357
2025-03-26 14:15,0.009182
2025-03-26 14:30,0.066995
2025-03-26 14:45,0.020689
2025-03-26 15:00,0.004991
2025-03-26 15:15,0.008322
2025-03-26 15:30,0.113761
2025-03-26 15:45,0.332069
2025-03-26 16:00,0.419359
2025-03-26 16:15,0.598341
2025-03-26 16:30,0.563658
2025-03-26 16:45,0.78613
2025-03-26 17:00,0.302579
2025-03-26 17:15,0.004057
2025-03-26 17:30,0.006245
2025-03-26 17:45,0.018728
2025-03-26 18:00,0.013467
2025-03-26 18:15,0.014323
2025-03-26 18:30,0.026214
2025-03-26 18:45,0.518644
2025-03-26 19:00,0.165333
2025-03-26 19:15,0.284509
2025-03-26 19:30,0.650954
2025-03-26 19:45,0.625828
2025-03-26 20:00,0.741012
2025-03-26 20:15,0.149912
2025-03-26 20:30,0.004057
2025-03-26 20:45,0.023879
2025-03-26 21:00,0.0
2025-03-26 21:15,0.005796
2025-03-26 21:30,0.0
2025-03-26 21:45,0.004695
2025-03-26 22:00,0.010413
2025-03-26 22:15,0.019562
2025-03-26 22:30,0.001667
2025-03-26 22:45,0.002393
2025-03-26 23:00,0.005981
2025-03-26 23:15,0.004884
2025-03-26 23:30,0.001068
2025-03-26 23:45,0.000824
2025-03-27 00:00,0.008899
2025-03-27 00:15,0.0
2025-03-27 00:30,0.000189
2025-03-27 00:45,0.0
2025-03-27 01:00,0.207625
2025-03-27 01:15,0.0
2025-03-27 01:30,0.004923
2025-03-27 01:45,0.014424
2025-03-27 02:00,0.005037
2025-03-27 02:15,0.005294
2025-03-27 02:30,0.0
2025-03-27 02:45,0.004695
2025-03-27 03:00,0.004975
2025-03-27 03:15,0.0
2025-03-27 03:30,0.0
2025-03-27 03:45,0.0
2025-03-27 04:00,0.004904
2025-03-27 04:15,0.0
2025-03-27 04:30,0.000417
2025-03-27 04:45,0.0
2025-03-27 05:00,0.0
2025-03-27 05:15,0.023469
2025-03-27 05:30,0.004695
2025-03-27 05:45,0.035373
2025-03-27 06:00,0.000208
2025-03-27 06:15,0.000977
2025-03-27 06:30,0.003168
2025-03-27 06:45,0.004891
2025-03-27 07:00,0.005405
2025-03-27 07:15,0.000612
2025-03-27 07:30,0.004943
2025-03-27 07:45,0.000609
2025-03-27 08:00,0.000534
2025-03-27 08:15,0.0
2025-03-27 08:30,0.0
2025-03-27 08:45,0.000612
2025-03-27 09:00,0.0
2025-03-27 09:15,0.0
2025-03-27 09:30,0.0
2025-03-27 09:45,0.000332
2025-03-27 10:00,0.0
2025-03-27 10:15,0.0
2025-03-27 10:30,0.000404
2025-03-27 10:45,0.004096
2025-03-27 11:00,0.000228
2025-03-27 11:15,0.000677
2025-03-27 11:30,0.01346
2025-03-27 11:45,0.041377
2025-03-27 12:00,0.034051
2025-03-27 12:15,0.018409
2025-03-27 12:30,0.000241
2025-03-27 12:45,0.007746
2025-03-27 13:00,0.008589
2025-03-27 13:15,0.008381
2025-03-27 13:30,0.002781
2025-03-27 13:45,0.014255
2025-03-27 14:00,0.001631
2025-03-27 14:15,0.044047
2025-03-27 14:30,0.000189
2025-03-27 14:45,0.015899
2025-03-27 15:00,0.0177
2025-03-27 15:15,0.002924
2025-03-27 15:30,0.101776
2025-03-27 15:45,0.286026
2025-03-27 16:00,0.378428
2025-03-27 16:15,0.430156
2025-03-27 16:30,0.598777
2025-03-27 16:45,0.863141
2025-03-27 17:00,0.396274
2025-03-27 17:15,0.000866
2025-03-27 17:30,0.011813
2025-03-27 17:45,0.000189
2025-03-27 18:00,0.008739
2025-03-27 18:15,0.0
2025-03-27 18:30,0.0
2025-03-27 18:45,0.491661
2025-03-27 19:00,0.190339
2025-03-27 19:15,0.333896
2025-03-27 19:30,0.868686
2025-03-27 19:45,0.572231
2025-03-27 20:00,0.724061
2025-03-27 20:15,0.240243
2025-03-27 20:30,0.004812
2025-03-27 20:45,0.019074
2025-03-27 21:00,0.023665
2025-03-27 21:15,0.0
2025-03-27 21:30,0.030463
2025-03-27 21:45,0.0
2025-03-27 22:00,0.004884
2025-03-27 22:15,0.015648
2025-03-27 22:30,0.005157
2025-03-27 22:45,0.014085
2025-03-27 23:00,0.0
2025-03-27 23:15,0.0
2025-03-27 23:30,0.004904
2025-03-27 23:45,0.001911
2025-03-28 00:00,0.000912
2025-03-28 00:15,0.00939
2025-03-28 00:30,0.003881
2025-03-28 00:45,0.000189
2025-03-28 01:00,0.0
2025-03-28 01:15,0.0
2025-03-28 01:30,0.009934
2025-03-28 01:45,0.0
2025-03-28 02:00,0.005011
2025-03-28 02:15,0.0
2025-03-28 02:30,0.0
2025-03-28 02:45,0.000189
2025-03-28 03:00,0.000345
2025-03-28 03:15,0.0
2025-03-28 03:30,0.0
2025-03-28 03:45,0.0017
2025-03-28 04:00,0.0
2025-03-28 04:15,0.0
2025-03-28 04:30,0.0
2025-03-28 04:45,0.0
2025-03-28 05:00,0.004682
2025-03-28 05:15,0.018728
2025-03-28 05:30,0.001501
2025-03-28 05:45,0.022108
2025-03-28 06:00,0.000801
2025-03-28 06:15,0.0
2025-03-28 06:30,0.0
2025-03-28 06:45,0.000527
2025-03-28 07:00,0.0
2025-03-28 07:15,0.0
2025-03-28 07:30,0.010094
2025-03-28 07:45,0.0
2025-03-28 08:00,0.0
2025-03-28 08:15,0.0
2025-03-28 08:30,0.0
2025-03-28 08:45,0.0
2025-03-28 09:00,0.0031
2025-03-28 09:15,0.0
2025-03-28 09:30,0.0
2025-03-28 09:45,0.001573
2025-03-28 10:00,0.00195
2025-03-28 10:15,0.0
2025-03-28 10:30,0.000208
2025-03-28 10:45,0.0
2025-03-28 11:00,0.002865
2025-03-28 11:15,0.004096
2025-03-28 11:30,0.000765
2025-03-28 11:45,0.00044
2025-03-28 12:00,0.0
2025-03-28 12:15,0.004096
2025-03-28 12:30,0.000208
2025-03-28 12:45,0.016524
2025-03-28 13:00,0.012907
2025-03-28 13:15,0.009029
2025-03-28 13:30,0.004213
2025-03-28 13:45,0.000254
2025-03-28 14:00,0.014138
2025-03-28 14:15,0.000189
2025-03-28 14:30,0.028102
2025-03-28 14:45,0.009716
2025-03-28 15:00,0.017377
2025-03-28 15:15,0.009592
2025-03-28 15:30,0.08688
2025-03-28 15:45,0.28781
2025-03-28 16:00,0.490906
2025-03-28 16:15,0.303152
2025-03-28 16:30,0.795061
2025-03-28 16:45,0.65689
2025-03-28 17:00,0.416793
2025-03-28 17:15,0.009
2025-03-28 17:30,0.010882
2025-03-28 17:45,0.005177
2025-03-28 18:00,0.026751
2025-03-28 18:15,0.000241
2025-03-28 18:30,0.000436
2025-03-28 18:45,0.454807
2025-03-28 19:00,0.238078
2025-03-28 19:15,0.3072
2025-03-28 19:30,0.657724
2025-03-28 19:45,0.501289
2025-03-28 20:00,0.595629
2025-03-28 20:15,0.216937
2025-03-28 20:30,0.0
2025-03-28 20:45,0.033354
2025-03-28 21:00,0.001638
2025-03-28 21:15,0.001016
2025-03-28 21:30,0.004096
2025-03-28 21:45,0.0
2025-03-28 22:00,0.004695
2025-03-28 22:15,0.0
2025-03-28 22:30,0.0
2025-03-28 22:45,0.000316
2025-03-28 23:00,0.009872
2025-03-28 23:15,0.000293
2025-03-28 23:30,0.0
2025-03-28 23:45,0.004695
2025-03-29 00:00,0.000586
2025-03-29 00:15,0.001101
2025-03-29 00:30,0.0
2025-03-29 00:45,0.004695
2025-03-29 01:00,0.000208
2025-03-29 01:15,0.004682
2025-03-29 01:30,0.010618
2025-03-29 01:45,0.0
2025-03-29 02:00,0.0
2025-03-29 02:15,0.001394
2025-03-29 02:30,0.00043
2025-03-29 02:45,0.000241
2025-03-29 03:00,0.000228
2025-03-29 03:15,0.0
2025-03-29 03:30,0.0
2025-03-29 03:45,0.0
2025-03-29 04:00,0.001205
2025-03-29 04:15,0.004643
2025-03-29 04:30,0.0
2025-03-29 04:45,0.001009
2025-03-29 05:00,0.000801
2025-03-29 05:15,0.009703
2025-03-29 05:30,0.0
2025-03-29 05:45,0.022108
2025-03-29 06:00,0.000505
2025-03-29 06:15,0.009345
2025-03-29 06:30,0.0
2025-03-29 06:45,0.018728
2025-03-29 07:00,0.00086
2025-03-29 07:15,0.0
2025-03-29 07:30,0.005421
2025-03-29 07:45,0.0
2025-03-29 08:00,0.0
2025-03-29 08:15,0.0
2025-03-29 08:30,0.001153
2025-03-29 08:45,0.0
2025-03-29 09:00,0.0
2025-03-29 09:15,0.001911
2025-03-29 09:30,0.0
2025-03-29 09:45,0.0
2025-03-29 10:00,0.0
2025-03-29 10:15,0.0
2025-03-29 10:30,0.000254
2025-03-29 10:45,0.0
2025-03-29 11:00,0.0
2025-03-29 11:15,0.0
2025-03-29 11:30,0.0
2025-03-29 11:45,0.001459
2025-03-29 12:00,0.0
2025-03-29 12:15,0.0
2025-03-29 12:30,0.000772
2025-03-29 12:45,0.005262
2025-03-29 13:00,0.0
2025-03-29 13:15,0.000417
2025-03-29 13:30,0.0
2025-03-29 13:45,0.003201
2025-03-29 14:00,0.002911
2025-03-29 14:15,0.0
2025-03-29 14:30,0.008791
2025-03-29 14:45,0.0
2025-03-29 15:00,0.004435
2025-03-29 15:15,0.007645
2025-03-29 15:30,0.106022
2025-03-29 15:45,0.268535
2025-03-29 16:00,0.396671
2025-03-29 16:15,0.60652
2025-03-29 16:30,0.459583
2025-03-29 16:45,0.661989
2025-03-29 17:00,0.383927
2025-03-29 17:15,0.000996
2025-03-29 17:30,0.0
2025-03-29 17:45,0.018956
2025-03-29 18:00,0.004884
2025-03-29 18:15,0.0
2025-03-29 18:30,0.000586
2025-03-29 18:45,0.376249
2025-03-29 19:00,0.251291
2025-03-29 19:15,0.111127
2025-03-29 19:30,0.55824
2025-03-29 19:45,0.376816
2025-03-29 20:00,0.72341
2025-03-29 20:15,0.263801
2025-03-29 20:30,0.0
2025-03-29 20:45,0.0
2025-03-29 21:00,0.004682
2025-03-29 21:15,0.0
2025-03-29 21:30,0.0
2025-03-29 21:45,0.000228
2025-03-29 22:00,0.004695
2025-03-29 22:15,0.0
2025-03-29 22:30,0.0
2025-03-29 22:45,0.0
2025-03-29 23:00,0.003292
2025-03-29 23:15,0.0
2025-03-29 23:30,0.0
2025-03-29 23:45,0.0
2025-03-30 00:00,0.004695
2025-03-30 00:15,0.0
2025-03-30 00:30,0.000912
2025-03-30 00:45,0.0
2025-03-30 01:00,0.004695
2025-03-30 01:15,0.009377
2025-03-30 01:30,0.038434
2025-03-30 01:45,0.0
2025-03-30 02:00,0.0
2025-03-30 02:15,0.0
2025-03-30 02:30,0.009827
2025-03-30 02:45,0.0
2025-03-30 03:00,0.004643
2025-03-30 03:15,0.0
2025-03-30 03:30,0.006343
2025-03-30 03:45,0.0
2025-03-30 04:00,0.004695
2025-03-30 04:15,0.0
2025-03-30 04:30,0.0
2025-03-30 04:45,0.0
2025-03-30 05:00,0.000534
2025-03-30 05:15,0.023411
2025-03-30 05:30,0.039215
2025-03-30 05:45,0.017687
2025-03-30 06:00,0.0
2025-03-30 06:15,0.001104
2025-03-30 06:30,0.0
2025-03-30 06:45,0.0
2025-03-30 07:00,0.010335
2025-03-30 07:15,0.006183
2025-03-30 07:30,0.0
2025-03-30 07:45,0.0
2025-03-30 08:00,0.0
2025-03-30 08:15,0.0
2025-03-30 08:30,0.000228
2025-03-30 08:45,0.0
2025-03-30 09:00,0.0
2025-03-30 09:15,0.004943
2025-03-30 09:30,0.0
2025-03-30 09:45,0.0
2025-03-30 10:00,0.0
2025-03-30 10:15,0.0
2025-03-30 10:30,0.0
2025-03-30 10:45,0.002914
2025-03-30 11:00,0.002335
2025-03-30 11:15,0.0
2025-03-30 11:30,0.0
2025-03-30 11:45,0.0
2025-03-30 12:00,0.0
2025-03-30 12:15,0.0
2025-03-30 12:30,0.009716
2025-03-30 12:45,0.0
2025-03-30 13:00,0.0
2025-03-30 13:15,0.0
2025-03-30 13:30,0.000501
2025-03-30 13:45,0.0
2025-03-30 14:00,0.0
2025-03-30 14:15,0.004682
2025-03-30 14:30,0.000208
2025-03-30 14:45,0.002312
2025-03-30 15:00,0.000834
2025-03-30 15:15,0.0
2025-03-30 15:30,0.141759
2025-03-30 15:45,0.214645
2025-03-30 16:00,0.586759
2025-03-30 16:15,0.523863
2025-03-30 16:30,0.528933
2025-03-30 16:45,0.703444
2025-03-30 17:00,0.378017
2025-03-30 17:15,0.014085
2025-03-30 17:30,0.0
2025-03-30 17:45,0.000316
2025-03-30 18:00,0.000208
2025-03-30 18:15,0.0
2025-03-30 18:30,0.0
2025-03-30 18:45,0.479836
2025-03-30 19:00,0.179281
2025-03-30 19:15,0.204047
2025-03-30 19:30,0.439579
2025-03-30 19:45,0.407224
2025-03-30 20:00,0.853975
2025-03-30 20:15,0.186353
2025-03-30 20:30,0.000488
2025-03-30 20:45,0.000228
2025-03-30 21:00,0.000586
2025-03-30 21:15,0.014274
2025-03-30 21:30,0.001026
2025-03-30 21:45,0.000342
2025-03-30 22:00,0.002409
2025-03-30 22:15,0.004904
2025-03-30 22:30,0.002742
2025-03-30 22:45,0.000189
2025-03-30 23:00,0.000208
2025-03-30 23:15,0.0
2025-03-30 23:30,0.000189
2025-03-30 23:45,0.000208
2025-03-31 00:00,0.000228
2025-03-31 00:15,0.0
2025-03-31 00:30,0.0
2025-03-31 00:45,0.004904
2025-03-31 01:00,0.000303
2025-03-31 01:15,0.019412
2025-03-31 01:30,0.00982
2025-03-31 01:45,0.001101
2025-03-31 02:00,0.000326
2025-03-31 02:15,0.0
2025-03-31 02:30,0.0
2025-03-31 02:45,0.0
2025-03-31 03:00,0.004265
2025-03-31 03:15,0.009338
2025-03-31 03:30,0.002527
2025-03-31 03:45,0.0
2025-03-31 04:00,0.0
2025-03-31 04:15,0.0
2025-03-31 04:30,0.004337
2025-03-31 04:45,0.0
2025-03-31 05:00,0.001667
2025-03-31 05:15,0.040791
2025-03-31 05:30,0.004695
2025-03-31 05:45,0.000228
2025-03-31 06:00,0.000228
2025-03-31 06:15,0.0
2025-03-31 06:30,0.002227
2025-03-31 06:45,0.000977
2025-03-31 07:00,0.0
2025-03-31 07:15,0.0
2025-03-31 07:30,0.0
2025-03-31 07:45,0.000322
2025-03-31 08:00,0.000723
2025-03-31 08:15,0.0
2025-03-31 08:30,0.0
2025-03-31 08:45,0.0
2025-03-31 09:00,0.0
2025-03-31 09:15,0.0
2025-03-31 09:30,0.001703
2025-03-31 09:45,0.000303
2025-03-31 10:00,0.004695
2025-03-31 10:15,0.000775
2025-03-31 10:30,0.000505
2025-03-31 10:45,0.014359
2025-03-31 11:00,0.000436
2025-03-31 11:15,0.014274
2025-03-31 11:30,0.014085
2025-03-31 11:45,0.006203
2025-03-31 12:00,0.010328
2025-03-31 12:15,0.001413
2025-03-31 12:30,0.001872
2025-03-31 12:45,0.010478
2025-03-31 13:00,0.0
2025-03-31 13:15,0.000313
2025-03-31 13:30,0.013695
2025-03-31 13:45,0.018872
2025-03-31 14:00,0.00421
2025-03-31 14:15,0.00112
2025-03-31 14:30,0.005307
2025-03-31 14:45,0.021789
2025-03-31 15:00,0.008114
2025-03-31 15:15,0.012848
2025-03-31 15:30,0.157512
2025-03-31 15:45,0.462123
2025-03-31 16:00,0.525608
2025-03-31 16:15,0.437446
2025-03-31 16:30,0.775193
2025-03-31 16:45,0.633378
2025-03-31 17:00,0.370968
2025-03-31 17:15,0.004695
2025-03-31 17:30,0.013822
2025-03-31 17:45,0.014085
2025-03-31 18:00,0.017013
2025-03-31 18:15,0.027194
2025-03-31 18:30,0.0
2025-03-31 18:45,0.442327
2025-03-31 19:00,0.157857
2025-03-31 19:15,0.355235
2025-03-31 19:30,0.673587
2025-03-31 19:45,0.497926
2025-03-31 20:00,0.776004
2025-03-31 20:15,0.141121
2025-03-31 20:30,0.011787
2025-03-31 20:45,0.019705
2025-03-31 21:00,0.041566
2025-03-31 21:15,0.004923
2025-03-31 21:30,0.000417
2025-03-31 21:45,0.0
2025-03-31 22:00,0.002836
2025-03-31 22:15,0.00939
2025-03-31 22:30,0.006164
2025-03-31 22:45,0.0
2025-03-31 23:00,0.0
2025-03-31 23:15,0.004695
2025-03-31 23:30,0.004923
2025-03-31 23:45,0.004682
2025-04-01 00:00,0.015284
2025-04-01 00:15,0.0
2025-04-01 00:30,0.005203
2025-04-01 00:45,0.0
2025-04-01 01:00,0.002592
2025-04-01 01:15,0.006525
2025-04-01 01:30,0.001765
2025-04-01 01:45,0.0
2025-04-01 02:00,0.0
2025-04-01 02:15,0.005659
2025-04-01 02:30,0.014085
2025-04-01 02:45,0.006984
2025-04-01 03:00,0.004923
2025-04-01 03:15,0.004314
2025-04-01 03:30,0.0
2025-04-01 03:45,0.0
2025-04-01 04:00,0.004695
2025-04-01 04:15,0.0
2025-04-01 04:30,0.0
2025-04-01 04:45,0.0
2025-04-01 05:00,0.0
2025-04-01 05:15,0.004682
2025-04-01 05:30,0.084063
2025-04-01 05:45,0.0
2025-04-01 06:00,0.0
2025-04-01 06:15,0.000482
2025-04-01 06:30,0.0
2025-04-01 06:45,0.00491
2025-04-01 07:00,0.000228
2025-04-01 07:15,0.004695
2025-04-01 07:30,0.000241
2025-04-01 07:45,0.0
2025-04-01 08:00,0.0
2025-04-01 08:15,0.0
2025-04-01 08:30,0.0
2025-04-01 08:45,0.0
2025-04-01 09:00,0.0
2025-04-01 09:15,0.0
2025-04-01 09:30,0.0
2025-04-01 09:45,0.0
2025-04-01 10:00,0.0
2025-04-01 10:15,0.004695
2025-04-01 10:30,0.004695
2025-04-01 10:45,0.004884
2025-04-01 11:00,0.0
2025-04-01 11:15,0.000208
2025-04-01 11:30,0.004949
2025-04-01 11:45,0.004741
2025-04-01 12:00,0.00309
2025-04-01 12:15,0.021076
2025-04-01 12:30,0.004943
2025-04-01 12:45,0.0
2025-04-01 13:00,0.009416
2025-04-01 13:15,0.009117
2025-04-01 13:30,0.005724
2025-04-01 13:45,0.000225
2025-04-01 14:00,0.236066
2025-04-01 14:15,0.076581
2025-04-01 14:30,0.121129
2025-04-01 14:45,0.06583
2025-04-01 15:00,0.000697
2025-04-01 15:15,0.000456
2025-04-01 15:30,0.139083
2025-04-01 15:45,0.293853
2025-04-01 16:00,0.39334
2025-04-01 16:15,0.433366
2025-04-01 16:30,0.63303
2025-04-01 16:45,0.772224
2025-04-01 17:00,0.449379
2025-04-01 17:15,0.017625
2025-04-01 17:30,0.009442
2025-04-01 17:45,0.004695
2025-04-01 18:00,0.000928
2025-04-01 18:15,0.003474
2025-04-01 18:30,0.00898
2025-04-01 18:45,0.431211
2025-04-01 19:00,0.355307
2025-04-01 19:15,0.276776
2025-04-01 19:30,0.569952
2025-04-01 19:45,0.526715
2025-04-01 20:00,1.0
2025-04-01 20:15,0.231469
2025-04-01 20:30,0.017927
2025-04-01 20:45,0.000189
2025-04-01 21:00,0.012581
2025-04-01 21:15,0.0
2025-04-01 21:30,0.042536
2025-04-01 21:45,0.0003
2025-04-01 22:00,0.018781
2025-04-01 22:15,0.158775
2025-04-01 22:30,0.052767
2025-04-01 22:45,0.001205
2025-04-01 23:00,0.002058
2025-04-01 23:15,0.0
2025-04-01 23:30,0.0
2025-04-01 23:45,0.000208
2025-04-02 00:00,0.004584
2025-04-02 00:00,0.004923
2025-04-02 00:15,0.000979
2025-04-02 00:30,0.006459
2025-04-02 00:45,0.005042
2025-04-02 01:00,0.024792
2025-04-02 01:15,0.0
2025-04-02 01:30,0.015358
2025-04-02 01:45,0.000367
2025-04-02 02:00,0.010288
2025-04-02 02:15,0.000329
2025-04-02 02:30,0.0
2025-04-02 02:45,0.004399
2025-04-02 03:00,0.000483
2025-04-02 03:15,0.005042
2025-04-02 03:30,0.0
2025-04-02 03:45,0.0
2025-04-02 04:00,0.0
2025-04-02 04:15,0.011085
2025-04-02 04:30,0.0
2025-04-02 04:45,0.0
2025-04-02 05:00,0.0
2025-04-02 05:15,0.005028
2025-04-02 05:30,0.051403
2025-04-02 05:45,0.00977
2025-04-02 06:00,0.0
2025-04-02 06:15,0.0
2025-04-02 06:30,0.004749
2025-04-02 06:45,0.000245
2025-04-02 07:00,0.0
2025-04-02 07:15,0.0
2025-04-02 07:30,0.000224
2025-04-02 07:45,0.0
2025-04-02 08:00,0.000224
2025-04-02 08:15,0.0
2025-04-02 08:30,0.0
2025-04-02 08:45,0.0
2025-04-02 09:00,0.000343
2025-04-02 09:15,0.0
2025-04-02 09:30,0.005658
2025-04-02 09:45,0.000203
2025-04-02 10:00,0.000245
2025-04-02 10:15,0.018911
2025-04-02 10:30,0.0
2025-04-02 10:45,0.000497
2025-04-02 11:00,0.010308
2025-04-02 11:15,0.0
2025-04-02 11:30,0.005042
2025-04-02 11:45,0.000664
2025-04-02 12:00,0.002056
2025-04-02 12:15,0.000224
2025-04-02 12:30,0.005245
2025-04-02 12:45,0.009752
2025-04-02 13:00,0.008798
2025-04-02 13:15,0.000224
2025-04-02 13:30,0.005511
2025-04-02 13:45,0.006448
2025-04-02 14:00,0.005266
2025-04-02 14:15,0.0
2025-04-02 14:30,0.028995
2025-04-02 14:45,0.011179
2025-04-02 15:00,0.005777
2025-04-02 15:15,0.012469
2025-04-02 15:30,0.181941
2025-04-02 15:45,0.402458
2025-04-02 16:00,0.380896
2025-04-02 16:15,0.597591
2025-04-02 16:30,0.725182
2025-04-02 16:45,0.655834
2025-04-02 17:00,0.435908
2025-04-02 17:15,0.01056
2025-04-02 17:30,0.01049
2025-04-02 17:45,0.951416
2025-04-02 18:00,0.090986
2025-04-02 18:15,0.018526
2025-04-02 18:30,0.021897
2025-04-02 18:45,0.470561
2025-04-02 19:00,0.219723
2025-04-02 19:15,0.147046
2025-04-02 19:30,0.462036
2025-04-02 19:45,0.490062
2025-04-02 20:00,0.729825
2025-04-02 20:15,0.15625
2025-04-02 20:30,0.006284
2025-04-02 20:45,0.007305
2025-04-02 21:00,0.010329
2025-04-02 21:15,0.011581
2025-04-02 21:30,0.005266
2025-04-02 21:45,0.005854
2025-04-02 22:00,0.000245
2025-04-02 22:15,0.005525
2025-04-02 22:30,0.001731
2025-04-02 22:45,0.010343
2025-04-02 23:00,0.002553
2025-04-02 23:15,0.005245
2025-04-02 23:30,0.010085
2025-04-02 23:45,0.000504
2025-04-03 00:00,0.0
2025-04-03 00:15,0.005042
2025-04-03 00:30,0.020169
2025-04-03 00:45,0.001839
2025-04-03 01:00,0.219807
2025-04-03 01:15,0.010721
2025-04-03 01:30,0.010085
2025-04-03 01:45,0.015127
2025-04-03 02:00,0.0
2025-04-03 02:15,0.005287
2025-04-03 02:30,0.005042
2025-04-03 02:45,0.0
2025-04-03 03:00,0.030995
2025-04-03 03:15,0.000224
2025-04-03 03:30,0.020113
2025-04-03 03:45,0.006305
2025-04-03 04:00,0.0
2025-04-03 04:15,0.009162
2025-04-03 04:30,0.005448
2025-04-03 04:45,0.005042
2025-04-03 05:00,0.005735
2025-04-03 05:15,0.005042
2025-04-03 05:30,0.005042
2025-04-03 05:45,0.039776
2025-04-03 06:00,0.004682
2025-04-03 06:15,0.000539
2025-04-03 06:30,0.001654
2025-04-03 06:45,0.001182
2025-04-03 07:00,0.000353
2025-04-03 07:15,0.0
2025-04-03 07:30,0.0
2025-04-03 07:45,0.000245
2025-04-03 08:00,0.0
2025-04-03 08:15,0.0
2025-04-03 08:30,0.005042
2025-04-03 08:45,0.0
2025-04-03 09:00,0.0
2025-04-03 09:15,0.0
2025-04-03 09:30,0.0
2025-04-03 09:45,0.0
2025-04-03 10:00,0.001448
2025-04-03 10:15,0.000203
2025-04-03 10:30,0.055081
2025-04-03 10:45,0.032478
2025-04-03 11:00,0.010833
2025-04-03 11:15,0.007056
2025-04-03 11:30,0.044801
2025-04-03 11:45,0.0
2025-04-03 12:00,0.010085
2025-04-03 12:15,0.009714
2025-04-03 12:30,0.008801
2025-04-03 12:45,0.016764
2025-04-03 13:00,0.001336
2025-04-03 13:15,0.002276
2025-04-03 13:30,0.014204
2025-04-03 13:45,0.021596
2025-04-03 14:00,0.009679
2025-04-03 14:15,0.02724
2025-04-03 14:30,0.015365
2025-04-03 14:45,0.015557
2025-04-03 15:00,0.000469
2025-04-03 15:15,0.009441
2025-04-03 15:30,0.120688
2025-04-03 15:45,0.363717
2025-04-03 16:00,0.427946
2025-04-03 16:15,0.363276
2025-04-03 16:30,0.526642
2025-04-03 16:45,0.471673
2025-04-03 17:00,0.378596
2025-04-03 17:15,0.005147
2025-04-03 17:30,0.050165
2025-04-03 17:45,0.031995
2025-04-03 18:00,0.043105
2025-04-03 18:15,0.002367
2025-04-03 18:30,0.006567
2025-04-03 18:45,0.27343
2025-04-03 19:00,0.151652
2025-04-03 19:15,0.547332
2025-04-03 19:30,0.703729
2025-04-03 19:45,0.640819
2025-04-03 20:00,0.639724
2025-04-03 20:15,0.139172
2025-04-03 20:30,0.011015
2025-04-03 20:45,0.005584
2025-04-03 21:00,0.012522
2025-04-03 21:15,0.000542
2025-04-03 21:30,0.008308
2025-04-03 21:45,0.008231
2025-04-03 22:00,0.001343
2025-04-03 22:15,0.006315
2025-04-03 22:30,0.005857
2025-04-03 22:45,0.004357
2025-04-03 23:00,0.000245
2025-04-03 23:15,0.002053
2025-04-03 23:30,0.005609
2025-04-03 23:45,0.018519
2025-04-04 00:00,0.0
2025-04-04 00:15,0.0
2025-04-04 00:30,0.010085
2025-04-04 00:45,0.0
2025-04-04 01:00,0.006987
2025-04-04 01:15,0.020516
2025-04-04 01:30,0.037573
2025-04-04 01:45,0.010085
2025-04-04 02:00,0.000224
2025-04-04 02:15,0.0
2025-04-04 02:30,0.001713
2025-04-04 02:45,0.000203
2025-04-04 03:00,0.000881
2025-04-04 03:15,0.000371
2025-04-04 03:30,0.005287
2025-04-04 03:45,0.0
2025-04-04 04:00,0.001252
2025-04-04 04:15,0.0
2025-04-04 04:30,0.0
2025-04-04 04:45,0.0
2025-04-04 05:00,0.0
2025-04-04 05:15,0.0
2025-04-04 05:30,0.0
2025-04-04 05:45,0.000224
2025-04-04 06:00,0.003567
2025-04-04 06:15,0.000203
2025-04-04 06:30,0.0
2025-04-04 06:45,0.013599
2025-04-04 07:00,0.0
2025-04-04 07:15,0.0
2025-04-04 07:30,0.0
2025-04-04 07:45,0.0
2025-04-04 08:00,0.000353
2025-04-04 08:15,0.0
2025-04-04 08:30,0.0
2025-04-04 08:45,0.0
2025-04-04 09:00,0.000203
2025-04-04 09:15,0.0
2025-04-04 09:30,0.000518
2025-04-04 09:45,0.000647
2025-04-04 10:00,0.0
2025-04-04 10:15,0.000322
2025-04-04 10:30,0.041101
2025-04-04 10:45,0.05356
2025-04-04 11:00,0.164341
2025-04-04 11:15,0.0
2025-04-04 11:30,0.016659
2025-04-04 11:45,0.005266
2025-04-04 12:00,0.000203
2025-04-04 12:15,0.066648
2025-04-04 12:30,0.010431
2025-04-04 12:45,0.001035
2025-04-04 13:00,0.0
2025-04-04 13:15,0.047266
2025-04-04 13:30,0.017001
2025-04-04 13:45,0.000245
2025-04-04 14:00,0.005801
2025-04-04 14:15,0.004602
2025-04-04 14:30,0.000829
2025-04-04 14:45,0.076558
2025-04-04 15:00,0.031733
2025-04-04 15:15,0.036821
2025-04-04 15:30,0.22222
2025-04-04 15:45,0.355978
2025-04-04 16:00,0.469239
2025-04-04 16:15,0.406622
2025-04-04 16:30,0.531992
2025-04-04 16:45,0.812251
2025-04-04 17:00,0.460528
2025-04-04 17:15,0.030219
2025-04-04 17:30,0.01099
2025-04-04 17:45,0.004923
2025-04-04 18:00,0.004399
2025-04-04 18:15,0.019974
2025-04-04 18:30,0.01063
2025-04-04 18:45,0.336033
2025-04-04 19:00,0.176979
2025-04-04 19:15,0.339572
2025-04-04 19:30,0.505822
2025-04-04 19:45,0.693511
2025-04-04 20:00,0.679143
2025-04-04 20:15,0.133717
2025-04-04 20:30,0.005042
2025-04-04 20:45,0.005028
2025-04-04 21:00,0.00377
2025-04-04 21:15,0.001294
2025-04-04 21:30,0.000203
2025-04-04 21:45,0.010085
2025-04-04 22:00,0.0
2025-04-04 22:15,0.020169
2025-04-04 22:30,0.004742
2025-04-04 22:45,0.005042
2025-04-04 23:00,0.000245
2025-04-04 23:15,0.005042
2025-04-04 23:30,0.000979
2025-04-04 23:45,0.000245
2025-04-05 00:00,0.0
2025-04-05 00:15,0.008798
2025-04-05 00:30,0.0
2025-04-05 00:45,0.0
2025-04-05 01:00,0.021012
2025-04-05 01:15,0.0
2025-04-05 01:30,0.019484
2025-04-05 01:45,0.000325
2025-04-05 02:00,0.005042
2025-04-05 02:15,0.000245
2025-04-05 02:30,0.005392
2025-04-05 02:45,0.001308
2025-04-05 03:00,0.005532
2025-04-05 03:15,0.005532
2025-04-05 03:30,0.000203
2025-04-05 03:45,0.0
2025-04-05 04:00,0.0
2025-04-05 04:15,0.0
2025-04-05 04:30,0.000203
2025-04-05 04:45,0.0
2025-04-05 05:00,0.010281
2025-04-05 05:15,0.0
2025-04-05 05:30,0.000573
2025-04-05 05:45,0.010962
2025-04-05 06:00,0.0
2025-04-05 06:15,0.001147
2025-04-05 06:30,0.000472
2025-04-05 06:45,0.030904
2025-04-05 07:00,0.003336
2025-04-05 07:15,0.0
2025-04-05 07:30,0.000343
2025-04-05 07:45,0.0
2025-04-05 08:00,0.0
2025-04-05 08:15,0.0
2025-04-05 08:30,0.000203
2025-04-05 08:45,0.000245
2025-04-05 09:00,0.004868
2025-04-05 09:15,0.004399
2025-04-05 09:30,0.002144
2025-04-05 09:45,0.000241
2025-04-05 10:00,0.000245
2025-04-05 10:15,0.0
2025-04-05 10:30,0.0
2025-04-05 10:45,0.0
2025-04-05 11:00,0.0
2025-04-05 11:15,0.0
2025-04-05 11:30,0.005042
2025-04-05 11:45,0.0
2025-04-05 12:00,0.0
2025-04-05 12:15,0.0
2025-04-05 12:30,0.0
2025-04-05 12:45,0.0
2025-04-05 13:00,0.0
2025-04-05 13:15,0.0
2025-04-05 13:30,0.0
2025-04-05 13:45,0.000245
2025-04-05 14:00,0.000224
2025-04-05 14:15,0.015708
2025-04-05 14:30,0.001657
2025-04-05 14:45,0.013092
2025-04-05 15:00,0.004399
2025-04-05 15:15,0.005042
2025-04-05 15:30,0.141284
2025-04-05 15:45,0.367077
2025-04-05 16:00,0.338491
2025-04-05 16:15,0.572471
2025-04-05 16:30,0.747848
2025-04-05 16:45,0.809772
2025-04-05 17:00,0.360517
2025-04-05 17:15,0.0
2025-04-05 17:30,0.005042
2025-04-05 17:45,0.0
2025-04-05 18:00,0.010329
2025-04-05 18:15,0.005042
2025-04-05 18:30,0.005042
2025-04-05 18:45,0.433789
2025-04-05 19:00,0.321766
2025-04-05 19:15,0.290736
2025-04-05 19:30,0.617792
2025-04-05 19:45,0.300331
2025-04-05 20:00,0.699739
2025-04-05 20:15,0.263272
2025-04-05 20:30,0.010085
2025-04-05 20:45,0.005028
2025-04-05 21:00,0.0
2025-04-05 21:15,0.005287
2025-04-05 21:30,0.020925
2025-04-05 21:45,0.005042
2025-04-05 22:00,0.000979
2025-04-05 22:15,0.0
2025-04-05 22:30,0.003315
2025-04-05 22:45,0.00577
2025-04-05 23:00,0.005126
2025-04-05 23:15,0.000273
2025-04-05 23:30,0.0
2025-04-05 23:45,0.000273
2025-04-06 00:00,0.0
2025-04-06 00:15,0.000979
2025-04-06 00:30,0.0
2025-04-06 00:45,0.000203
2025-04-06 01:00,0.0
2025-04-06 01:15,0.0
2025-04-06 01:30,0.020372
2025-04-06 01:45,0.005042
2025-04-06 02:00,0.010085
2025-04-06 02:15,0.0
2025-04-06 02:30,0.000245
2025-04-06 02:45,0.000322
2025-04-06 03:00,0.001322
2025-04-06 03:15,0.0
2025-04-06 03:30,0.0
2025-04-06 03:45,0.010085
2025-04-06 04:00,0.0
2025-04-06 04:15,0.003329
2025-04-06 04:30,0.005042
2025-04-06 04:45,0.0
2025-04-06 05:00,0.0
2025-04-06 05:15,0.021484
2025-04-06 05:30,0.0
2025-04-06 05:45,0.00049
2025-04-06 06:00,0.0
2025-04-06 06:15,0.0
2025-04-06 06:30,0.000895
2025-04-06 06:45,0.0
2025-04-06 07:00,0.011155
2025-04-06 07:15,0.011368
2025-04-06 07:30,0.000448
2025-04-06 07:45,0.0
2025-04-06 08:00,0.0
2025-04-06 08:15,0.000476
2025-04-06 08:30,0.001252
2025-04-06 08:45,0.001049
2025-04-06 09:00,0.000629
2025-04-06 09:15,0.0
2025-04-06 09:30,0.004399
2025-04-06 09:45,0.000203
2025-04-06 10:00,0.0
2025-04-06 10:15,0.0
2025-04-06 10:30,0.0
2025-04-06 10:45,0.0
2025-04-06 11:00,0.0
2025-04-06 11:15,0.003668
2025-04-06 11:30,0.000273
2025-04-06 11:45,0.0
2025-04-06 12:00,0.000259
2025-04-06 12:15,0.000615
2025-04-06 12:30,0.0
2025-04-06 12:45,0.000245
2025-04-06 13:00,0.013456
2025-04-06 13:15,0.005382
2025-04-06 13:30,0.000224
2025-04-06 13:45,0.001937
2025-04-06 14:00,0.0
2025-04-06 14:15,0.010085
2025-04-06 14:30,0.0
2025-04-06 14:45,0.000224
2025-04-06 15:00,0.000525
2025-04-06 15:15,0.005042
2025-04-06 15:30,0.254642
2025-04-06 15:45,0.342901
2025-04-06 16:00,0.267174
2025-04-06 16:15,0.633542
2025-04-06 16:30,0.585122
2025-04-06 16:45,0.749281
2025-04-06 17:00,0.472582
2025-04-06 17:15,0.0
2025-04-06 17:30,0.0
2025-04-06 17:45,0.005864
2025-04-06 18:00,0.00821
2025-04-06 18:15,0.010288
2025-04-06 18:30,0.000203
2025-04-06 18:45,0.519669
2025-04-06 19:00,0.250942
2025-04-06 19:15,0.293351
2025-04-06 19:30,0.593937
2025-04-06 19:45,0.683416
2025-04-06 20:00,0.658551
2025-04-06 20:15,0.148403
2025-04-06 20:30,0.040828
2025-04-06 20:45,0.03524
2025-04-06 21:00,0.027394
2025-04-06 21:15,0.005245
2025-04-06 21:30,0.005287
2025-04-06 21:45,0.0
2025-04-06 22:00,0.0
2025-04-06 22:15,0.010085
2025-04-06 22:30,0.0
2025-04-06 22:45,0.005042
2025-04-06 23:00,0.026642
2025-04-06 23:15,0.000245
2025-04-06 23:30,0.0
2025-04-06 23:45,0.0
2025-04-07 00:00,0.0
2025-04-07 00:15,0.000406
2025-04-07 00:30,0.0
2025-04-07 00:45,0.019827
2025-04-07 01:00,0.007406
2025-04-07 01:15,0.011064
2025-04-07 01:30,0.026149
2025-04-07 01:45,0.0
2025-04-07 02:00,0.010085
2025-04-07 02:15,0.0
2025-04-07 02:30,0.005252
2025-04-07 02:45,0.0
2025-04-07 03:00,0.000993
2025-04-07 03:15,0.0
2025-04-07 03:30,0.000245
2025-04-07 03:45,0.015127
2025-04-07 04:00,0.0
2025-04-07 04:15,0.000224
2025-04-07 04:30,0.004707
2025-04-07 04:45,0.005042
2025-04-07 05:00,0.005042
2025-04-07 05:15,0.001238
2025-04-07 05:30,0.000353
2025-04-07 05:45,0.000448
2025-04-07 06:00,0.001948
2025-04-07 06:15,0.000259
2025-04-07 06:30,0.0
2025-04-07 06:45,0.025142
2025-04-07 07:00,0.0
2025-04-07 07:15,0.001053
2025-04-07 07:30,0.0
2025-04-07 07:45,0.000591
2025-04-07 08:00,0.011337
2025-04-07 08:15,0.0
2025-04-07 08:30,0.0
2025-04-07 08:45,0.001091
2025-04-07 09:00,0.000203
2025-04-07 09:15,0.0
2025-04-07 09:30,0.0
2025-04-07 09:45,0.001367
2025-04-07 10:00,0.000448
2025-04-07 10:15,0.000203
2025-04-07 10:30,0.0
2025-04-07 10:45,0.000203
2025-04-07 11:00,0.000273
2025-04-07 11:15,0.008798
2025-04-07 11:30,0.018376
2025-04-07 11:45,0.000353
2025-04-07 12:00,0.014085
2025-04-07 12:15,0.014519
2025-04-07 12:30,0.005042
2025-04-07 12:45,0.015603
2025-04-07 13:00,0.004602
2025-04-07 13:15,0.000598
2025-04-07 13:30,0.008798
2025-04-07 13:45,0.021005
2025-04-07 14:00,0.0
2025-04-07 14:15,0.040021
2025-04-07 14:30,0.021869
2025-04-07 14:45,0.025436
2025-04-07 15:00,0.038583
2025-04-07 15:15,0.009322
2025-04-07 15:30,0.199092
2025-04-07 15:45,0.472959
2025-04-07 16:00,0.354678
2025-04-07 16:15,0.81051
2025-04-07 16:30,0.736406
2025-04-07 16:45,0.844303
2025-04-07 17:00,0.393925
2025-04-07 17:15,0.008455
2025-04-07 17:30,0.007462
2025-04-07 17:45,0.103463
2025-04-07 18:00,0.018208
2025-04-07 18:15,0.018753
2025-04-07 18:30,0.004357
2025-04-07 18:45,0.530866
2025-04-07 19:00,0.292519
2025-04-07 19:15,0.253957
2025-04-07 19:30,0.438873
2025-04-07 19:45,0.453426
2025-04-07 20:00,0.624978
2025-04-07 20:15,0.106498
2025-04-07 20:30,0.013155
2025-04-07 20:45,0.000448
2025-04-07 21:00,0.0
2025-04-07 21:15,0.00342
2025-04-07 21:30,0.0
2025-04-07 21:45,0.0
2025-04-07 22:00,0.008043
2025-04-07 22:15,0.005042
2025-04-07 22:30,0.000734
2025-04-07 22:45,0.005266
2025-04-07 23:00,0.004357
2025-04-07 23:15,0.000622
2025-04-07 23:30,0.010329
2025-04-07 23:45,0.00584
2025-04-08 00:00,0.010085
2025-04-08 00:15,0.0
2025-04-08 00:30,0.0
2025-04-08 00:45,0.000245
2025-04-08 01:00,0.0
2025-04-08 01:15,0.021176
2025-04-08 01:30,0.01533
2025-04-08 01:45,0.00072
2025-04-08 02:00,0.0
2025-04-08 02:15,0.01277
2025-04-08 02:30,0.006021
2025-04-08 02:45,0.014246
2025-04-08 03:00,0.005042
2025-04-08 03:15,0.010085
2025-04-08 03:30,0.0
2025-04-08 03:45,0.005042
2025-04-08 04:00,0.0
2025-04-08 04:15,0.000259
2025-04-08 04:30,0.000304
2025-04-08 04:45,0.0
2025-04-08 05:00,0.0
2025-04-08 05:15,0.004868
2025-04-08 05:30,0.0
2025-04-08 05:45,0.018994
2025-04-08 06:00,0.000224
2025-04-08 06:15,0.000598
2025-04-08 06:30,0.0015
2025-04-08 06:45,0.000224
2025-04-08 07:00,0.003315
2025-04-08 07:15,0.000902
2025-04-08 07:30,0.000224
2025-04-08 07:45,0.0
2025-04-08 08:00,0.000262
2025-04-08 08:15,0.0
2025-04-08 08:30,0.0
2025-04-08 08:45,0.000224
2025-04-08 09:00,0.000322
2025-04-08 09:15,0.0
2025-04-08 09:30,0.0
2025-04-08 09:45,0.005532
2025-04-08 10:00,0.0
2025-04-08 10:15,0.005028
2025-04-08 10:30,0.002542
2025-04-08 10:45,0.000259
2025-04-08 11:00,0.000357
2025-04-08 11:15,0.0
2025-04-08 11:30,0.005042
2025-04-08 11:45,0.0
2025-04-08 12:00,0.0
2025-04-08 12:15,0.006028
2025-04-08 12:30,0.000224
2025-04-08 12:45,0.005581
2025-04-08 13:00,0.0
2025-04-08 13:15,0.011067
2025-04-08 13:30,0.005245
2025-04-08 13:45,0.0
2025-04-08 14:00,0.006326
2025-04-08 14:15,0.001623
2025-04-08 14:30,0.006357
2025-04-08 14:45,0.000406
2025-04-08 15:00,0.009826
2025-04-08 15:15,0.009875
2025-04-08 15:30,0.081978
2025-04-08 15:45,0.24404
2025-04-08 16:00,0.644189
2025-04-08 16:15,0.414819
2025-04-08 16:30,0.573184
2025-04-08 16:45,0.760513
2025-04-08 17:00,0.448895
2025-04-08 17:15,0.001713
2025-04-08 17:30,0.047046
2025-04-08 17:45,0.010809
2025-04-08 18:00,0.022505
2025-04-08 18:15,0.005042
2025-04-08 18:30,0.005119
2025-04-08 18:45,0.334638
2025-04-08 19:00,0.252362
2025-04-08 19:15,0.234389
2025-04-08 19:30,0.664841
2025-04-08 19:45,0.583737
2025-04-08 20:00,1.0
2025-04-08 20:15,0.16667
2025-04-08 20:30,0.020054
2025-04-08 20:45,0.011378
2025-04-08 21:00,0.010085
2025-04-08 21:15,0.003804
2025-04-08 21:30,0.011753
2025-04-08 21:45,0.000259
2025-04-08 22:00,0.006665
2025-04-08 22:15,0.0
2025-04-08 22:30,0.005938
2025-04-08 22:45,0.0
2025-04-08 23:00,0.005245
2025-04-08 23:15,0.0
2025-04-08 23:30,0.004413
2025-04-08 23:45,0.006105
2025-04-09 00:00,0.0
2025-04-09 00:00,0.0
2025-04-09 00:15,0.027596
2025-04-09 00:30,0.010509
2025-04-09 00:45,0.00623
2025-04-09 01:00,0.0
2025-04-09 01:15,0.005985
2025-04-09 01:30,0.011428
2025-04-09 01:45,0.0
2025-04-09 02:00,0.003468
2025-04-09 02:15,0.008972
2025-04-09 02:30,0.007056
2025-04-09 02:45,0.0
2025-04-09 03:00,0.005594
2025-04-09 03:15,0.0005
2025-04-09 03:30,0.009108
2025-04-09 03:45,0.000225
2025-04-09 04:00,0.005974
2025-04-09 04:15,0.0
2025-04-09 04:30,0.0
2025-04-09 04:45,0.006249
2025-04-09 05:00,0.001781
2025-04-09 05:15,0.000272
2025-04-09 05:30,0.000489
2025-04-09 05:45,0.0
2025-04-09 06:00,0.005578
2025-04-09 06:15,0.005105
2025-04-09 06:30,0.006785
2025-04-09 06:45,0.000272
2025-04-09 07:00,0.011242
2025-04-09 07:15,0.005889
2025-04-09 07:30,0.0
2025-04-09 07:45,0.0
2025-04-09 08:00,0.000248
2025-04-09 08:15,0.0
2025-04-09 08:30,0.001428
2025-04-09 08:45,0.000497
2025-04-09 09:00,0.0
2025-04-09 09:15,0.0036
2025-04-09 09:30,0.0
2025-04-09 09:45,0.000272
2025-04-09 10:00,0.005819
2025-04-09 10:15,0.001311
2025-04-09 10:30,0.0
2025-04-09 10:45,0.005128
2025-04-09 11:00,0.0
2025-04-09 11:15,0.004833
2025-04-09 11:30,0.006691
2025-04-09 11:45,0.000993
2025-04-09 12:00,0.003693
2025-04-09 12:15,0.009605
2025-04-09 12:30,0.032511
2025-04-09 12:45,0.005264
2025-04-09 13:00,0.039994
2025-04-09 13:15,0.001618
2025-04-09 13:30,0.007409
2025-04-09 13:45,0.017821
2025-04-09 14:00,0.014748
2025-04-09 14:15,0.035665
2025-04-09 14:30,0.006587
2025-04-09 14:45,0.035316
2025-04-09 15:00,0.018158
2025-04-09 15:15,0.011048
2025-04-09 15:30,0.136002
2025-04-09 15:45,0.338989
2025-04-09 16:00,0.406808
2025-04-09 16:15,0.935405
2025-04-09 16:30,0.468955
2025-04-09 16:45,0.847411
2025-04-09 17:00,0.439078
2025-04-09 17:15,0.016781
2025-04-09 17:30,0.044823
2025-04-09 17:45,0.024807
2025-04-09 18:00,0.01516
2025-04-09 18:15,0.010567
2025-04-09 18:30,0.033535
2025-04-09 18:45,0.617549
2025-04-09 19:00,0.338368
2025-04-09 19:15,0.328826
2025-04-09 19:30,0.749789
2025-04-09 19:45,0.703654
2025-04-09 20:00,0.801203
2025-04-09 20:15,0.224501
2025-04-09 20:30,0.022705
2025-04-09 20:45,0.0
2025-04-09 21:00,0.006951
2025-04-09 21:15,0.016766
2025-04-09 21:30,0.005842
2025-04-09 21:45,0.007394
2025-04-09 22:00,0.000543
2025-04-09 22:15,0.000225
2025-04-09 22:30,0.017867
2025-04-09 22:45,0.0
2025-04-09 23:00,0.0
2025-04-09 23:15,0.001191
2025-04-09 23:30,0.017138
2025-04-09 23:45,0.000272
2025-04-10 00:00,0.0
2025-04-10 00:15,0.005578
2025-04-10 00:30,0.0
2025-04-10 00:45,0.000508
2025-04-10 01:00,0.167625
2025-04-10 01:15,0.022313
2025-04-10 01:30,0.022538
2025-04-10 01:45,0.0
2025-04-10 02:00,0.010047
2025-04-10 02:15,0.011187
2025-04-10 02:30,0.000272
2025-04-10 02:45,0.004065
2025-04-10 03:00,0.019714
2025-04-10 03:15,0.005865
2025-04-10 03:30,0.000272
2025-04-10 03:45,0.0
2025-04-10 04:00,0.000287
2025-04-10 04:15,0.005865
2025-04-10 04:30,0.005202
2025-04-10 04:45,0.000535
2025-04-10 05:00,0.011443
2025-04-10 05:15,0.0
2025-04-10 05:30,0.001373
2025-04-10 05:45,0.006362
2025-04-10 06:00,0.0
2025-04-10 06:15,0.022313
2025-04-10 06:30,0.000888
2025-04-10 06:45,0.011948
2025-04-10 07:00,0.000497
2025-04-10 07:15,0.025304
2025-04-10 07:30,0.00038
2025-04-10 07:45,0.003786
2025-04-10 08:00,0.0
2025-04-10 08:15,0.0
2025-04-10 08:30,0.0
2025-04-10 08:45,0.000287
2025-04-10 09:00,0.0
2025-04-10 09:15,0.0
2025-04-10 09:30,0.0
2025-04-10 09:45,0.005594
2025-04-10 10:00,0.001393
2025-04-10 10:15,0.000287
2025-04-10 10:30,0.0
2025-04-10 10:45,0.0
2025-04-10 11:00,0.000272
2025-04-10 11:15,0.01156
2025-04-10 11:30,0.000497
2025-04-10 11:45,0.005594
2025-04-10 12:00,0.001226
2025-04-10 12:15,0.006699
2025-04-10 12:30,0.000361
2025-04-10 12:45,0.001974
2025-04-10 13:00,0.001396
2025-04-10 13:15,0.011525
2025-04-10 13:30,0.071042
2025-04-10 13:45,0.005594
2025-04-10 14:00,0.011513
2025-04-10 14:15,0.005842
2025-04-10 14:30,0.000314
2025-04-10 14:45,0.005578
2025-04-10 15:00,0.034734
2025-04-10 15:15,0.025715
2025-04-10 15:30,0.161496
2025-04-10 15:45,0.366647
2025-04-10 16:00,0.239963
2025-04-10 16:15,0.697731
2025-04-10 16:30,0.683863
2025-04-10 16:45,0.676326
2025-04-10 17:00,0.402863
2025-04-10 17:15,0.0
2025-04-10 17:30,0.042934
2025-04-10 17:45,0.028993
2025-04-10 18:00,0.044959
2025-04-10 18:15,0.038023
2025-04-10 18:30,0.000225
2025-04-10 18:45,0.654812
2025-04-10 19:00,0.345017
2025-04-10 19:15,0.352454
2025-04-10 19:30,0.780306
2025-04-10 19:45,0.521708
2025-04-10 20:00,0.631797
2025-04-10 20:15,0.167152
2025-04-10 20:30,0.039327
2025-04-10 20:45,0.054808
2025-04-10 21:00,0.005594
2025-04-10 21:15,0.018705
2025-04-10 21:30,0.017852
2025-04-10 21:45,0.010474
2025-04-10 22:00,0.000892
2025-04-10 22:15,0.031607
2025-04-10 22:30,0.023523
2025-04-10 22:45,0.001086
2025-04-10 23:00,0.002285
2025-04-10 23:15,0.0
2025-04-10 23:30,0.0
2025-04-10 23:45,0.0
2025-04-11 00:00,0.000225
2025-04-11 00:15,0.0
2025-04-11 00:30,0.016129
2025-04-11 00:45,0.005594
2025-04-11 01:00,0.000659
2025-04-11 01:15,0.0
2025-04-11 01:30,0.027922
2025-04-11 01:45,0.01952
2025-04-11 02:00,0.013406
2025-04-11 02:15,0.0
2025-04-11 02:30,0.000248
2025-04-11 02:45,0.005826
2025-04-11 03:00,0.0
2025-04-11 03:15,0.0
2025-04-11 03:30,0.0
2025-04-11 03:45,0.0
2025-04-11 04:00,0.0
2025-04-11 04:15,0.000497
2025-04-11 04:30,0.000272
2025-04-11 04:45,0.000318
2025-04-11 05:00,0.001625
2025-04-11 05:15,0.00038
2025-04-11 05:30,0.002642
2025-04-11 05:45,0.0
2025-04-11 06:00,0.000621
2025-04-11 06:15,0.002696
2025-04-11 06:30,0.0
2025-04-11 06:45,0.000652
2025-04-11 07:00,0.0
2025-04-11 07:15,0.0
2025-04-11 07:30,0.000722
2025-04-11 07:45,0.0
2025-04-11 08:00,0.0
2025-04-11 08:15,0.0
2025-04-11 08:30,0.0
2025-04-11 08:45,0.00076
2025-04-11 09:00,0.0
2025-04-11 09:15,0.0
2025-04-11 09:30,0.004275
2025-04-11 09:45,0.019807
2025-04-11 10:00,0.0
2025-04-11 10:15,0.000225
2025-04-11 10:30,0.0
2025-04-11 10:45,0.011187
2025-04-11 11:00,0.003165
2025-04-11 11:15,0.016401
2025-04-11 11:30,0.006071
2025-04-11 11:45,0.00052
2025-04-11 12:00,0.0
2025-04-11 12:15,0.0
2025-04-11 12:30,0.0
2025-04-11 12:45,0.011769
2025-04-11 13:00,0.00514
2025-04-11 13:15,0.005594
2025-04-11 13:30,0.016401
2025-04-11 13:45,0.011715
2025-04-11 14:00,0.056759
2025-04-11 14:15,0.016929
2025-04-11 14:30,0.068773
2025-04-11 14:45,0.005578
2025-04-11 15:00,0.006393
2025-04-11 15:15,0.006447
2025-04-11 15:30,0.197913
2025-04-11 15:45,0.399705
2025-04-11 16:00,0.64468
2025-04-11 16:15,0.487792
2025-04-11 16:30,0.582187
2025-04-11 16:45,0.804682
2025-04-11 17:00,0.432709
2025-04-11 17:15,0.0
2025-04-11 17:30,0.019361
2025-04-11 17:45,0.024648
2025-04-11 18:00,0.000566
2025-04-11 18:15,0.000562
2025-04-11 18:30,0.041926
2025-04-11 18:45,0.439827
2025-04-11 19:00,0.2643
2025-04-11 19:15,0.385345
2025-04-11 19:30,0.695395
2025-04-11 19:45,0.895023
2025-04-11 20:00,0.723814
2025-04-11 20:15,0.441608
2025-04-11 20:30,0.020579
2025-04-11 20:45,0.020579
2025-04-11 21:00,0.0
2025-04-11 21:15,0.005594
2025-04-11 21:30,0.000838
2025-04-11 21:45,0.010834
2025-04-11 22:00,0.005916
2025-04-11 22:15,0.0
2025-04-11 22:30,0.022584
2025-04-11 22:45,0.000268
2025-04-11 23:00,0.0
2025-04-11 23:15,0.000656
2025-04-11 23:30,0.000287
2025-04-11 23:45,0.0
2025-04-12 00:00,0.059708
2025-04-12 00:15,0.000601
2025-04-12 00:30,0.0
2025-04-12 00:45,0.0
2025-04-12 01:00,0.0
2025-04-12 01:15,0.047465
2025-04-12 01:30,0.016036
2025-04-12 01:45,0.005594
2025-04-12 02:00,0.005826
2025-04-12 02:15,0.000636
2025-04-12 02:30,0.005237
2025-04-12 02:45,0.0
2025-04-12 03:00,0.006401
2025-04-12 03:15,0.005594
2025-04-12 03:30,0.006459
2025-04-12 03:45,0.000403
2025-04-12 04:00,0.0
2025-04-12 04:15,0.011187
2025-04-12 04:30,0.000582
2025-04-12 04:45,0.001393
2025-04-12 05:00,0.000365
2025-04-12 05:15,0.023663
2025-04-12 05:30,0.000396
2025-04-12 05:45,0.003072
2025-04-12 06:00,0.0
2025-04-12 06:15,0.000272
2025-04-12 06:30,0.0
2025-04-12 06:45,0.011156
2025-04-12 07:00,0.000248
2025-04-12 07:15,0.003856
2025-04-12 07:30,0.001144
2025-04-12 07:45,0.0
2025-04-12 08:00,0.001629
2025-04-12 08:15,0.0
2025-04-12 08:30,0.0
2025-04-12 08:45,0.0
2025-04-12 09:00,0.0
2025-04-12 09:15,0.0
2025-04-12 09:30,0.0
2025-04-12 09:45,0.000357
2025-04-12 10:00,0.0
2025-04-12 10:15,0.0
2025-04-12 10:30,0.0
2025-04-12 10:45,0.0
2025-04-12 11:00,0.000272
2025-04-12 11:15,0.000248
2025-04-12 11:30,0.00488
2025-04-12 11:45,0.0
2025-04-12 12:00,0.0
2025-04-12 12:15,0.0
2025-04-12 12:30,0.0
2025-04-12 12:45,0.0
2025-04-12 13:00,0.000628
2025-04-12 13:15,0.0
2025-04-12 13:30,0.0
2025-04-12 13:45,0.005594
2025-04-12 14:00,0.0
2025-04-12 14:15,0.0
2025-04-12 14:30,0.000248
2025-04-12 14:45,0.0
2025-04-12 15:00,0.022375
2025-04-12 15:15,0.004449
2025-04-12 15:30,0.15982
2025-04-12 15:45,0.292897
2025-04-12 16:00,0.462578
2025-04-12 16:15,0.884627
2025-04-12 16:30,0.628418
2025-04-12 16:45,0.842096
2025-04-12 17:00,0.327918
2025-04-12 17:15,0.005594
2025-04-12 17:30,0.006455
2025-04-12 17:45,0.0
2025-04-12 18:00,0.0
2025-04-12 18:15,0.0
2025-04-12 18:30,0.007149
2025-04-12 18:45,0.568688
2025-04-12 19:00,0.297479
2025-04-12 19:15,0.234291
2025-04-12 19:30,0.67998
2025-04-12 19:45,0.580488
2025-04-12 20:00,0.841619
2025-04-12 20:15,0.294938
2025-04-12 20:30,0.009915
2025-04-12 20:45,0.033384
2025-04-12 21:00,0.000392
2025-04-12 21:15,0.0
2025-04-12 21:30,0.002153
2025-04-12 21:45,0.0
2025-04-12 22:00,0.0
2025-04-12 22:15,0.000574
2025-04-12 22:30,0.0
2025-04-12 22:45,0.008755
2025-04-12 23:00,0.0
2025-04-12 23:15,0.0
2025-04-12 23:30,0.021715
2025-04-12 23:45,0.0
2025-04-13 00:00,0.003402
2025-04-13 00:15,0.006672
2025-04-13 00:30,0.005594
2025-04-13 00:45,0.002277
2025-04-13 01:00,0.0
2025-04-13 01:15,0.028426
2025-04-13 01:30,0.000357
2025-04-13 01:45,0.0
2025-04-13 02:00,0.0
2025-04-13 02:15,0.037961
2025-04-13 02:30,0.0
2025-04-13 02:45,0.005594
2025-04-13 03:00,0.0
2025-04-13 03:15,0.003701
2025-04-13 03:30,0.000729
2025-04-13 03:45,0.001629
2025-04-13 04:00,0.005819
2025-04-13 04:15,0.000551
2025-04-13 04:30,0.0
2025-04-13 04:45,0.005935
2025-04-13 05:00,0.000225
2025-04-13 05:15,0.0
2025-04-13 05:30,0.0
2025-04-13 05:45,0.000807
2025-04-13 06:00,0.002277
2025-04-13 06:15,0.0
2025-04-13 06:30,0.0
2025-04-13 06:45,0.022584
2025-04-13 07:00,0.0
2025-04-13 07:15,0.002925
2025-04-13 07:30,0.0
2025-04-13 07:45,0.0
2025-04-13 08:00,0.0
2025-04-13 08:15,0.0
2025-04-13 08:30,0.0
2025-04-13 08:45,0.0
2025-04-13 09:00,0.0
2025-04-13 09:15,0.0
2025-04-13 09:30,0.0
2025-04-13 09:45,0.002642
2025-04-13 10:00,0.003984
2025-04-13 10:15,0.0
2025-04-13 10:30,0.0
2025-04-13 10:45,0.0
2025-04-13 11:00,0.0
2025-04-13 11:15,0.0
2025-04-13 11:30,0.001187
2025-04-13 11:45,0.00052
2025-04-13 12:00,0.000392
2025-04-13 12:15,0.0054
2025-04-13 12:30,0.000272
2025-04-13 12:45,0.0
2025-04-13 13:00,0.0
2025-04-13 13:15,0.00223
2025-04-13 13:30,0.006001
2025-04-13 13:45,0.002277
2025-04-13 14:00,0.000248
2025-04-13 14:15,0.001877
2025-04-13 14:30,0.000272
2025-04-13 14:45,0.00223
2025-04-13 15:00,0.008922
2025-04-13 15:15,0.001521
2025-04-13 15:30,0.184173
2025-04-13 15:45,0.278331
2025-04-13 16:00,0.273199
2025-04-13 16:15,0.553699
2025-04-13 16:30,0.526832
2025-04-13 16:45,0.722999
2025-04-13 17:00,0.342438
2025-04-13 17:15,0.000287
2025-04-13 17:30,0.011637
2025-04-13 17:45,0.0
2025-04-13 18:00,0.0
2025-04-13 18:15,0.0
2025-04-13 18:30,0.011412
2025-04-13 18:45,0.46465
2025-04-13 19:00,0.246821
2025-04-13 19:15,0.239916
2025-04-13 19:30,0.671182
2025-04-13 19:45,0.514217
2025-04-13 20:00,0.725373
2025-04-13 20:15,0.138105
2025-04-13 20:30,0.0
2025-04-13 20:45,0.003794
2025-04-13 21:00,0.012619
2025-04-13 21:15,0.000248
2025-04-13 21:30,0.001334
2025-04-13 21:45,0.005842
2025-04-13 22:00,0.000543
2025-04-13 22:15,0.011661
2025-04-13 22:30,0.000225
2025-04-13 22:45,0.0
2025-04-13 23:00,0.0
2025-04-13 23:15,0.0
2025-04-13 23:30,0.000605
2025-04-13 23:45,0.0
2025-04-14 00:00,0.0
2025-04-14 00:15,0.008701
2025-04-14 00:30,0.0
2025-04-14 00:45,0.0
2025-04-14 01:00,0.0
2025-04-14 01:15,0.001629
2025-04-14 01:30,0.023577
2025-04-14 01:45,0.004795
2025-04-14 02:00,0.000272
2025-04-14 02:15,0.000272
2025-04-14 02:30,0.0
2025-04-14 02:45,0.0
2025-04-14 03:00,0.00121
2025-04-14 03:15,0.000361
2025-04-14 03:30,0.0
2025-04-14 03:45,0.0
2025-04-14 04:00,0.003289
2025-04-14 04:15,0.000729
2025-04-14 04:30,0.0
2025-04-14 04:45,0.0
2025-04-14 05:00,0.005939
2025-04-14 05:15,0.079611
2025-04-14 05:30,0.005594
2025-04-14 05:45,0.0
2025-04-14 06:00,0.0
2025-04-14 06:15,0.000908
2025-04-14 06:30,0.011187
2025-04-14 06:45,0.01182
2025-04-14 07:00,0.000248
2025-04-14 07:15,0.0
2025-04-14 07:30,0.0
2025-04-14 07:45,0.005819
2025-04-14 08:00,0.0
2025-04-14 08:15,0.0
2025-04-14 08:30,0.0
2025-04-14 08:45,0.0
2025-04-14 09:00,0.001932
2025-04-14 09:15,0.003483
2025-04-14 09:30,0.000272
2025-04-14 09:45,0.001086
2025-04-14 10:00,0.00976
2025-04-14 10:15,0.0
2025-04-14 10:30,0.005594
2025-04-14 10:45,0.0
2025-04-14 11:00,0.000392
2025-04-14 11:15,0.005745
2025-04-14 11:30,0.006284
2025-04-14 11:45,0.001695
2025-04-14 12:00,0.019741
2025-04-14 12:15,0.005594
2025-04-14 12:30,0.0
2025-04-14 12:45,0.012169
2025-04-14 13:00,0.005512
2025-04-14 13:15,0.011952
2025-04-14 13:30,0.005745
2025-04-14 13:45,0.016781
2025-04-14 14:00,0.005594
2025-04-14 14:15,0.000272
2025-04-14 14:30,0.009892
2025-04-14 14:45,0.0
2025-04-14 15:00,0.012751
2025-04-14 15:15,0.007615
2025-04-14 15:30,0.141871
2025-04-14 15:45,0.224268
2025-04-14 16:00,0.308553
2025-04-14 16:15,0.645304
2025-04-14 16:30,0.418732
2025-04-14 16:45,0.796063
2025-04-14 17:00,0.511897
2025-04-14 17:15,0.035587
2025-04-14 17:30,0.001125
2025-04-14 17:45,0.0
2025-04-14 18:00,0.005268
2025-04-14 18:15,0.022918
2025-04-14 18:30,0.005128
2025-04-14 18:45,0.500663
2025-04-14 19:00,0.32376
2025-04-14 19:15,0.210722
2025-04-14 19:30,0.685162
2025-04-14 19:45,0.593301
2025-04-14 20:00,0.652108
2025-04-14 20:15,0.26406
2025-04-14 20:30,0.011412
2025-04-14 20:45,0.001106
2025-04-14 21:00,0.033748
2025-04-14 21:15,0.011187
2025-04-14 21:30,0.000272
2025-04-14 21:45,0.0
2025-04-14 22:00,0.002933
2025-04-14 22:15,0.003359
2025-04-14 22:30,0.010474
2025-04-14 22:45,0.0
2025-04-14 23:00,0.0
2025-04-14 23:15,0.017142
2025-04-14 23:30,0.000543
2025-04-14 23:45,0.005842
2025-04-15 00:00,0.00488
2025-04-15 00:15,0.000376
2025-04-15 00:30,0.003941
2025-04-15 00:45,0.0
2025-04-15 01:00,0.016122
2025-04-15 01:15,0.0
2025-04-15 01:30,0.005594
2025-04-15 01:45,0.0
2025-04-15 02:00,0.0
2025-04-15 02:15,0.0335
2025-04-15 02:30,0.0
2025-04-15 02:45,0.005594
2025-04-15 03:00,0.0
2025-04-15 03:15,0.001753
2025-04-15 03:30,0.005889
2025-04-15 03:45,0.0
2025-04-15 04:00,0.000248
2025-04-15 04:15,0.0
2025-04-15 04:30,0.000225
2025-04-15 04:45,0.002455
2025-04-15 05:00,0.005594
2025-04-15 05:15,0.022848
2025-04-15 05:30,0.0
2025-04-15 05:45,0.000559
2025-04-15 06:00,0.000287
2025-04-15 06:15,0.0
2025-04-15 06:30,0.01272
2025-04-15 06:45,0.000272
2025-04-15 07:00,0.0
2025-04-15 07:15,0.0
2025-04-15 07:30,0.0
2025-04-15 07:45,0.000954
2025-04-15 08:00,0.0
2025-04-15 08:15,0.001641
2025-04-15 08:30,0.0
2025-04-15 08:45,0.0
2025-04-15 09:00,0.002234
2025-04-15 09:15,0.000248
2025-04-15 09:30,0.0
2025-04-15 09:45,0.0
2025-04-15 10:00,0.0
2025-04-15 10:15,0.000349
2025-04-15 10:30,0.0
2025-04-15 10:45,0.007789
2025-04-15 11:00,0.002913
2025-04-15 11:15,0.016894
2025-04-15 11:30,0.033613
2025-04-15 11:45,0.027806
2025-04-15 12:00,0.01777
2025-04-15 12:15,0.06067
2025-04-15 12:30,0.046751
2025-04-15 12:45,0.054727
2025-04-15 13:00,0.013402
2025-04-15 13:15,0.000272
2025-04-15 13:30,0.009465
2025-04-15 13:45,0.00052
2025-04-15 14:00,0.001672
2025-04-15 14:15,0.016005
2025-04-15 14:30,0.005962
2025-04-15 14:45,0.005881
2025-04-15 15:00,0.006521
2025-04-15 15:15,0.006393
2025-04-15 15:30,0.257077
2025-04-15 15:45,0.376826
2025-04-15 16:00,0.46392
2025-04-15 16:15,0.753311
2025-04-15 16:30,0.657326
2025-04-15 16:45,1.0
2025-04-15 17:00,0.341852
2025-04-15 17:15,0.00052
2025-04-15 17:30,0.000272
2025-04-15 17:45,0.027914
2025-04-15 18:00,0.030187
2025-04-15 18:15,0.001164
2025-04-15 18:30,0.027057
2025-04-15 18:45,0.403134
2025-04-15 19:00,0.223573
2025-04-15 19:15,0.310466
2025-04-15 19:30,0.495597
2025-04-15 19:45,0.501168
2025-04-15 20:00,0.696579
2025-04-15 20:15,0.223345
2025-04-15 20:30,0.011944
2025-04-15 20:45,0.04454
2025-04-15 21:00,0.028275
2025-04-15 21:15,0.00635
2025-04-15 21:30,0.001199
2025-04-15 21:45,0.005594
2025-04-15 22:00,0.005819
2025-04-15 22:15,0.005594
2025-04-15 22:30,0.007657
2025-04-15 22:45,0.005594
2025-04-15 23:00,0.024753
2025-04-15 23:15,0.0
2025-04-15 23:30,0.0
2025-04-15 23:45,0.008817
2025-04-16 00:00,0.026661
2025-04-16 00:00,0.027579
2025-04-16 00:15,0.0
2025-04-16 00:30,0.0
2025-04-16 00:45,0.000257
2025-04-16 01:00,0.0
2025-04-16 01:15,0.000281
2025-04-16 01:30,0.01154
2025-04-16 01:45,0.005586
2025-04-16 02:00,0.0
2025-04-16 02:15,0.000831
2025-04-16 02:30,0.010834
2025-04-16 02:45,0.006645
2025-04-16 03:00,0.006276
2025-04-16 03:15,0.0
2025-04-16 03:30,0.0
2025-04-16 03:45,0.002817
2025-04-16 04:00,0.000843
2025-04-16 04:15,0.000281
2025-04-16 04:30,0.0
2025-04-16 04:45,0.00073
2025-04-16 05:00,0.0
2025-04-16 05:15,0.0
2025-04-16 05:30,0.001485
2025-04-16 05:45,0.049324
2025-04-16 06:00,0.0
2025-04-16 06:15,0.0
2025-04-16 06:30,0.000233
2025-04-16 06:45,0.0
2025-04-16 07:00,0.0
2025-04-16 07:15,0.0
2025-04-16 07:30,0.0
2025-04-16 07:45,0.0
2025-04-16 08:00,0.0
2025-04-16 08:15,0.011573
2025-04-16 08:30,0.0
2025-04-16 08:45,0.0
2025-04-16 09:00,0.0
2025-04-16 09:15,0.0
2025-04-16 09:30,0.0
2025-04-16 09:45,0.0
2025-04-16 10:00,0.000281
2025-04-16 10:15,0.01154
2025-04-16 10:30,0.00049
2025-04-16 10:45,0.00699
2025-04-16 11:00,0.023378
2025-04-16 11:15,0.000233
2025-04-16 11:30,0.0
2025-04-16 11:45,0.000618
2025-04-16 12:00,0.0
2025-04-16 12:15,0.000281
2025-04-16 12:30,0.000786
2025-04-16 12:45,0.007231
2025-04-16 13:00,0.001304
2025-04-16 13:15,0.00522
2025-04-16 13:30,0.002183
2025-04-16 13:45,0.030849
2025-04-16 14:00,0.02524
2025-04-16 14:15,0.009839
2025-04-16 14:30,0.005048
2025-04-16 14:45,0.023145
2025-04-16 15:00,0.0
2025-04-16 15:15,0.0
2025-04-16 15:30,0.127447
2025-04-16 15:45,0.300951
2025-04-16 16:00,0.252293
2025-04-16 16:15,0.586265
2025-04-16 16:30,0.418515
2025-04-16 16:45,1.0
2025-04-16 17:00,0.361101
2025-04-16 17:15,0.023314
2025-04-16 17:30,0.017933
2025-04-16 17:45,0.051739
2025-04-16 18:00,0.005786
2025-04-16 18:15,0.028931
2025-04-16 18:30,0.001473
2025-04-16 18:45,0.005786
2025-04-16 19:00,0.193664
2025-04-16 19:15,0.254897
2025-04-16 19:30,0.532202
2025-04-16 19:45,0.383709
2025-04-16 20:00,0.89173
2025-04-16 20:15,0.009265
2025-04-16 20:30,0.000257
2025-04-16 20:45,0.000281
2025-04-16 21:00,0.036243
2025-04-16 21:15,0.0
2025-04-16 21:30,0.000233
2025-04-16 21:45,0.022495
2025-04-16 22:00,0.00577
2025-04-16 22:15,0.005786
2025-04-16 22:30,0.023081
2025-04-16 22:45,0.000257
2025-04-16 23:00,0.024999
2025-04-16 23:15,0.000233
2025-04-16 23:30,0.005883
2025-04-16 23:45,0.001039
2025-04-17 00:00,0.005786
2025-04-17 00:15,0.003034
2025-04-17 00:30,0.006693
2025-04-17 00:45,0.011516
2025-04-17 01:00,0.185578
2025-04-17 01:15,0.011837
2025-04-17 01:30,0.011833
2025-04-17 01:45,0.005786
2025-04-17 02:00,0.000686
2025-04-17 02:15,0.005786
2025-04-17 02:30,0.0
2025-04-17 02:45,0.0
2025-04-17 03:00,0.005786
2025-04-17 03:15,0.0
2025-04-17 03:30,0.0
2025-04-17 03:45,0.000233
2025-04-17 04:00,0.001264
2025-04-17 04:15,0.0
2025-04-17 04:30,0.0
2025-04-17 04:45,0.005855
2025-04-17 05:00,0.0
2025-04-17 05:15,0.010834
2025-04-17 05:30,0.000257
2025-04-17 05:45,0.00577
2025-04-17 06:00,0.00049
2025-04-17 06:15,0.000987
2025-04-17 06:30,0.0
2025-04-17 06:45,0.046162
2025-04-17 07:00,0.0
2025-04-17 07:15,0.000538
2025-04-17 07:30,0.006761
2025-04-17 07:45,0.0
2025-04-17 08:00,0.0
2025-04-17 08:15,0.0
2025-04-17 08:30,0.0
2025-04-17 08:45,0.0
2025-04-17 09:00,0.0
2025-04-17 09:15,0.0
2025-04-17 09:30,0.0
2025-04-17 09:45,0.0
2025-04-17 10:00,0.0
2025-04-17 10:15,0.0
2025-04-17 10:30,0.024036
2025-04-17 10:45,0.330549
2025-04-17 11:00,0.395887
2025-04-17 11:15,0.12973
2025-04-17 11:30,0.005602
2025-04-17 11:45,0.016813
2025-04-17 12:00,0.021123
2025-04-17 12:15,0.008748
2025-04-17 12:30,0.068866
2025-04-17 12:45,0.114418
2025-04-17 13:00,0.035809
2025-04-17 13:15,0.058734
2025-04-17 13:30,0.058601
2025-04-17 13:45,0.010541
2025-04-17 14:00,0.000827
2025-04-17 14:15,0.013768
2025-04-17 14:30,0.000377
2025-04-17 14:45,0.006151
2025-04-17 15:00,0.053116
2025-04-17 15:15,0.004334
2025-04-17 15:30,0.241868
2025-04-17 15:45,0.129032
2025-04-17 16:00,0.398632
2025-04-17 16:15,0.41022
2025-04-17 16:30,0.419574
2025-04-17 16:45,0.98744
2025-04-17 17:00,0.367433
2025-04-17 17:15,0.011573
2025-04-17 17:30,0.017359
2025-04-17 17:45,0.000281
2025-04-17 18:00,0.031813
2025-04-17 18:15,0.01252
2025-04-17 18:30,0.02341
2025-04-17 18:45,0.029012
2025-04-17 19:00,0.312427
2025-04-17 19:15,0.482304
2025-04-17 19:30,0.570635
2025-04-17 19:45,0.782027
2025-04-17 20:00,0.689009
2025-04-17 20:15,0.048409
2025-04-17 20:30,0.0
2025-04-17 20:45,0.000297
2025-04-17 21:00,0.0
2025-04-17 21:15,0.005786
2025-04-17 21:30,0.017592
2025-04-17 21:45,0.005786
2025-04-17 22:00,0.011689
2025-04-17 22:15,0.0
2025-04-17 22:30,0.011219
2025-04-17 22:45,0.000313
2025-04-17 23:00,0.0
2025-04-17 23:15,0.016348
2025-04-17 23:30,0.0
2025-04-17 23:45,0.0
2025-04-18 00:00,0.000486
2025-04-18 00:15,0.0
2025-04-18 00:30,0.0
2025-04-18 00:45,0.000281
2025-04-18 01:00,0.0
2025-04-18 01:15,0.000281
2025-04-18 01:30,0.023081
2025-04-18 01:45,0.0
2025-04-18 02:00,0.000297
2025-04-18 02:15,0.005786
2025-04-18 02:30,0.0
2025-04-18 02:45,0.0
2025-04-18 03:00,0.002303
2025-04-18 03:15,0.0
2025-04-18 03:30,0.0
2025-04-18 03:45,0.0
2025-04-18 04:00,0.005786
2025-04-18 04:15,0.000233
2025-04-18 04:30,0.00142
2025-04-18 04:45,0.0
2025-04-18 05:00,0.0
2025-04-18 05:15,0.0
2025-04-18 05:30,0.000578
2025-04-18 05:45,0.006573
2025-04-18 06:00,0.000281
2025-04-18 06:15,0.0
2025-04-18 06:30,0.0
2025-04-18 06:45,0.000281
2025-04-18 07:00,0.010786
2025-04-18 07:15,0.0
2025-04-18 07:30,0.006091
2025-04-18 07:45,0.0
2025-04-18 08:00,0.0
2025-04-18 08:15,0.000233
2025-04-18 08:30,0.0
2025-04-18 08:45,0.0
2025-04-18 09:00,0.0
2025-04-18 09:15,0.0
2025-04-18 09:30,0.0
2025-04-18 09:45,0.0
2025-04-18 10:00,0.0
2025-04-18 10:15,0.0
2025-04-18 10:30,0.0
2025-04-18 10:45,0.005586
2025-04-18 11:00,0.0
2025-04-18 11:15,0.0
2025-04-18 11:30,0.000602
2025-04-18 11:45,0.016404
2025-04-18 12:00,0.011428
2025-04-18 12:15,0.000233
2025-04-18 12:30,0.0
2025-04-18 12:45,0.000678
2025-04-18 13:00,0.01089
2025-04-18 13:15,0.012435
2025-04-18 13:30,0.011573
2025-04-18 13:45,0.005786
2025-04-18 14:00,0.009863
2025-04-18 14:15,0.006862
2025-04-18 14:30,0.010036
2025-04-18 14:45,0.023875
2025-04-18 15:00,0.0
2025-04-18 15:15,0.006533
2025-04-18 15:30,0.284355
2025-04-18 15:45,0.243008
2025-04-18 16:00,0.412504
2025-04-18 16:15,0.628169
2025-04-18 16:30,0.490855
2025-04-18 16:45,0.720653
2025-04-18 17:00,0.460973
2025-04-18 17:15,0.006669
2025-04-18 17:30,0.001075
2025-04-18 17:45,0.015549
2025-04-18 18:00,0.000257
2025-04-18 18:15,0.028297
2025-04-18 18:30,0.00697
2025-04-18 18:45,0.019999
2025-04-18 19:00,0.459275
2025-04-18 19:15,0.308206
2025-04-18 19:30,0.945528
2025-04-18 19:45,0.557433
2025-04-18 20:00,0.818041
2025-04-18 20:15,0.087216
2025-04-18 20:30,0.005
2025-04-18 20:45,0.005
2025-04-18 21:00,0.0
2025-04-18 21:15,0.001003
2025-04-18 21:30,0.000373
2025-04-18 21:45,0.005
2025-04-18 22:00,0.024096
2025-04-18 22:15,0.002921
2025-04-18 22:30,0.000233
2025-04-18 22:45,0.00077
2025-04-18 23:00,0.006091
2025-04-18 23:15,0.0
2025-04-18 23:30,0.0
2025-04-18 23:45,0.0
2025-04-19 00:00,0.004619
2025-04-19 00:15,0.0
2025-04-19 00:30,0.007006
2025-04-19 00:45,0.0
2025-04-19 01:00,0.0
2025-04-19 01:15,0.000281
2025-04-19 01:30,0.00577
2025-04-19 01:45,0.005786
2025-04-19 02:00,0.005786
2025-04-19 02:15,0.0
2025-04-19 02:30,0.0
2025-04-19 02:45,0.0
2025-04-19 03:00,0.004237
2025-04-19 03:15,0.0
2025-04-19 03:30,0.0
2025-04-19 03:45,0.0
2025-04-19 04:00,0.000281
2025-04-19 04:15,0.001597
2025-04-19 04:30,0.006356
2025-04-19 04:45,0.0
2025-04-19 05:00,0.005786
2025-04-19 05:15,0.000281
2025-04-19 05:30,0.0
2025-04-19 05:45,0.055447
2025-04-19 06:00,0.011878
2025-04-19 06:15,0.0
2025-04-19 06:30,0.001252
2025-04-19 06:45,0.0
2025-04-19 07:00,0.006091
2025-04-19 07:15,0.0
2025-04-19 07:30,0.005842
2025-04-19 07:45,0.0
2025-04-19 08:00,0.0
2025-04-19 08:15,0.0
2025-04-19 08:30,0.0
2025-04-19 08:45,0.001942
2025-04-19 09:00,0.0
2025-04-19 09:15,0.0
2025-04-19 09:30,0.0
2025-04-19 09:45,0.0
2025-04-19 10:00,0.0
2025-04-19 10:15,0.0
2025-04-19 10:30,0.0
2025-04-19 10:45,0.0
2025-04-19 11:00,0.000369
2025-04-19 11:15,0.0
2025-04-19 11:30,0.0
2025-04-19 11:45,0.0
2025-04-19 12:00,0.0
2025-04-19 12:15,0.0
2025-04-19 12:30,0.005786
2025-04-19 12:45,0.0
2025-04-19 13:00,0.0
2025-04-19 13:15,0.0
2025-04-19 13:30,0.005048
2025-04-19 13:45,0.0
2025-04-19 14:00,0.0
2025-04-19 14:15,0.0
2025-04-19 14:30,0.0
2025-04-19 14:45,0.001449
2025-04-19 15:00,0.0
2025-04-19 15:15,0.005786
2025-04-19 15:30,0.238935
2025-04-19 15:45,0.27787
2025-04-19 16:00,0.38289
2025-04-19 16:15,0.473147
2025-04-19 16:30,0.589118
2025-04-19 16:45,0.717644
2025-04-19 17:00,0.29494
2025-04-19 17:15,0.0
2025-04-19 17:30,0.0
2025-04-19 17:45,0.000281
2025-04-19 18:00,0.006067
2025-04-19 18:15,0.0
2025-04-19 18:30,0.0
2025-04-19 18:45,0.0
2025-04-19 19:00,0.147281
2025-04-19 19:15,0.556422
2025-04-19 19:30,0.568733
2025-04-19 19:45,0.607592
2025-04-19 20:00,0.939762
2025-04-19 20:15,0.047285
2025-04-19 20:30,0.005786
2025-04-19 20:45,0.020802
2025-04-19 21:00,0.000233
2025-04-19 21:15,0.03231
2025-04-19 21:30,0.0
2025-04-19 21:45,0.000301
2025-04-19 22:00,0.000393
2025-04-19 22:15,0.0
2025-04-19 22:30,0.006176
2025-04-19 22:45,0.0
2025-04-19 23:00,0.000465
2025-04-19 23:15,0.0
2025-04-19 23:30,0.0
2025-04-19 23:45,0.0
2025-04-20 00:00,0.0
2025-04-20 00:15,0.0
2025-04-20 00:30,0.0
2025-04-20 00:45,0.0
2025-04-20 01:00,0.005786
2025-04-20 01:15,0.046162
2025-04-20 01:30,0.01154
2025-04-20 01:45,0.0
2025-04-20 02:00,0.0
2025-04-20 02:15,0.0
2025-04-20 02:30,0.021564
2025-04-20 02:45,0.006067
2025-04-20 03:00,0.000313
2025-04-20 03:15,0.0
2025-04-20 03:30,0.000257
2025-04-20 03:45,0.0
2025-04-20 04:00,0.0
2025-04-20 04:15,0.0
2025-04-20 04:30,0.0
2025-04-20 04:45,0.0
2025-04-20 05:00,0.000257
2025-04-20 05:15,0.003395
2025-04-20 05:30,0.00057
2025-04-20 05:45,0.0
2025-04-20 06:00,0.0
2025-04-20 06:15,0.000281
2025-04-20 06:30,0.0
2025-04-20 06:45,0.002568
2025-04-20 07:00,0.000281
2025-04-20 07:15,0.0
2025-04-20 07:30,0.000257
2025-04-20 07:45,0.0
2025-04-20 08:00,0.0
2025-04-20 08:15,0.0
2025-04-20 08:30,0.0
2025-04-20 08:45,0.0
2025-04-20 09:00,0.0
2025-04-20 09:15,0.0
2025-04-20 09:30,0.0
2025-04-20 09:45,0.0
2025-04-20 10:00,0.0
2025-04-20 10:15,0.0
2025-04-20 10:30,0.000465
2025-04-20 10:45,0.0
2025-04-20 11:00,0.001204
2025-04-20 11:15,0.0
2025-04-20 11:30,0.0
2025-04-20 11:45,0.0
2025-04-20 12:00,0.001204
2025-04-20 12:15,0.000257
2025-04-20 12:30,0.0
2025-04-20 12:45,0.00577
2025-04-20 13:00,0.0
2025-04-20 13:15,0.0
2025-04-20 13:30,0.005305
2025-04-20 13:45,0.0
2025-04-20 14:00,0.0
2025-04-20 14:15,0.0
2025-04-20 14:30,0.0
2025-04-20 14:45,0.0
2025-04-20 15:00,0.0
2025-04-20 15:15,0.0
2025-04-20 15:30,0.080687
2025-04-20 15:45,0.269387
2025-04-20 16:00,0.255816
2025-04-20 16:15,0.39228
2025-04-20 16:30,0.73863
2025-04-20 16:45,0.694595
2025-04-20 17:00,0.394515
2025-04-20 17:15,0.006541
2025-04-20 17:30,0.005786
2025-04-20 17:45,0.0
2025-04-20 18:00,0.00496
2025-04-20 18:15,0.000281
2025-04-20 18:30,0.0
2025-04-20 18:45,0.0
2025-04-20 19:00,0.18492
2025-04-20 19:15,0.267477
2025-04-20 19:30,0.737723
2025-04-20 19:45,0.546567
2025-04-20 20:00,0.683849
2025-04-20 20:15,0.046162
2025-04-20 20:30,0.0
2025-04-20 20:45,0.000281
2025-04-20 21:00,0.0
2025-04-20 21:15,0.0
2025-04-20 21:30,0.0
2025-04-20 21:45,0.0
2025-04-20 22:00,0.0
2025-04-20 22:15,0.0
2025-04-20 22:30,0.0
2025-04-20 22:45,0.000281
2025-04-20 23:00,0.005786
2025-04-20 23:15,0.0
2025-04-20 23:30,0.0
2025-04-20 23:45,0.0
2025-04-21 00:00,0.000257
2025-04-21 00:15,0.000297
2025-04-21 00:30,0.0
2025-04-21 00:45,0.006067
2025-04-21 01:00,0.000233
2025-04-21 01:15,0.000674
2025-04-21 01:30,0.01278
2025-04-21 01:45,0.0
2025-04-21 02:00,0.006091
2025-04-21 02:15,0.005614
2025-04-21 02:30,0.005786
2025-04-21 02:45,0.056675
2025-04-21 03:00,0.0
2025-04-21 03:15,0.0
2025-04-21 03:30,0.0
2025-04-21 03:45,0.0
2025-04-21 04:00,0.000397
2025-04-21 04:15,0.005465
2025-04-21 04:30,0.0
2025-04-21 04:45,0.000281
2025-04-21 05:00,0.000397
2025-04-21 05:15,0.001124
2025-04-21 05:30,0.006067
2025-04-21 05:45,0.0139
2025-04-21 06:00,0.006581
2025-04-21 06:15,0.000257
2025-04-21 06:30,0.0
2025-04-21 06:45,0.024658
2025-04-21 07:00,0.006324
2025-04-21 07:15,0.0
2025-04-21 07:30,0.000365
2025-04-21 07:45,0.0
2025-04-21 08:00,0.0
2025-04-21 08:15,0.0
2025-04-21 08:30,0.000233
2025-04-21 08:45,0.0
2025-04-21 09:00,0.006091
2025-04-21 09:15,0.0
2025-04-21 09:30,0.000281
2025-04-21 09:45,0.0
2025-04-21 10:00,0.002877
2025-04-21 10:15,0.0
2025-04-21 10:30,0.000461
2025-04-21 10:45,0.0113
2025-04-21 11:00,0.00565
2025-04-21 11:15,0.028386
2025-04-21 11:30,0.0
2025-04-21 11:45,0.000754
2025-04-21 12:00,0.000257
2025-04-21 12:15,0.005786
2025-04-21 12:30,0.001296
2025-04-21 12:45,0.000927
2025-04-21 13:00,0.00116
2025-04-21 13:15,0.034854
2025-04-21 13:30,0.032443
2025-04-21 13:45,0.005216
2025-04-21 14:00,0.006143
2025-04-21 14:15,0.006689
2025-04-21 14:30,0.013695
2025-04-21 14:45,0.0
2025-04-21 15:00,0.012696
2025-04-21 15:15,0.000393
2025-04-21 15:30,0.267004
2025-04-21 15:45,0.187488
2025-04-21 16:00,0.288732
2025-04-21 16:15,0.29547
2025-04-21 16:30,0.700028
2025-04-21 16:45,0.65074
2025-04-21 17:00,0.402488
2025-04-21 17:15,0.005
2025-04-21 17:30,0.002384
2025-04-21 17:45,0.013326
2025-04-21 18:00,0.005786
2025-04-21 18:15,0.005786
2025-04-21 18:30,0.006328
2025-04-21 18:45,0.011175
2025-04-21 19:00,0.293327
2025-04-21 19:15,0.33619
2025-04-21 19:30,0.572373
2025-04-21 19:45,0.605594
2025-04-21 20:00,0.630071
2025-04-21 20:15,0.030244
2025-04-21 20:30,0.008378
2025-04-21 20:45,0.014141
2025-04-21 21:00,0.000257
2025-04-21 21:15,0.0
2025-04-21 21:30,0.005196
2025-04-21 21:45,0.012134
2025-04-21 22:00,0.017736
2025-04-21 22:15,0.005786
2025-04-21 22:30,0.002211
2025-04-21 22:45,0.0
2025-04-21 23:00,0.012154
2025-04-21 23:15,0.0
2025-04-21 23:30,0.0
2025-04-21 23:45,0.0
2025-04-22 00:00,0.0
2025-04-22 00:15,0.009008
2025-04-22 00:30,0.00061
2025-04-22 00:45,0.000594
2025-04-22 01:00,0.017038
2025-04-22 01:15,0.004169
2025-04-22 01:30,0.040424
2025-04-22 01:45,0.0
2025-04-22 02:00,0.000465
2025-04-22 02:15,0.000281
2025-04-22 02:30,0.006517
2025-04-22 02:45,0.000465
2025-04-22 03:00,0.006669
2025-04-22 03:15,0.0
2025-04-22 03:30,0.000257
2025-04-22 03:45,0.0
2025-04-22 04:00,0.005786
2025-04-22 04:15,0.001782
2025-04-22 04:30,0.0
2025-04-22 04:45,0.0
2025-04-22 05:00,0.0
2025-04-22 05:15,0.006003
2025-04-22 05:30,0.0
2025-04-22 05:45,0.012905
2025-04-22 06:00,0.005786
2025-04-22 06:15,0.000554
2025-04-22 06:30,0.0
2025-04-22 06:45,0.01154
2025-04-22 07:00,0.002849
2025-04-22 07:15,0.000602
2025-04-22 07:30,0.001051
2025-04-22 07:45,0.0
2025-04-22 08:00,0.0
2025-04-22 08:15,0.0
2025-04-22 08:30,0.0
2025-04-22 08:45,0.006264
2025-04-22 09:00,0.00433
2025-04-22 09:15,0.000586
2025-04-22 09:30,0.0
2025-04-22 09:45,0.0
2025-04-22 10:00,0.001124
2025-04-22 10:15,0.009233
2025-04-22 10:30,0.006541
2025-04-22 10:45,0.000257
2025-04-22 11:00,0.006384
2025-04-22 11:15,0.0
2025-04-22 11:30,0.0113
2025-04-22 11:45,0.000967
2025-04-22 12:00,0.001597
2025-04-22 12:15,0.00053
2025-04-22 12:30,0.006067
2025-04-22 12:45,0.016139
2025-04-22 13:00,0.007664
2025-04-22 13:15,0.010445
2025-04-22 13:30,0.000594
2025-04-22 13:45,0.020236
2025-04-22 14:00,0.013483
2025-04-22 14:15,0.006886
2025-04-22 14:30,0.00307
2025-04-22 14:45,0.011829
2025-04-22 15:00,0.006019
2025-04-22 15:15,0.005786
2025-04-22 15:30,0.129794
2025-04-22 15:45,0.216897
2025-04-22 16:00,0.428354
2025-04-22 16:15,0.470366
2025-04-22 16:30,0.654693
2025-04-22 16:45,0.841202
2025-04-22 17:00,0.364769
2025-04-22 17:15,0.01823
2025-04-22 17:30,0.001986
2025-04-22 17:45,0.020742
2025-04-22 18:00,0.01
2025-04-22 18:15,0.00577
2025-04-22 18:30,0.028145
2025-04-22 18:45,0.01211
2025-04-22 19:00,0.366767
2025-04-22 19:15,0.446314
2025-04-22 19:30,0.81319
2025-04-22 19:45,0.746114
2025-04-22 20:00,0.928446
2025-04-22 20:15,0.052438
2025-04-22 20:30,0.000618
2025-04-22 20:45,0.039276
2025-04-22 21:00,0.009229
2025-04-22 21:15,0.057036
2025-04-22 21:30,0.237358
2025-04-22 21:45,0.01154
2025-04-22 22:00,0.011003
2025-04-22 22:15,0.001031
2025-04-22 22:30,0.008025
2025-04-22 22:45,0.006027
2025-04-22 23:00,0.006043
2025-04-22 23:15,0.0
2025-04-22 23:30,0.000313
2025-04-22 23:45,0.0
2025-04-23 00:00,0.000281
2025-04-23 00:00,0.000277
2025-04-23 00:15,0.000254
2025-04-23 00:30,0.0
2025-04-23 00:45,0.0
2025-04-23 01:00,0.005714
2025-04-23 01:15,0.045149
2025-04-23 01:30,0.034192
2025-04-23 01:45,0.0
2025-04-23 02:00,0.011397
2025-04-23 02:15,0.011397
2025-04-23 02:30,0.005714
2025-04-23 02:45,0.0
2025-04-23 03:00,0.013077
2025-04-23 03:15,0.0
2025-04-23 03:30,0.004938
2025-04-23 03:45,0.0
2025-04-23 04:00,0.0
2025-04-23 04:15,0.000293
2025-04-23 04:30,0.0
2025-04-23 04:45,0.000357
2025-04-23 05:00,0.0
2025-04-23 05:15,0.014532
2025-04-23 05:30,0.000797
2025-04-23 05:45,0.02182
2025-04-23 06:00,0.000666
2025-04-23 06:15,0.0
2025-04-23 06:30,0.0
2025-04-23 06:45,0.011397
2025-04-23 07:00,0.0
2025-04-23 07:15,0.0
2025-04-23 07:30,0.000277
2025-04-23 07:45,0.0
2025-04-23 08:00,0.0
2025-04-23 08:15,0.005675
2025-04-23 08:30,0.0
2025-04-23 08:45,0.0
2025-04-23 09:00,0.000571
2025-04-23 09:15,0.006016
2025-04-23 09:30,0.0
2025-04-23 09:45,0.0
2025-04-23 10:00,0.0
2025-04-23 10:15,0.0
2025-04-23 10:30,0.0
2025-04-23 10:45,0.0
2025-04-23 11:00,0.000765
2025-04-23 11:15,0.005968
2025-04-23 11:30,0.011476
2025-04-23 11:45,0.0
2025-04-23 12:00,0.0
2025-04-23 12:15,0.012998
2025-04-23 12:30,0.0
2025-04-23 12:45,0.000797
2025-04-23 13:00,0.006222
2025-04-23 13:15,0.051494
2025-04-23 13:30,0.000959
2025-04-23 13:45,0.017254
2025-04-23 14:00,0.013291
2025-04-23 14:15,0.016303
2025-04-23 14:30,0.006261
2025-04-23 14:45,0.022794
2025-04-23 15:00,0.004938
2025-04-23 15:15,0.021106
2025-04-23 15:30,0.162533
2025-04-23 15:45,0.182526
2025-04-23 16:00,0.437418
2025-04-23 16:15,0.307468
2025-04-23 16:30,0.582733
2025-04-23 16:45,0.922058
2025-04-23 17:00,0.398705
2025-04-23 17:15,0.026393
2025-04-23 17:30,0.011429
2025-04-23 17:45,0.001454
2025-04-23 18:00,0.000487
2025-04-23 18:15,0.007391
2025-04-23 18:30,0.005881
2025-04-23 18:45,0.0
2025-04-23 19:00,0.381379
2025-04-23 19:15,0.269927
2025-04-23 19:30,0.670598
2025-04-23 19:45,0.66782
2025-04-23 20:00,0.766642
2025-04-23 20:15,0.102642
2025-04-23 20:30,0.020528
2025-04-23 20:45,0.0
2025-04-23 21:00,0.018447
2025-04-23 21:15,0.0
2025-04-23 21:30,0.0
2025-04-23 21:45,0.005944
2025-04-23 22:00,0.011457
2025-04-23 22:15,0.022826
2025-04-23 22:30,0.005714
2025-04-23 22:45,0.0
2025-04-23 23:00,0.001197
2025-04-23 23:15,0.000555
2025-04-23 23:30,0.010303
2025-04-23 23:45,0.004018
2025-04-24 00:00,0.0
2025-04-24 00:15,0.006008
2025-04-24 00:30,0.0
2025-04-24 00:45,0.000547
2025-04-24 01:00,0.190575
2025-04-24 01:15,0.022826
2025-04-24 01:30,0.011429
2025-04-24 01:45,0.020302
2025-04-24 02:00,0.0
2025-04-24 02:15,0.039546
2025-04-24 02:30,0.0
2025-04-24 02:45,0.0
2025-04-24 03:00,0.001007
2025-04-24 03:15,0.0
2025-04-24 03:30,0.041119
2025-04-24 03:45,0.0
2025-04-24 04:00,0.000254
2025-04-24 04:15,0.0
2025-04-24 04:30,0.0
2025-04-24 04:45,0.017417
2025-04-24 05:00,0.006067
2025-04-24 05:15,0.022747
2025-04-24 05:30,0.0
2025-04-24 05:45,0.006206
2025-04-24 06:00,0.0
2025-04-24 06:15,0.001304
2025-04-24 06:30,0.0
2025-04-24 06:45,0.011397
2025-04-24 07:00,0.0
2025-04-24 07:15,0.001454
2025-04-24 07:30,0.006016
2025-04-24 07:45,0.0
2025-04-24 08:00,0.005699
2025-04-24 08:15,0.005699
2025-04-24 08:30,0.0
2025-04-24 08:45,0.0
2025-04-24 09:00,0.0
2025-04-24 09:15,0.001189
2025-04-24 09:30,0.0
2025-04-24 09:45,0.005699
2025-04-24 10:00,0.0
2025-04-24 10:15,0.000365
2025-04-24 10:30,0.0
2025-04-24 10:45,0.000365
2025-04-24 11:00,0.00046
2025-04-24 11:15,0.0
2025-04-24 11:30,0.0
2025-04-24 11:45,0.0
2025-04-24 12:00,0.003135
2025-04-24 12:15,0.0
2025-04-24 12:30,0.000254
2025-04-24 12:45,0.011833
2025-04-24 13:00,0.007957
2025-04-24 13:15,0.00111
2025-04-24 13:30,0.000587
2025-04-24 13:45,0.0
2025-04-24 14:00,0.005944
2025-04-24 14:15,0.012808
2025-04-24 14:30,0.0
2025-04-24 14:45,0.00149
2025-04-24 15:00,0.018368
2025-04-24 15:15,0.000801
2025-04-24 15:30,0.166579
2025-04-24 15:45,0.218374
2025-04-24 16:00,0.387331
2025-04-24 16:15,0.44555
2025-04-24 16:30,0.571082
2025-04-24 16:45,0.757654
2025-04-24 17:00,0.415908
2025-04-24 17:15,0.011794
2025-04-24 17:30,0.0
2025-04-24 17:45,0.005944
2025-04-24 18:00,0.017397
2025-04-24 18:15,0.002786
2025-04-24 18:30,0.005968
2025-04-24 18:45,0.0
2025-04-24 19:00,0.232288
2025-04-24 19:15,0.386004
2025-04-24 19:30,0.984549
2025-04-24 19:45,0.492625
2025-04-24 20:00,0.845186
2025-04-24 20:15,0.024142
2025-04-24 20:30,0.00046
2025-04-24 20:45,0.001165
2025-04-24 21:00,0.006115
2025-04-24 21:15,0.000293
2025-04-24 21:30,0.004898
2025-04-24 21:45,0.011429
2025-04-24 22:00,0.004985
2025-04-24 22:15,0.018198
2025-04-24 22:30,0.022858
2025-04-24 22:45,0.011429
2025-04-24 23:00,0.005699
2025-04-24 23:15,0.0
2025-04-24 23:30,0.00023
2025-04-24 23:45,0.0
2025-04-25 00:00,0.011877
2025-04-25 00:15,0.005714
2025-04-25 00:30,0.0004
2025-04-25 00:45,0.0
2025-04-25 01:00,0.011706
2025-04-25 01:15,0.0
2025-04-25 01:30,0.011397
2025-04-25 01:45,0.0
2025-04-25 02:00,0.006269
2025-04-25 02:15,0.011675
2025-04-25 02:30,0.0
2025-04-25 02:45,0.005992
2025-04-25 03:00,0.006614
2025-04-25 03:15,0.000277
2025-04-25 03:30,0.001486
2025-04-25 03:45,0.001454
2025-04-25 04:00,0.000254
2025-04-25 04:15,0.013648
2025-04-25 04:30,0.0
2025-04-25 04:45,0.000416
2025-04-25 05:00,0.000416
2025-04-25 05:15,0.005714
2025-04-25 05:30,0.0
2025-04-25 05:45,0.00023
2025-04-25 06:00,0.027883
2025-04-25 06:15,0.0
2025-04-25 06:30,0.0
2025-04-25 06:45,0.0
2025-04-25 07:00,0.012031
2025-04-25 07:15,0.006309
2025-04-25 07:30,0.0
2025-04-25 07:45,0.005786
2025-04-25 08:00,0.0
2025-04-25 08:15,0.0
2025-04-25 08:30,0.0
2025-04-25 08:45,0.000325
2025-04-25 09:00,0.0
2025-04-25 09:15,0.002342
2025-04-25 09:30,0.0
2025-04-25 09:45,0.0
2025-04-25 10:00,0.0
2025-04-25 10:15,0.0
2025-04-25 10:30,0.0
2025-04-25 10:45,0.005714
2025-04-25 11:00,0.004938
2025-04-25 11:15,0.000254
2025-04-25 11:30,0.009455
2025-04-25 11:45,0.016921
2025-04-25 12:00,0.009875
2025-04-25 12:15,0.000848
2025-04-25 12:30,0.000931
2025-04-25 12:45,0.001137
2025-04-25 13:00,0.002172
2025-04-25 13:15,0.0
2025-04-25 13:30,0.022858
2025-04-25 13:45,0.002671
2025-04-25 14:00,0.005833
2025-04-25 14:15,0.000369
2025-04-25 14:30,0.023912
2025-04-25 14:45,0.005168
2025-04-25 15:00,0.018031
2025-04-25 15:15,0.005714
2025-04-25 15:30,0.160703
2025-04-25 15:45,0.150641
2025-04-25 16:00,0.385144
2025-04-25 16:15,0.501946
2025-04-25 16:30,0.402081
2025-04-25 16:45,1.0
2025-04-25 17:00,0.395923
2025-04-25 17:15,0.00061
2025-04-25 17:30,0.010589
2025-04-25 17:45,0.017552
2025-04-25 18:00,0.011738
2025-04-25 18:15,0.000749
2025-04-25 18:30,0.017397
2025-04-25 18:45,0.006364
2025-04-25 19:00,0.241129
2025-04-25 19:15,0.386555
2025-04-25 19:30,0.811541
2025-04-25 19:45,0.749851
2025-04-25 20:00,0.803544
2025-04-25 20:15,0.0
2025-04-25 20:30,0.005968
2025-04-25 20:45,0.0
2025-04-25 21:00,0.000547
2025-04-25 21:15,0.0
2025-04-25 21:30,0.000575
2025-04-25 21:45,0.004355
2025-04-25 22:00,0.011397
2025-04-25 22:15,0.011706
2025-04-25 22:30,0.0
2025-04-25 22:45,0.002326
2025-04-25 23:00,0.0
2025-04-25 23:15,0.002512
2025-04-25 23:30,0.011413
2025-04-25 23:45,0.000293
2025-04-26 00:00,0.017437
2025-04-26 00:15,0.0
2025-04-26 00:30,0.0004
2025-04-26 00:45,0.0
2025-04-26 01:00,0.000317
2025-04-26 01:15,0.0
2025-04-26 01:30,0.025454
2025-04-26 01:45,0.005714
2025-04-26 02:00,0.000547
2025-04-26 02:15,0.005952
2025-04-26 02:30,0.000309
2025-04-26 02:45,0.001228
2025-04-26 03:00,0.0
2025-04-26 03:15,0.0
2025-04-26 03:30,0.000277
2025-04-26 03:45,0.0
2025-04-26 04:00,0.0
2025-04-26 04:15,0.0
2025-04-26 04:30,0.0
2025-04-26 04:45,0.011429
2025-04-26 05:00,0.0
2025-04-26 05:15,0.011429
2025-04-26 05:30,0.0
2025-04-26 05:45,0.00059
2025-04-26 06:00,0.005714
2025-04-26 06:15,0.0
2025-04-26 06:30,0.000943
2025-04-26 06:45,0.003571
2025-04-26 07:00,0.017484
2025-04-26 07:15,0.001878
2025-04-26 07:30,0.006016
2025-04-26 07:45,0.0
2025-04-26 08:00,0.0
2025-04-26 08:15,0.0
2025-04-26 08:30,0.0
2025-04-26 08:45,0.0
2025-04-26 09:00,0.011976
2025-04-26 09:15,0.0
2025-04-26 09:30,0.0
2025-04-26 09:45,0.0
2025-04-26 10:00,0.0
2025-04-26 10:15,0.011429
2025-04-26 10:30,0.0
2025-04-26 10:45,0.0
2025-04-26 11:00,0.005944
2025-04-26 11:15,0.000416
2025-04-26 11:30,0.0
2025-04-26 11:45,0.0
2025-04-26 12:00,0.00059
2025-04-26 12:15,0.005714
2025-04-26 12:30,0.0004
2025-04-26 12:45,0.0
2025-04-26 13:00,0.0
2025-04-26 13:15,0.0
2025-04-26 13:30,0.005714
2025-04-26 13:45,0.0
2025-04-26 14:00,0.0
2025-04-26 14:15,0.0
2025-04-26 14:30,0.0
2025-04-26 14:45,0.016486
2025-04-26 15:00,0.005699
2025-04-26 15:15,0.0
2025-04-26 15:30,0.200355
2025-04-26 15:45,0.135816
2025-04-26 16:00,0.307079
2025-04-26 16:15,0.370283
2025-04-26 16:30,0.457201
2025-04-26 16:45,0.710433
2025-04-26 17:00,0.362211
2025-04-26 17:15,0.000254
2025-04-26 17:30,0.0
2025-04-26 17:45,0.0
2025-04-26 18:00,0.005699
2025-04-26 18:15,0.0
2025-04-26 18:30,0.0
2025-04-26 18:45,0.000309
2025-04-26 19:00,0.323838
2025-04-26 19:15,0.293923
2025-04-26 19:30,0.764589
2025-04-26 19:45,0.63964
2025-04-26 20:00,0.815821
2025-04-26 20:15,0.028493
2025-04-26 20:30,0.011429
2025-04-26 20:45,0.02667
2025-04-26 21:00,0.0
2025-04-26 21:15,0.0
2025-04-26 21:30,0.000472
2025-04-26 21:45,0.005104
2025-04-26 22:00,0.017845
2025-04-26 22:15,0.011413
2025-04-26 22:30,0.0
2025-04-26 22:45,0.016612
2025-04-26 23:00,0.023111
2025-04-26 23:15,0.006024
2025-04-26 23:30,0.0
2025-04-26 23:45,0.0
2025-04-27 00:00,0.000293
2025-04-27 00:15,0.000309
2025-04-27 00:30,0.005714
2025-04-27 00:45,0.0
2025-04-27 01:00,0.0
2025-04-27 01:15,0.0
2025-04-27 01:30,0.028572
2025-04-27 01:45,0.002687
2025-04-27 02:00,0.0
2025-04-27 02:15,0.0
2025-04-27 02:30,0.001478
2025-04-27 02:45,0.0
2025-04-27 03:00,0.001886
2025-04-27 03:15,0.006606
2025-04-27 03:30,0.000975
2025-04-27 03:45,0.0
2025-04-27 04:00,0.0
2025-04-27 04:15,0.00023
2025-04-27 04:30,0.006024
2025-04-27 04:45,0.0
2025-04-27 05:00,0.0
2025-04-27 05:15,0.000919
2025-04-27 05:30,0.0
2025-04-27 05:45,0.0
2025-04-27 06:00,0.006131
2025-04-27 06:15,0.0
2025-04-27 06:30,0.0
2025-04-27 06:45,0.011231
2025-04-27 07:00,0.0
2025-04-27 07:15,0.0
2025-04-27 07:30,0.000507
2025-04-27 07:45,0.005675
2025-04-27 08:00,0.000416
2025-04-27 08:15,0.0
2025-04-27 08:30,0.0
2025-04-27 08:45,0.0
2025-04-27 09:00,0.0
2025-04-27 09:15,0.0
2025-04-27 09:30,0.00065
2025-04-27 09:45,0.0
2025-04-27 10:00,0.0
2025-04-27 10:15,0.005714
2025-04-27 10:30,0.000507
2025-04-27 10:45,0.0
2025-04-27 11:00,0.0
2025-04-27 11:15,0.000293
2025-04-27 11:30,0.000293
2025-04-27 11:45,0.0
2025-04-27 12:00,0.0
2025-04-27 12:15,0.0
2025-04-27 12:30,0.0
2025-04-27 12:45,0.0
2025-04-27 13:00,0.012665
2025-04-27 13:15,0.0
2025-04-27 13:30,0.0
2025-04-27 13:45,0.0
2025-04-27 14:00,0.0
2025-04-27 14:15,0.0
2025-04-27 14:30,0.0
2025-04-27 14:45,0.016929
2025-04-27 15:00,0.005699
2025-04-27 15:15,0.000666
2025-04-27 15:30,0.205182
2025-04-27 15:45,0.13941
2025-04-27 16:00,0.314343
2025-04-27 16:15,0.338398
2025-04-27 16:30,0.405545
2025-04-27 16:45,0.818516
2025-04-27 17:00,0.397714
2025-04-27 17:15,0.0
2025-04-27 17:30,0.005699
2025-04-27 17:45,0.0
2025-04-27 18:00,0.011397
2025-04-27 18:15,0.0
2025-04-27 18:30,0.00111
2025-04-27 18:45,0.0
2025-04-27 19:00,0.198065
2025-04-27 19:15,0.526008
2025-04-27 19:30,0.727588
2025-04-27 19:45,0.541939
2025-04-27 20:00,0.792646
2025-04-27 20:15,0.005992
2025-04-27 20:30,0.0
2025-04-27 20:45,0.001236
2025-04-27 21:00,0.002207
2025-04-27 21:15,0.0
2025-04-27 21:30,0.00023
2025-04-27 21:45,0.005516
2025-04-27 22:00,0.012261
2025-04-27 22:15,0.005516
2025-04-27 22:30,0.0
2025-04-27 22:45,0.0
2025-04-27 23:00,0.022794
2025-04-27 23:15,0.011429
2025-04-27 23:30,0.001981
2025-04-27 23:45,0.001217
2025-04-28 00:00,0.006008
2025-04-28 00:15,0.0
2025-04-28 00:30,0.005714
2025-04-28 00:45,0.007145
2025-04-28 01:00,0.0
2025-04-28 01:15,0.0
2025-04-28 01:30,0.023135
2025-04-28 01:45,0.0
2025-04-28 02:00,0.005714
2025-04-28 02:15,0.0
2025-04-28 02:30,0.0
2025-04-28 02:45,0.013006
2025-04-28 03:00,0.000935
2025-04-28 03:15,0.001137
2025-04-28 03:30,0.01456
2025-04-28 03:45,0.0
2025-04-28 04:00,0.0
2025-04-28 04:15,0.0
2025-04-28 04:30,0.0
2025-04-28 04:45,0.0
2025-04-28 05:00,0.005714
2025-04-28 05:15,0.000309
2025-04-28 05:30,0.0
2025-04-28 05:45,0.0
2025-04-28 06:00,0.0
2025-04-28 06:15,0.0
2025-04-28 06:30,0.0
2025-04-28 06:45,0.00023
2025-04-28 07:00,0.006016
2025-04-28 07:15,0.000254
2025-04-28 07:30,0.00172
2025-04-28 07:45,0.0
2025-04-28 08:00,0.005382
2025-04-28 08:15,0.00067
2025-04-28 08:30,0.0
2025-04-28 08:45,0.0
2025-04-28 09:00,0.0
2025-04-28 09:15,0.0
2025-04-28 09:30,0.000571
2025-04-28 09:45,0.0
2025-04-28 10:00,0.001003
2025-04-28 10:15,0.0
2025-04-28 10:30,0.000737
2025-04-28 10:45,0.0
2025-04-28 11:00,0.002473
2025-04-28 11:15,0.0
2025-04-28 11:30,0.0
2025-04-28 11:45,0.0
2025-04-28 12:00,0.0
2025-04-28 12:15,0.002259
2025-04-28 12:30,0.103903
2025-04-28 12:45,0.00065
2025-04-28 13:00,0.007319
2025-04-28 13:15,0.016739
2025-04-28 13:30,0.016664
2025-04-28 13:45,0.00275
2025-04-28 14:00,0.00657
2025-04-28 14:15,0.011429
2025-04-28 14:30,0.00063
2025-04-28 14:45,0.00986
2025-04-28 15:00,0.011191
2025-04-28 15:15,0.005532
2025-04-28 15:30,0.223054
2025-04-28 15:45,0.198445
2025-04-28 16:00,0.33331
2025-04-28 16:15,0.383658
2025-04-28 16:30,0.466272
2025-04-28 16:45,0.807285
2025-04-28 17:00,0.337379
2025-04-28 17:15,0.021621
2025-04-28 17:30,0.010858
2025-04-28 17:45,0.010866
2025-04-28 18:00,0.017167
2025-04-28 18:15,0.0
2025-04-28 18:30,0.016878
2025-04-28 18:45,0.006091
2025-04-28 19:00,0.285462
2025-04-28 19:15,0.353592
2025-04-28 19:30,0.720031
2025-04-28 19:45,0.678298
2025-04-28 20:00,0.746427
2025-04-28 20:15,0.042391
2025-04-28 20:30,0.001181
2025-04-28 20:45,0.011948
2025-04-28 21:00,0.017508
2025-04-28 21:15,0.011706
2025-04-28 21:30,0.000713
2025-04-28 21:45,0.02835
2025-04-28 22:00,0.017389
2025-04-28 22:15,0.0
2025-04-28 22:30,0.006103
2025-04-28 22:45,0.017112
2025-04-28 23:00,0.0
2025-04-28 23:15,0.0
2025-04-28 23:30,0.011801
2025-04-28 23:45,0.016664
2025-04-29 00:00,0.011429
2025-04-29 00:15,0.005714
2025-04-29 00:30,0.000325
2025-04-29 00:45,0.005714
2025-04-29 01:00,0.000277
2025-04-29 01:15,0.005714
2025-04-29 01:30,0.041412
2025-04-29 01:45,0.0
2025-04-29 02:00,0.00061
2025-04-29 02:15,0.007751
2025-04-29 02:30,0.0
2025-04-29 02:45,0.0
2025-04-29 03:00,0.017112
2025-04-29 03:15,0.015804
2025-04-29 03:30,0.0004
2025-04-29 03:45,0.0
2025-04-29 04:00,0.0
2025-04-29 04:15,0.0
2025-04-29 04:30,0.0
2025-04-29 04:45,0.000483
2025-04-29 05:00,0.00023
2025-04-29 05:15,0.0
2025-04-29 05:30,0.000293
2025-04-29 05:45,0.005992
2025-04-29 06:00,0.068027
2025-04-29 06:15,0.0
2025-04-29 06:30,0.0
2025-04-29 06:45,0.000594
2025-04-29 07:00,0.006016
2025-04-29 07:15,0.001763
2025-04-29 07:30,0.003836
2025-04-29 07:45,0.002287
2025-04-29 08:00,0.0
2025-04-29 08:15,0.005714
2025-04-29 08:30,0.0
2025-04-29 08:45,0.0
2025-04-29 09:00,0.009971
2025-04-29 09:15,0.00917
2025-04-29 09:30,0.0
2025-04-29 09:45,0.000293
2025-04-29 10:00,0.005992
2025-04-29 10:15,0.005992
2025-04-29 10:30,0.010767
2025-04-29 10:45,0.002536
2025-04-29 11:00,0.0
2025-04-29 11:15,0.005069
2025-04-29 11:30,0.011088
2025-04-29 11:45,0.0
2025-04-29 12:00,0.014956
2025-04-29 12:15,0.0
2025-04-29 12:30,0.0
2025-04-29 12:45,0.002516
2025-04-29 13:00,0.028081
2025-04-29 13:15,0.000507
2025-04-29 13:30,0.012661
2025-04-29 13:45,0.010343
2025-04-29 14:00,0.006269
2025-04-29 14:15,0.002623
2025-04-29 14:30,0.006261
2025-04-29 14:45,0.084227
2025-04-29 15:00,0.075921
2025-04-29 15:15,0.015221
2025-04-29 15:30,0.175048
2025-04-29 15:45,0.35671
2025-04-29 16:00,0.434949
2025-04-29 16:15,0.502992
2025-04-29 16:30,0.53907
2025-04-29 16:45,0.599365
2025-04-29 17:00,0.326557
2025-04-29 17:15,0.005714
2025-04-29 17:30,0.0
2025-04-29 17:45,0.009931
2025-04-29 18:00,0.0
2025-04-29 18:15,0.005714
2025-04-29 18:30,0.013502
2025-04-29 18:45,0.011282
2025-04-29 19:00,0.27221
2025-04-29 19:15,0.419744
2025-04-29 19:30,0.558758
2025-04-29 19:45,0.479738
2025-04-29 20:00,0.643135
2025-04-29 20:15,0.044733
2025-04-29 20:30,0.005857
2025-04-29 20:45,0.01901
2025-04-29 21:00,0.007109
2025-04-29 21:15,0.0
2025-04-29 21:30,0.001454
2025-04-29 21:45,0.004985
2025-04-29 22:00,0.001922
2025-04-29 22:15,0.016565
2025-04-29 22:30,0.018499
2025-04-29 22:45,0.081366
2025-04-29 23:00,0.068233
2025-04-29 23:15,0.002647
2025-04-29 23:30,0.005714
2025-04-29 23:45,0.0
2025-04-30 00:00,0.0
2025-04-30 00:00,0.0
2025-04-30 00:15,0.00565
2025-04-30 00:30,0.0
2025-04-30 00:45,0.000274
2025-04-30 01:00,0.000478
2025-04-30 01:15,0.0
2025-04-30 01:30,0.017223
2025-04-30 01:45,0.0
2025-04-30 02:00,0.0
2025-04-30 02:15,0.0
2025-04-30 02:30,0.0
2025-04-30 02:45,0.000313
2025-04-30 03:00,0.00688
2025-04-30 03:15,0.000549
2025-04-30 03:30,0.012259
2025-04-30 03:45,0.000654
2025-04-30 04:00,0.004882
2025-04-30 04:15,0.011299
2025-04-30 04:30,0.0
2025-04-30 04:45,0.005156
2025-04-30 05:00,0.016902
2025-04-30 05:15,0.0
2025-04-30 05:30,0.0
2025-04-30 05:45,0.0
2025-04-30 06:00,0.00087
2025-04-30 06:15,0.006739
2025-04-30 06:30,0.005634
2025-04-30 06:45,0.0
2025-04-30 07:00,0.011895
2025-04-30 07:15,0.000835
2025-04-30 07:30,0.000251
2025-04-30 07:45,0.004882
2025-04-30 08:00,0.005093
2025-04-30 08:15,0.0
2025-04-30 08:30,0.0
2025-04-30 08:45,0.005093
2025-04-30 09:00,0.011895
2025-04-30 09:15,0.004882
2025-04-30 09:30,0.000274
2025-04-30 09:45,0.000349
2025-04-30 10:00,0.0
2025-04-30 10:15,0.0
2025-04-30 10:30,0.0
2025-04-30 10:45,0.001344
2025-04-30 11:00,0.000517
2025-04-30 11:15,0.0
2025-04-30 11:30,0.0
2025-04-30 11:45,0.005665
2025-04-30 12:00,0.009857
2025-04-30 12:15,0.000251
2025-04-30 12:30,0.00029
2025-04-30 12:45,0.000541
2025-04-30 13:00,0.102167
2025-04-30 13:15,0.025592
2025-04-30 13:30,0.009951
2025-04-30 13:45,0.061503
2025-04-30 14:00,0.0059
2025-04-30 14:15,0.018927
2025-04-30 14:30,0.000251
2025-04-30 14:45,0.032193
2025-04-30 15:00,0.017129
2025-04-30 15:15,0.011777
2025-04-30 15:30,0.062679
2025-04-30 15:45,0.219814
2025-04-30 16:00,0.439598
2025-04-30 16:15,0.373969
2025-04-30 16:30,0.352424
2025-04-30 16:45,0.630035
2025-04-30 17:00,0.303528
2025-04-30 17:15,0.001281
2025-04-30 17:30,0.016095
2025-04-30 17:45,0.005454
2025-04-30 18:00,0.006175
2025-04-30 18:15,0.020385
2025-04-30 18:30,0.000251
2025-04-30 18:45,0.012283
2025-04-30 19:00,0.173908
2025-04-30 19:15,0.348788
2025-04-30 19:30,0.799552
2025-04-30 19:45,0.479451
2025-04-30 20:00,0.776036
2025-04-30 20:15,0.222177
2025-04-30 20:30,0.0
2025-04-30 20:45,0.003655
2025-04-30 21:00,0.001963
2025-04-30 21:15,0.0
2025-04-30 21:30,0.022849
2025-04-30 21:45,0.017823
2025-04-30 22:00,0.00565
2025-04-30 22:15,0.00565
2025-04-30 22:30,0.00565
2025-04-30 22:45,0.00565
2025-04-30 23:00,0.018974
2025-04-30 23:15,0.0
2025-04-30 23:30,0.026552
2025-04-30 23:45,0.003601
2025-05-01 00:00,0.0
2025-05-01 00:15,0.0
2025-05-01 00:30,0.012341
2025-05-01 00:45,0.000251
2025-05-01 01:00,0.252235
2025-05-01 01:15,0.016949
2025-05-01 01:30,0.024181
2025-05-01 01:45,0.015507
2025-05-01 02:00,0.013901
2025-05-01 02:15,0.006041
2025-05-01 02:30,0.0
2025-05-01 02:45,0.000823
2025-05-01 03:00,0.000987
2025-05-01 03:15,0.00565
2025-05-01 03:30,0.095205
2025-05-01 03:45,0.0
2025-05-01 04:00,0.0
2025-05-01 04:15,0.000411
2025-05-01 04:30,0.000925
2025-05-01 04:45,0.0
2025-05-01 05:00,0.00029
2025-05-01 05:15,0.00038
2025-05-01 05:30,0.0
2025-05-01 05:45,0.016291
2025-05-01 06:00,0.016918
2025-05-01 06:15,0.011299
2025-05-01 06:30,0.000372
2025-05-01 06:45,0.0
2025-05-01 07:00,0.0
2025-05-01 07:15,0.0
2025-05-01 07:30,0.006014
2025-05-01 07:45,0.0
2025-05-01 08:00,0.0
2025-05-01 08:15,0.011088
2025-05-01 08:30,0.000854
2025-05-01 08:45,0.000654
2025-05-01 09:00,0.008279
2025-05-01 09:15,0.005634
2025-05-01 09:30,0.0
2025-05-01 09:45,0.0
2025-05-01 10:00,0.0
2025-05-01 10:15,0.0
2025-05-01 10:30,0.0
2025-05-01 10:45,0.0
2025-05-01 11:00,0.003119
2025-05-01 11:15,0.000737
2025-05-01 11:30,0.011413
2025-05-01 11:45,0.001105
2025-05-01 12:00,0.02035
2025-05-01 12:15,0.011013
2025-05-01 12:30,0.021658
2025-05-01 12:45,0.005109
2025-05-01 13:00,0.000454
2025-05-01 13:15,0.005219
2025-05-01 13:30,0.004929
2025-05-01 13:45,0.008972
2025-05-01 14:00,0.000917
2025-05-01 14:15,0.023746
2025-05-01 14:30,0.025177
2025-05-01 14:45,0.030881
2025-05-01 15:00,0.052802
2025-05-01 15:15,0.015695
2025-05-01 15:30,0.083945
2025-05-01 15:45,0.379505
2025-05-01 16:00,0.347229
2025-05-01 16:15,0.416733
2025-05-01 16:30,0.419021
2025-05-01 16:45,0.706497
2025-05-01 17:00,0.669054
2025-05-01 17:15,0.208731
2025-05-01 17:30,0.056018
2025-05-01 17:45,0.055023
2025-05-01 18:00,0.040652
2025-05-01 18:15,0.043387
2025-05-01 18:30,0.028499
2025-05-01 18:45,0.076615
2025-05-01 19:00,0.295262
2025-05-01 19:15,0.35233
2025-05-01 19:30,0.622164
2025-05-01 19:45,0.655263
2025-05-01 20:00,0.890408
2025-05-01 20:15,0.123352
2025-05-01 20:30,0.028859
2025-05-01 20:45,0.018046
2025-05-01 21:00,0.01155
2025-05-01 21:15,0.028644
2025-05-01 21:30,0.051395
2025-05-01 21:45,0.035112
2025-05-01 22:00,0.022849
2025-05-01 22:15,0.016949
2025-05-01 22:30,0.032675
2025-05-01 22:45,0.028232
2025-05-01 23:00,0.082135
2025-05-01 23:15,0.022599
2025-05-01 23:30,0.00565
2025-05-01 23:45,0.030325
2025-05-02 00:00,0.017223
2025-05-02 00:15,0.011299
2025-05-02 00:30,0.006472
2025-05-02 00:45,0.011589
2025-05-02 01:00,0.03932
2025-05-02 01:15,0.022599
2025-05-02 01:30,0.045746
2025-05-02 01:45,0.022599
2025-05-02 02:00,0.033898
2025-05-02 02:15,0.018845
2025-05-02 02:30,0.022979
2025-05-02 02:45,0.011848
2025-05-02 03:00,0.000807
2025-05-02 03:15,0.022873
2025-05-02 03:30,0.023139
2025-05-02 03:45,0.033898
2025-05-02 04:00,0.012153
2025-05-02 04:15,0.012122
2025-05-02 04:30,0.022599
2025-05-02 04:45,0.000823
2025-05-02 05:00,0.023366
2025-05-02 05:15,0.00603
2025-05-02 05:30,0.000556
2025-05-02 05:45,0.006374
2025-05-02 06:00,0.013066
2025-05-02 06:15,0.0
2025-05-02 06:30,0.0
2025-05-02 06:45,0.0
2025-05-02 07:00,0.008353
2025-05-02 07:15,0.033424
2025-05-02 07:30,0.0126
2025-05-02 07:45,0.0059
2025-05-02 08:00,0.0
2025-05-02 08:15,0.00594
2025-05-02 08:30,0.0
2025-05-02 08:45,0.0
2025-05-02 09:00,0.0
2025-05-02 09:15,0.000341
2025-05-02 09:30,0.00047
2025-05-02 09:45,0.0
2025-05-02 10:00,0.0
2025-05-02 10:15,0.0
2025-05-02 10:30,0.000251
2025-05-02 10:45,0.0
2025-05-02 11:00,0.006276
2025-05-02 11:15,0.011574
2025-05-02 11:30,0.011534
2025-05-02 11:45,0.005454
2025-05-02 12:00,0.017795
2025-05-02 12:15,0.025274
2025-05-02 12:30,0.017732
2025-05-02 12:45,0.011299
2025-05-02 13:00,0.008608
2025-05-02 13:15,0.043552
2025-05-02 13:30,0.025247
2025-05-02 13:45,0.011589
2025-05-02 14:00,0.005924
2025-05-02 14:15,0.00565
2025-05-02 14:30,0.001124
2025-05-02 14:45,0.016737
2025-05-02 15:00,0.024428
2025-05-02 15:15,0.008302
2025-05-02 15:30,0.129142
2025-05-02 15:45,0.157132
2025-05-02 16:00,0.391497
2025-05-02 16:15,0.358755
2025-05-02 16:30,0.466545
2025-05-02 16:45,0.590085
2025-05-02 17:00,0.228971
2025-05-02 17:15,0.016949
2025-05-02 17:30,0.011299
2025-05-02 17:45,0.00525
2025-05-02 18:00,0.125248
2025-05-02 18:15,0.027676
2025-05-02 18:30,0.047172
2025-05-02 18:45,0.010853
2025-05-02 19:00,0.292856
2025-05-02 19:15,0.425568
2025-05-02 19:30,0.741073
2025-05-02 19:45,0.502519
2025-05-02 20:00,0.886506
2025-05-02 20:15,0.046917
2025-05-02 20:30,0.006747
2025-05-02 20:45,0.0
2025-05-02 21:00,0.0
2025-05-02 21:15,0.00565
2025-05-02 21:30,0.00565
2025-05-02 21:45,0.00565
2025-05-02 22:00,0.000368
2025-05-02 22:15,0.016949
2025-05-02 22:30,0.005885
2025-05-02 22:45,0.000368
2025-05-02 23:00,0.005634
2025-05-02 23:15,0.0
2025-05-02 23:30,0.005955
2025-05-02 23:45,0.000251
2025-05-03 00:00,0.000611
2025-05-03 00:15,0.056108
2025-05-03 00:30,0.00565
2025-05-03 00:45,0.000454
2025-05-03 01:00,0.00619
2025-05-03 01:15,0.002699
2025-05-03 01:30,0.007663
2025-05-03 01:45,0.01155
2025-05-03 02:00,0.0
2025-05-03 02:15,0.016949
2025-05-03 02:30,0.00632
2025-05-03 02:45,0.017207
2025-05-03 03:00,0.0
2025-05-03 03:15,0.010555
2025-05-03 03:30,0.016902
2025-05-03 03:45,0.0
2025-05-03 04:00,0.001732
2025-05-03 04:15,0.001677
2025-05-03 04:30,0.01126
2025-05-03 04:45,0.017207
2025-05-03 05:00,0.016009
2025-05-03 05:15,0.0
2025-05-03 05:30,0.011299
2025-05-03 05:45,0.011299
2025-05-03 06:00,0.033898
2025-05-03 06:15,0.000227
2025-05-03 06:30,0.005987
2025-05-03 06:45,0.00029
2025-05-03 07:00,0.0
2025-05-03 07:15,0.0
2025-05-03 07:30,0.0
2025-05-03 07:45,0.0
2025-05-03 08:00,0.0
2025-05-03 08:15,0.0
2025-05-03 08:30,0.0
2025-05-03 08:45,0.001379
2025-05-03 09:00,0.000227
2025-05-03 09:15,0.0
2025-05-03 09:30,0.0
2025-05-03 09:45,0.000564
2025-05-03 10:00,0.0
2025-05-03 10:15,0.00565
2025-05-03 10:30,0.0
2025-05-03 10:45,0.0
2025-05-03 11:00,0.005924
2025-05-03 11:15,0.0023
2025-05-03 11:30,0.00029
2025-05-03 11:45,0.0
2025-05-03 12:00,0.00565
2025-05-03 12:15,0.000227
2025-05-03 12:30,0.00038
2025-05-03 12:45,0.0
2025-05-03 13:00,0.022599
2025-05-03 13:15,0.006222
2025-05-03 13:30,0.0
2025-05-03 13:45,0.02035
2025-05-03 14:00,0.0
2025-05-03 14:15,0.016949
2025-05-03 14:30,0.026266
2025-05-03 14:45,0.000251
2025-05-03 15:00,0.0
2025-05-03 15:15,0.000364
2025-05-03 15:30,0.161543
2025-05-03 15:45,0.257109
2025-05-03 16:00,0.321802
2025-05-03 16:15,0.378118
2025-05-03 16:30,0.434606
2025-05-03 16:45,0.564642
2025-05-03 17:00,0.314154
2025-05-03 17:15,0.005924
2025-05-03 17:30,0.00094
2025-05-03 17:45,0.0
2025-05-03 18:00,0.00565
2025-05-03 18:15,0.002856
2025-05-03 18:30,0.011526
2025-05-03 18:45,0.000251
2025-05-03 19:00,0.212296
2025-05-03 19:15,0.323314
2025-05-03 19:30,0.651823
2025-05-03 19:45,0.544355
2025-05-03 20:00,0.816485
2025-05-03 20:15,0.090418
2025-05-03 20:30,0.006715
2025-05-03 20:45,0.0
2025-05-03 21:00,0.00565
2025-05-03 21:15,0.000274
2025-05-03 21:30,0.0
2025-05-03 21:45,0.001939
2025-05-03 22:00,0.000274
2025-05-03 22:15,0.0
2025-05-03 22:30,0.00565
2025-05-03 22:45,0.0
2025-05-03 23:00,0.011883
2025-05-03 23:15,0.001473
2025-05-03 23:30,0.023084
2025-05-03 23:45,0.00565
2025-05-04 00:00,0.005924
2025-05-04 00:15,0.0
2025-05-04 00:30,0.0
2025-05-04 00:45,0.0
2025-05-04 01:00,0.0
2025-05-04 01:15,0.011284
2025-05-04 01:30,0.033804
2025-05-04 01:45,0.0
2025-05-04 02:00,0.0
2025-05-04 02:15,0.0
2025-05-04 02:30,0.0
2025-05-04 02:45,0.000415
2025-05-04 03:00,0.008843
2025-05-04 03:15,0.0
2025-05-04 03:30,0.000823
2025-05-04 03:45,0.0
2025-05-04 04:00,0.0
2025-05-04 04:15,0.002261
2025-05-04 04:30,0.001579
2025-05-04 04:45,0.0
2025-05-04 05:00,0.009011
2025-05-04 05:15,0.0
2025-05-04 05:30,0.0
2025-05-04 05:45,0.0
2025-05-04 06:00,0.000227
2025-05-04 06:15,0.000274
2025-05-04 06:30,0.0
2025-05-04 06:45,0.000274
2025-05-04 07:00,0.0
2025-05-04 07:15,0.0
2025-05-04 07:30,0.000811
2025-05-04 07:45,0.0
2025-05-04 08:00,0.000411
2025-05-04 08:15,0.0
2025-05-04 08:30,0.0
2025-05-04 08:45,0.000274
2025-05-04 09:00,0.00565
2025-05-04 09:15,0.0
2025-05-04 09:30,0.0
2025-05-04 09:45,0.000454
2025-05-04 10:00,0.0
2025-05-04 10:15,0.0
2025-05-04 10:30,0.0
2025-05-04 10:45,0.0059
2025-05-04 11:00,0.0
2025-05-04 11:15,0.0
2025-05-04 11:30,0.0
2025-05-04 11:45,0.000306
2025-05-04 12:00,0.00565
2025-05-04 12:15,0.000321
2025-05-04 12:30,0.0
2025-05-04 12:45,0.005481
2025-05-04 13:00,0.0
2025-05-04 13:15,0.015523
2025-05-04 13:30,0.012898
2025-05-04 13:45,0.024291
2025-05-04 14:00,0.012396
2025-05-04 14:15,0.0
2025-05-04 14:30,0.0
2025-05-04 14:45,0.0
2025-05-04 15:00,0.018798
2025-05-04 15:15,0.011268
2025-05-04 15:30,0.137393
2025-05-04 15:45,0.220531
2025-05-04 16:00,0.364809
2025-05-04 16:15,0.345278
2025-05-04 16:30,0.454321
2025-05-04 16:45,0.60073
2025-05-04 17:00,0.292323
2025-05-04 17:15,0.0
2025-05-04 17:30,0.0
2025-05-04 17:45,0.0
2025-05-04 18:00,0.002809
2025-05-04 18:15,0.0
2025-05-04 18:30,0.0
2025-05-04 18:45,0.0
2025-05-04 19:00,0.252267
2025-05-04 19:15,0.362477
2025-05-04 19:30,0.729985
2025-05-04 19:45,0.529659
2025-05-04 20:00,0.88537
2025-05-04 20:15,0.045072
2025-05-04 20:30,0.009129
2025-05-04 20:45,0.015339
2025-05-04 21:00,0.005336
2025-05-04 21:15,0.00478
2025-05-04 21:30,0.011299
2025-05-04 21:45,0.0
2025-05-04 22:00,0.000306
2025-05-04 22:15,0.0
2025-05-04 22:30,0.0
2025-05-04 22:45,0.009524
2025-05-04 23:00,0.005634
2025-05-04 23:15,0.0
2025-05-04 23:30,0.0
2025-05-04 23:45,0.0
2025-05-05 00:00,0.016949
2025-05-05 00:15,0.000474
2025-05-05 00:30,0.00076
2025-05-05 00:45,0.001222
2025-05-05 01:00,0.00565
2025-05-05 01:15,0.012259
2025-05-05 01:30,0.011299
2025-05-05 01:45,0.000549
2025-05-05 02:00,0.011299
2025-05-05 02:15,0.0
2025-05-05 02:30,0.000251
2025-05-05 02:45,0.0
2025-05-05 03:00,0.003597
2025-05-05 03:15,0.0
2025-05-05 03:30,0.002621
2025-05-05 03:45,0.0
2025-05-05 04:00,0.00565
2025-05-05 04:15,0.00565
2025-05-05 04:30,0.0
2025-05-05 04:45,0.011613
2025-05-05 05:00,0.005634
2025-05-05 05:15,0.0
2025-05-05 05:30,0.0
2025-05-05 05:45,0.000909
2025-05-05 06:00,0.000549
2025-05-05 06:15,0.000517
2025-05-05 06:30,0.0
2025-05-05 06:45,0.0
2025-05-05 07:00,0.000462
2025-05-05 07:15,0.003487
2025-05-05 07:30,0.0
2025-05-05 07:45,0.0
2025-05-05 08:00,0.0
2025-05-05 08:15,0.0
2025-05-05 08:30,0.005634
2025-05-05 08:45,0.0
2025-05-05 09:00,0.0
2025-05-05 09:15,0.0
2025-05-05 09:30,0.0
2025-05-05 09:45,0.0
2025-05-05 10:00,0.011299
2025-05-05 10:15,0.0
2025-05-05 10:30,0.0
2025-05-05 10:45,0.0
2025-05-05 11:00,0.005634
2025-05-05 11:15,0.0
2025-05-05 11:30,0.005885
2025-05-05 11:45,0.0
2025-05-05 12:00,0.009857
2025-05-05 12:15,0.001097
2025-05-05 12:30,0.0
2025-05-05 12:45,0.000251
2025-05-05 13:00,0.0
2025-05-05 13:15,0.039453
2025-05-05 13:30,0.005877
2025-05-05 13:45,0.021956
2025-05-05 14:00,0.016087
2025-05-05 14:15,0.000454
2025-05-05 14:30,0.010531
2025-05-05 14:45,0.006331
2025-05-05 15:00,0.010085
2025-05-05 15:15,0.017968
2025-05-05 15:30,0.112805
2025-05-05 15:45,0.170319
2025-05-05 16:00,0.309723
2025-05-05 16:15,0.411459
2025-05-05 16:30,0.340702
2025-05-05 16:45,0.606019
2025-05-05 17:00,0.261975
2025-05-05 17:15,0.004314
2025-05-05 17:30,0.001128
2025-05-05 17:45,0.000368
2025-05-05 18:00,0.007824
2025-05-05 18:15,0.0059
2025-05-05 18:30,0.0
2025-05-05 18:45,0.0
2025-05-05 19:00,0.387677
2025-05-05 19:15,0.332168
2025-05-05 19:30,0.746676
2025-05-05 19:45,0.643008
2025-05-05 20:00,0.766253
2025-05-05 20:15,0.062099
2025-05-05 20:30,0.028483
2025-05-05 20:45,0.016259
2025-05-05 21:00,0.011284
2025-05-05 21:15,0.0
2025-05-05 21:30,0.0
2025-05-05 21:45,0.00603
2025-05-05 22:00,0.00686
2025-05-05 22:15,0.006613
2025-05-05 22:30,0.00565
2025-05-05 22:45,0.000466
2025-05-05 23:00,0.0
2025-05-05 23:15,0.00565
2025-05-05 23:30,0.044468
2025-05-05 23:45,0.0
2025-05-06 00:00,0.011299
2025-05-06 00:15,0.000274
2025-05-06 00:30,0.0
2025-05-06 00:45,0.011299
2025-05-06 01:00,0.0
2025-05-06 01:15,0.00565
2025-05-06 01:30,0.039547
2025-05-06 01:45,0.00565
2025-05-06 02:00,0.0
2025-05-06 02:15,0.002351
2025-05-06 02:30,0.000411
2025-05-06 02:45,0.011284
2025-05-06 03:00,0.011574
2025-05-06 03:15,0.007949
2025-05-06 03:30,0.011574
2025-05-06 03:45,0.0
2025-05-06 04:00,0.010116
2025-05-06 04:15,0.000666
2025-05-06 04:30,0.005716
2025-05-06 04:45,0.0
2025-05-06 05:00,0.005634
2025-05-06 05:15,0.0
2025-05-06 05:30,0.0
2025-05-06 05:45,0.022599
2025-05-06 06:00,0.00565
2025-05-06 06:15,0.000791
2025-05-06 06:30,0.0
2025-05-06 06:45,0.00029
2025-05-06 07:00,0.011652
2025-05-06 07:15,0.000306
2025-05-06 07:30,0.005947
2025-05-06 07:45,0.005321
2025-05-06 08:00,0.0
2025-05-06 08:15,0.0
2025-05-06 08:30,0.0
2025-05-06 08:45,0.000364
2025-05-06 09:00,0.001818
2025-05-06 09:15,0.0
2025-05-06 09:30,0.0
2025-05-06 09:45,0.00565
2025-05-06 10:00,0.00565
2025-05-06 10:15,0.0
2025-05-06 10:30,0.022066
2025-05-06 10:45,0.0025
2025-05-06 11:00,0.023539
2025-05-06 11:15,0.005908
2025-05-06 11:30,0.0
2025-05-06 11:45,0.0
2025-05-06 12:00,0.0
2025-05-06 12:15,0.001203
2025-05-06 12:30,0.005885
2025-05-06 12:45,0.001034
2025-05-06 13:00,0.002359
2025-05-06 13:15,0.006598
2025-05-06 13:30,0.007777
2025-05-06 13:45,0.008016
2025-05-06 14:00,0.00677
2025-05-06 14:15,0.000251
2025-05-06 14:30,0.011268
2025-05-06 14:45,0.011421
2025-05-06 15:00,0.00565
2025-05-06 15:15,0.00565
2025-05-06 15:30,0.159984
2025-05-06 15:45,0.210925
2025-05-06 16:00,0.396716
2025-05-06 16:15,0.293275
2025-05-06 16:30,0.402236
2025-05-06 16:45,0.551462
2025-05-06 17:00,0.27414
2025-05-06 17:15,0.029541
2025-05-06 17:30,0.042098
2025-05-06 17:45,0.019817
2025-05-06 18:00,0.029412
2025-05-06 18:15,0.0
2025-05-06 18:30,0.0
2025-05-06 18:45,0.024377
2025-05-06 19:00,0.305107
2025-05-06 19:15,0.261125
2025-05-06 19:30,0.617208
2025-05-06 19:45,0.590664
2025-05-06 20:00,1.0
2025-05-06 20:15,0.00619
2025-05-06 20:30,0.006786
2025-05-06 20:45,0.0
2025-05-06 21:00,0.001485
2025-05-06 21:15,0.00565
2025-05-06 21:30,0.00565
2025-05-06 21:45,0.0
2025-05-06 22:00,0.005489
2025-05-06 22:15,0.0
2025-05-06 22:30,0.005924
2025-05-06 22:45,0.00565
2025-05-06 23:00,0.0
2025-05-06 23:15,0.0
2025-05-06 23:30,0.0
2025-05-06 23:45,0.016949
2025-05-07 00:00,0.000227
2025-05-07 00:00,0.000249
2025-05-07 00:15,0.010457
2025-05-07 00:30,0.0
2025-05-07 00:45,0.0
2025-05-07 01:00,0.018815
2025-05-07 01:15,0.0
2025-05-07 01:30,0.025372
2025-05-07 01:45,0.0
2025-05-07 02:00,0.000351
2025-05-07 02:15,0.005837
2025-05-07 02:30,0.00618
2025-05-07 02:45,0.0
2025-05-07 03:00,0.000394
2025-05-07 03:15,0.000249
2025-05-07 03:30,0.001097
2025-05-07 03:45,0.000493
2025-05-07 04:00,0.000651
2025-05-07 04:15,0.006514
2025-05-07 04:30,0.01236
2025-05-07 04:45,0.0
2025-05-07 05:00,0.0
2025-05-07 05:15,0.0
2025-05-07 05:30,0.00618
2025-05-07 05:45,0.000274
2025-05-07 06:00,0.0
2025-05-07 06:15,0.013535
2025-05-07 06:30,0.0
2025-05-07 06:45,0.0003
2025-05-07 07:00,0.0027
2025-05-07 07:15,0.002031
2025-05-07 07:30,0.00186
2025-05-07 07:45,0.0
2025-05-07 08:00,0.0
2025-05-07 08:15,0.0
2025-05-07 08:30,0.001337
2025-05-07 08:45,0.0
2025-05-07 09:00,0.0
2025-05-07 09:15,0.018858
2025-05-07 09:30,0.000549
2025-05-07 09:45,0.0
2025-05-07 10:00,0.000549
2025-05-07 10:15,0.0
2025-05-07 10:30,0.005966
2025-05-07 10:45,0.0
2025-05-07 11:00,0.0
2025-05-07 11:15,0.031081
2025-05-07 11:30,0.006789
2025-05-07 11:45,0.0
2025-05-07 12:00,0.003429
2025-05-07 12:15,0.009077
2025-05-07 12:30,0.002863
2025-05-07 12:45,0.0
2025-05-07 13:00,0.000343
2025-05-07 13:15,0.009206
2025-05-07 13:30,0.007419
2025-05-07 13:45,0.000917
2025-05-07 14:00,0.017289
2025-05-07 14:15,0.010676
2025-05-07 14:30,0.008717
2025-05-07 14:45,0.007157
2025-05-07 15:00,0.008195
2025-05-07 15:15,0.022372
2025-05-07 15:30,0.184219
2025-05-07 15:45,0.193849
2025-05-07 16:00,0.521742
2025-05-07 16:15,0.393119
2025-05-07 16:30,0.40209
2025-05-07 16:45,0.822656
2025-05-07 17:00,0.314384
2025-05-07 17:15,0.0
2025-05-07 17:30,0.001594
2025-05-07 17:45,0.031535
2025-05-07 18:00,0.01302
2025-05-07 18:15,0.012039
2025-05-07 18:30,0.005906
2025-05-07 18:45,0.000274
2025-05-07 19:00,0.291729
2025-05-07 19:15,0.314778
2025-05-07 19:30,0.840601
2025-05-07 19:45,0.723983
2025-05-07 20:00,1.0
2025-05-07 20:15,0.031132
2025-05-07 20:30,0.0
2025-05-07 20:45,0.0
2025-05-07 21:00,0.000677
2025-05-07 21:15,0.000334
2025-05-07 21:30,0.0
2025-05-07 21:45,0.018541
2025-05-07 22:00,0.00618
2025-05-07 22:15,0.01326
2025-05-07 22:30,0.0
2025-05-07 22:45,0.012609
2025-05-07 23:00,0.012326
2025-05-07 23:15,0.014165
2025-05-07 23:30,0.00618
2025-05-07 23:45,0.0018
2025-05-08 00:00,0.006746
2025-05-08 00:15,0.018772
2025-05-08 00:30,0.0
2025-05-08 00:45,0.00618
2025-05-08 01:00,0.404627
2025-05-08 01:15,0.0
2025-05-08 01:30,0.028904
2025-05-08 01:45,0.0
2025-05-08 02:00,0.0
2025-05-08 02:15,0.00618
2025-05-08 02:30,0.006497
2025-05-08 02:45,0.012635
2025-05-08 03:00,0.0
2025-05-08 03:15,0.000424
2025-05-08 03:30,0.006163
2025-05-08 03:45,0.01236
2025-05-08 04:00,0.031218
2025-05-08 04:15,0.00618
2025-05-08 04:30,0.000574
2025-05-08 04:45,0.0
2025-05-08 05:00,0.000609
2025-05-08 05:15,0.0
2025-05-08 05:30,0.0015
2025-05-08 05:45,0.0003
2025-05-08 06:00,0.002404
2025-05-08 06:15,0.048936
2025-05-08 06:30,0.000249
2025-05-08 06:45,0.006497
2025-05-08 07:00,0.00678
2025-05-08 07:15,0.0
2025-05-08 07:30,0.0
2025-05-08 07:45,0.001547
2025-05-08 08:00,0.003399
2025-05-08 08:15,0.000703
2025-05-08 08:30,0.001016
2025-05-08 08:45,0.0
2025-05-08 09:00,0.000274
2025-05-08 09:15,0.0
2025-05-08 09:30,0.00066
2025-05-08 09:45,0.0
2025-05-08 10:00,0.01236
2025-05-08 10:15,0.019141
2025-05-08 10:30,0.000634
2025-05-08 10:45,0.0
2025-05-08 11:00,0.0
2025-05-08 11:15,0.0
2025-05-08 11:30,0.000274
2025-05-08 11:45,0.001967
2025-05-08 12:00,0.000317
2025-05-08 12:15,0.012129
2025-05-08 12:30,0.0412
2025-05-08 12:45,0.0006
2025-05-08 13:00,0.00813
2025-05-08 13:15,0.012326
2025-05-08 13:30,0.013239
2025-05-08 13:45,0.005614
2025-05-08 14:00,0.012245
2025-05-08 14:15,0.0
2025-05-08 14:30,0.027515
2025-05-08 14:45,0.063041
2025-05-08 15:00,0.039006
2025-05-08 15:15,0.024284
2025-05-08 15:30,0.130821
2025-05-08 15:45,0.168644
2025-05-08 16:00,0.532821
2025-05-08 16:15,0.426279
2025-05-08 16:30,0.402411
2025-05-08 16:45,0.756701
2025-05-08 17:00,0.354474
2025-05-08 17:15,0.01236
2025-05-08 17:30,0.012772
2025-05-08 17:45,0.017653
2025-05-08 18:00,0.096612
2025-05-08 18:15,0.018858
2025-05-08 18:30,0.055815
2025-05-08 18:45,0.000274
2025-05-08 19:00,0.235229
2025-05-08 19:15,0.455174
2025-05-08 19:30,0.846412
2025-05-08 19:45,0.718364
2025-05-08 20:00,0.846768
2025-05-08 20:15,0.019441
2025-05-08 20:30,0.011735
2025-05-08 20:45,0.012159
2025-05-08 21:00,0.031068
2025-05-08 21:15,0.013119
2025-05-08 21:30,0.000574
2025-05-08 21:45,0.032101
2025-05-08 22:00,0.001376
2025-05-08 22:15,0.00618
2025-05-08 22:30,0.032217
2025-05-08 22:45,0.074239
2025-05-08 23:00,0.032761
2025-05-08 23:15,0.074518
2025-05-08 23:30,0.025244
2025-05-08 23:45,0.006454
2025-05-09 00:00,0.00618
2025-05-09 00:15,0.021459
2025-05-09 00:30,0.006454
2025-05-09 00:45,0.00618
2025-05-09 01:00,0.0
2025-05-09 01:15,0.00678
2025-05-09 01:30,0.020709
2025-05-09 01:45,0.012703
2025-05-09 02:00,0.0
2025-05-09 02:15,0.0
2025-05-09 02:30,0.00618
2025-05-09 02:45,0.0
2025-05-09 03:00,0.006429
2025-05-09 03:15,0.0
2025-05-09 03:30,0.0
2025-05-09 03:45,0.000716
2025-05-09 04:00,0.000317
2025-05-09 04:15,0.000249
2025-05-09 04:30,0.00618
2025-05-09 04:45,0.003073
2025-05-09 05:00,0.000523
2025-05-09 05:15,0.006163
2025-05-09 05:30,0.000549
2025-05-09 05:45,0.006754
2025-05-09 06:00,0.0
2025-05-09 06:15,0.009275
2025-05-09 06:30,0.000351
2025-05-09 06:45,0.0
2025-05-09 07:00,0.018926
2025-05-09 07:15,0.006506
2025-05-09 07:30,0.013012
2025-05-09 07:45,0.000317
2025-05-09 08:00,0.000274
2025-05-09 08:15,0.0
2025-05-09 08:30,0.0
2025-05-09 08:45,0.007192
2025-05-09 09:00,0.0
2025-05-09 09:15,0.0
2025-05-09 09:30,0.000274
2025-05-09 09:45,0.0006
2025-05-09 10:00,0.0
2025-05-09 10:15,0.0
2025-05-09 10:30,0.001016
2025-05-09 10:45,0.01236
2025-05-09 11:00,0.000317
2025-05-09 11:15,0.0
2025-05-09 11:30,0.00618
2025-05-09 11:45,0.002743
2025-05-09 12:00,0.017212
2025-05-09 12:15,0.006107
2025-05-09 12:30,0.020101
2025-05-09 12:45,0.024335
2025-05-09 13:00,0.007753
2025-05-09 13:15,0.000549
2025-05-09 13:30,0.0
2025-05-09 13:45,0.024562
2025-05-09 14:00,0.037998
2025-05-09 14:15,0.015035
2025-05-09 14:30,0.007063
2025-05-09 14:45,0.018626
2025-05-09 15:00,0.006579
2025-05-09 15:15,0.037201
2025-05-09 15:30,0.19102
2025-05-09 15:45,0.204619
2025-05-09 16:00,0.397281
2025-05-09 16:15,0.348842
2025-05-09 16:30,0.426652
2025-05-09 16:45,0.712672
2025-05-09 17:00,0.41076
2025-05-09 17:15,0.000883
2025-05-09 17:30,0.025925
2025-05-09 17:45,0.00618
2025-05-09 18:00,0.064562
2025-05-09 18:15,0.018738
2025-05-09 18:30,0.050547
2025-05-09 18:45,0.017182
2025-05-09 19:00,0.439402
2025-05-09 19:15,0.464419
2025-05-09 19:30,0.779544
2025-05-09 19:45,0.945475
2025-05-09 20:00,0.951056
2025-05-09 20:15,0.0881
2025-05-09 20:30,0.007123
2025-05-09 20:45,0.006429
2025-05-09 21:00,0.0
2025-05-09 21:15,0.001029
2025-05-09 21:30,0.012678
2025-05-09 21:45,0.018541
2025-05-09 22:00,0.001611
2025-05-09 22:15,0.0
2025-05-09 22:30,0.00618
2025-05-09 22:45,0.000403
2025-05-09 23:00,0.006497
2025-05-09 23:15,0.00408
2025-05-09 23:30,0.0
2025-05-09 23:45,0.012763
2025-05-10 00:00,0.010235
2025-05-10 00:15,0.017752
2025-05-10 00:30,0.002674
2025-05-10 00:45,0.003377
2025-05-10 01:00,0.006454
2025-05-10 01:15,0.006935
2025-05-10 01:30,0.006463
2025-05-10 01:45,0.0
2025-05-10 02:00,0.000549
2025-05-10 02:15,0.000317
2025-05-10 02:30,0.0
2025-05-10 02:45,0.0
2025-05-10 03:00,0.000566
2025-05-10 03:15,0.003223
2025-05-10 03:30,0.007882
2025-05-10 03:45,0.01236
2025-05-10 04:00,0.019676
2025-05-10 04:15,0.003099
2025-05-10 04:30,0.0
2025-05-10 04:45,0.000729
2025-05-10 05:00,0.004654
2025-05-10 05:15,0.0
2025-05-10 05:30,0.014863
2025-05-10 05:45,0.000343
2025-05-10 06:00,0.00618
2025-05-10 06:15,0.0
2025-05-10 06:30,0.0
2025-05-10 06:45,0.0003
2025-05-10 07:00,0.006754
2025-05-10 07:15,0.006506
2025-05-10 07:30,0.013312
2025-05-10 07:45,0.0
2025-05-10 08:00,0.0
2025-05-10 08:15,0.0
2025-05-10 08:30,0.0
2025-05-10 08:45,0.000699
2025-05-10 09:00,0.0
2025-05-10 09:15,0.000454
2025-05-10 09:30,0.000433
2025-05-10 09:45,0.006514
2025-05-10 10:00,0.0
2025-05-10 10:15,0.0
2025-05-10 10:30,0.0
2025-05-10 10:45,0.0
2025-05-10 11:00,0.0
2025-05-10 11:15,0.0012
2025-05-10 11:30,0.0
2025-05-10 11:45,0.007282
2025-05-10 12:00,0.001307
2025-05-10 12:15,0.005966
2025-05-10 12:30,0.000334
2025-05-10 12:45,0.0
2025-05-10 13:00,0.0
2025-05-10 13:15,0.00618
2025-05-10 13:30,0.019826
2025-05-10 13:45,0.018541
2025-05-10 14:00,0.0
2025-05-10 14:15,0.014169
2025-05-10 14:30,0.030241
2025-05-10 14:45,0.00618
2025-05-10 15:00,0.000909
2025-05-10 15:15,0.031248
2025-05-10 15:30,0.184917
2025-05-10 15:45,0.261497
2025-05-10 16:00,0.32911
2025-05-10 16:15,0.520619
2025-05-10 16:30,0.470706
2025-05-10 16:45,0.566345
2025-05-10 17:00,0.433145
2025-05-10 17:15,0.037081
2025-05-10 17:30,0.006454
2025-05-10 17:45,0.0
2025-05-10 18:00,0.0
2025-05-10 18:15,0.000874
2025-05-10 18:30,0.018789
2025-05-10 18:45,0.000394
2025-05-10 19:00,0.314976
2025-05-10 19:15,0.471071
2025-05-10 19:30,0.789059
2025-05-10 19:45,0.662532
2025-05-10 20:00,0.89438
2025-05-10 20:15,0.064845
2025-05-10 20:30,0.018841
2025-05-10 20:45,0.00552
2025-05-10 21:00,0.018541
2025-05-10 21:15,0.000591
2025-05-10 21:30,0.0
2025-05-10 21:45,0.0
2025-05-10 22:00,0.0
2025-05-10 22:15,0.0
2025-05-10 22:30,0.0
2025-05-10 22:45,0.0
2025-05-10 23:00,0.006146
2025-05-10 23:15,0.012892
2025-05-10 23:30,0.000497
2025-05-10 23:45,0.005837
2025-05-11 00:00,0.00618
2025-05-11 00:15,0.007192
2025-05-11 00:30,0.000399
2025-05-11 00:45,0.0
2025-05-11 01:00,0.000317
2025-05-11 01:15,0.0
2025-05-11 01:30,0.006163
2025-05-11 01:45,0.0
2025-05-11 02:00,0.00498
2025-05-11 02:15,0.0
2025-05-11 02:30,0.000249
2025-05-11 02:45,0.000741
2025-05-11 03:00,0.018926
2025-05-11 03:15,0.00648
2025-05-11 03:30,0.000399
2025-05-11 03:45,0.007586
2025-05-11 04:00,0.005897
2025-05-11 04:15,0.002323
2025-05-11 04:30,0.00129
2025-05-11 04:45,0.0
2025-05-11 05:00,0.00618
2025-05-11 05:15,0.0
2025-05-11 05:30,0.005966
2025-05-11 05:45,0.0
2025-05-11 06:00,0.0
2025-05-11 06:15,0.0003
2025-05-11 06:30,0.0
2025-05-11 06:45,0.000746
2025-05-11 07:00,0.032174
2025-05-11 07:15,0.014632
2025-05-11 07:30,0.0
2025-05-11 07:45,0.000249
2025-05-11 08:00,0.000249
2025-05-11 08:15,0.000274
2025-05-11 08:30,0.0
2025-05-11 08:45,0.000523
2025-05-11 09:00,0.001539
2025-05-11 09:15,0.000249
2025-05-11 09:30,0.0
2025-05-11 09:45,0.0
2025-05-11 10:00,0.0
2025-05-11 10:15,0.0
2025-05-11 10:30,0.0
2025-05-11 10:45,0.0
2025-05-11 11:00,0.0
2025-05-11 11:15,0.0
2025-05-11 11:30,0.000677
2025-05-11 11:45,0.00618
2025-05-11 12:00,0.0
2025-05-11 12:15,0.0012
2025-05-11 12:30,0.000274
2025-05-11 12:45,0.0
2025-05-11 13:00,0.0
2025-05-11 13:15,0.018875
2025-05-11 13:30,0.0
2025-05-11 13:45,0.001029
2025-05-11 14:00,0.0018
2025-05-11 14:15,0.000917
2025-05-11 14:30,0.008752
2025-05-11 14:45,0.00045
2025-05-11 15:00,0.00618
2025-05-11 15:15,0.0
2025-05-11 15:30,0.138236
2025-05-11 15:45,0.168682
2025-05-11 16:00,0.26817
2025-05-11 16:15,0.433419
2025-05-11 16:30,0.506759
2025-05-11 16:45,0.557006
2025-05-11 17:00,0.431422
2025-05-11 17:15,0.0
2025-05-11 17:30,0.00618
2025-05-11 17:45,0.000317
2025-05-11 18:00,0.00618
2025-05-11 18:15,0.006412
2025-05-11 18:30,0.012592
2025-05-11 18:45,0.000549
2025-05-11 19:00,0.292535
2025-05-11 19:15,0.379606
2025-05-11 19:30,0.810394
2025-05-11 19:45,0.574929
2025-05-11 20:00,0.96297
2025-05-11 20:15,0.056856
2025-05-11 20:30,0.000497
2025-05-11 20:45,0.00618
2025-05-11 21:00,0.002473
2025-05-11 21:15,0.000274
2025-05-11 21:30,0.006163
2025-05-11 21:45,0.030044
2025-05-11 22:00,0.0
2025-05-11 22:15,0.01236
2025-05-11 22:30,0.001076
2025-05-11 22:45,0.018506
2025-05-11 23:00,0.007012
2025-05-11 23:15,0.018883
2025-05-11 23:30,0.001183
2025-05-11 23:45,0.001286
2025-05-12 00:00,0.000801
2025-05-12 00:15,0.012609
2025-05-12 00:30,0.013458
2025-05-12 00:45,0.0
2025-05-12 01:00,0.0
2025-05-12 01:15,0.0
2025-05-12 01:30,0.01329
2025-05-12 01:45,0.0
2025-05-12 02:00,0.00618
2025-05-12 02:15,0.001029
2025-05-12 02:30,0.00618
2025-05-12 02:45,0.00078
2025-05-12 03:00,0.003814
2025-05-12 03:15,0.006454
2025-05-12 03:30,0.018506
2025-05-12 03:45,0.008597
2025-05-12 04:00,0.0
2025-05-12 04:15,0.0
2025-05-12 04:30,0.000386
2025-05-12 04:45,0.0
2025-05-12 05:00,0.013098
2025-05-12 05:15,0.0
2025-05-12 05:30,0.0006
2025-05-12 05:45,0.00618
2025-05-12 06:00,0.006163
2025-05-12 06:15,0.000381
2025-05-12 06:30,0.0
2025-05-12 06:45,0.006429
2025-05-12 07:00,0.0
2025-05-12 07:15,0.006394
2025-05-12 07:30,0.0
2025-05-12 07:45,0.0
2025-05-12 08:00,0.000249
2025-05-12 08:15,0.005392
2025-05-12 08:30,0.000351
2025-05-12 08:45,0.000497
2025-05-12 09:00,0.014272
2025-05-12 09:15,0.0
2025-05-12 09:30,0.006034
2025-05-12 09:45,0.007055
2025-05-12 10:00,0.0
2025-05-12 10:15,0.001539
2025-05-12 10:30,0.0
2025-05-12 10:45,0.0
2025-05-12 11:00,0.0
2025-05-12 11:15,0.000317
2025-05-12 11:30,0.007475
2025-05-12 11:45,0.0
2025-05-12 12:00,0.001354
2025-05-12 12:15,0.0
2025-05-12 12:30,0.005572
2025-05-12 12:45,0.000999
2025-05-12 13:00,0.000763
2025-05-12 13:15,0.014165
2025-05-12 13:30,0.006832
2025-05-12 13:45,0.010166
2025-05-12 14:00,0.010235
2025-05-12 14:15,0.005572
2025-05-12 14:30,0.007466
2025-05-12 14:45,0.0
2025-05-12 15:00,0.023126
2025-05-12 15:15,0.012163
2025-05-12 15:30,0.168001
2025-05-12 15:45,0.160916
2025-05-12 16:00,0.321319
2025-05-12 16:15,0.44788
2025-05-12 16:30,0.414017
2025-05-12 16:45,0.563443
2025-05-12 17:00,0.413687
2025-05-12 17:15,0.004629
2025-05-12 17:30,0.0
2025-05-12 17:45,0.006729
2025-05-12 18:00,0.001041
2025-05-12 18:15,0.000274
2025-05-12 18:30,0.001037
2025-05-12 18:45,0.011572
2025-05-12 19:00,0.22673
2025-05-12 19:15,0.337862
2025-05-12 19:30,0.934877
2025-05-12 19:45,0.787182
2025-05-12 20:00,0.951313
2025-05-12 20:15,0.061772
2025-05-12 20:30,0.0012
2025-05-12 20:45,0.01545
2025-05-12 21:00,0.021464
2025-05-12 21:15,0.001654
2025-05-12 21:30,0.007783
2025-05-12 21:45,0.0
2025-05-12 22:00,0.021888
2025-05-12 22:15,0.00618
2025-05-12 22:30,0.003819
2025-05-12 22:45,0.00618
2025-05-12 23:00,0.014752
2025-05-12 23:15,0.007029
2025-05-12 23:30,0.000891
2025-05-12 23:45,0.007719
2025-05-13 00:00,0.000351
2025-05-13 00:15,0.009857
2025-05-13 00:30,0.00618
2025-05-13 00:45,0.0
2025-05-13 01:00,0.0
2025-05-13 01:15,0.024721
2025-05-13 01:30,0.018489
2025-05-13 01:45,0.0
2025-05-13 02:00,0.0
2025-05-13 02:15,0.0
2025-05-13 02:30,0.00618
2025-05-13 02:45,0.000934
2025-05-13 03:00,0.00618
2025-05-13 03:15,0.013003
2025-05-13 03:30,0.003253
2025-05-13 03:45,0.019213
2025-05-13 04:00,0.003116
2025-05-13 04:15,0.01164
2025-05-13 04:30,0.0
2025-05-13 04:45,0.00618
2025-05-13 05:00,0.012343
2025-05-13 05:15,0.002126
2025-05-13 05:30,0.028775
2025-05-13 05:45,0.0
2025-05-13 06:00,0.0
2025-05-13 06:15,0.000634
2025-05-13 06:30,0.0
2025-05-13 06:45,0.00582
2025-05-13 07:00,0.000381
2025-05-13 07:15,0.006772
2025-05-13 07:30,0.000591
2025-05-13 07:45,0.0
2025-05-13 08:00,0.0
2025-05-13 08:15,0.000274
2025-05-13 08:30,0.0
2025-05-13 08:45,0.007029
2025-05-13 09:00,0.0
2025-05-13 09:15,0.000249
2025-05-13 09:30,0.000317
2025-05-13 09:45,0.0
2025-05-13 10:00,0.0
2025-05-13 10:15,0.000394
2025-05-13 10:30,0.00309
2025-05-13 10:45,0.0
2025-05-13 11:00,0.0
2025-05-13 11:15,0.006677
2025-05-13 11:30,0.031338
2025-05-13 11:45,0.006746
2025-05-13 12:00,0.0
2025-05-13 12:15,0.0
2025-05-13 12:30,0.000669
2025-05-13 12:45,0.007955
2025-05-13 13:00,0.010106
2025-05-13 13:15,0.028167
2025-05-13 13:30,0.0
2025-05-13 13:45,0.0
2025-05-13 14:00,0.011092
2025-05-13 14:15,0.000626
2025-05-13 14:30,0.00516
2025-05-13 14:45,0.010157
2025-05-13 15:00,0.018815
2025-05-13 15:15,0.012755
2025-05-13 15:30,0.153271
2025-05-13 15:45,0.263494
2025-05-13 16:00,0.35948
2025-05-13 16:15,0.401365
2025-05-13 16:30,0.516745
2025-05-13 16:45,0.54798
2025-05-13 17:00,0.546296
2025-05-13 17:15,0.032667
2025-05-13 17:30,0.00618
2025-05-13 17:45,0.044564
2025-05-13 18:00,0.04645
2025-05-13 18:15,0.0
2025-05-13 18:30,0.0126
2025-05-13 18:45,0.006814
2025-05-13 19:00,0.307497
2025-05-13 19:15,0.385006
2025-05-13 19:30,0.678416
2025-05-13 19:45,0.751009
2025-05-13 20:00,0.807167
2025-05-13 20:15,0.032041
2025-05-13 20:30,0.001011
2025-05-13 20:45,0.0
2025-05-13 21:00,0.00624
2025-05-13 21:15,0.000399
2025-05-13 21:30,0.0
2025-05-13 21:45,0.041706
2025-05-13 22:00,0.014083
2025-05-13 22:15,0.0
2025-05-13 22:30,0.002533
2025-05-13 22:45,0.00618
2025-05-13 23:00,0.018558
2025-05-13 23:15,0.018781
2025-05-13 23:30,0.004449
2025-05-13 23:45,0.0
2025-05-14 00:00,0.001873
2025-05-14 00:00,0.001834
2025-05-14 00:15,0.010073
2025-05-14 00:30,0.0
2025-05-14 00:45,0.0
2025-05-14 01:00,0.006052
2025-05-14 01:15,0.012104
2025-05-14 01:30,0.030503
2025-05-14 01:45,0.0
2025-05-14 02:00,0.008818
2025-05-14 02:15,0.00042
2025-05-14 02:30,0.001805
2025-05-14 02:45,0.011017
2025-05-14 03:00,0.025106
2025-05-14 03:15,0.006052
2025-05-14 03:30,0.009061
2025-05-14 03:45,0.012692
2025-05-14 04:00,0.000424
2025-05-14 04:15,0.001767
2025-05-14 04:30,0.0
2025-05-14 04:45,0.000294
2025-05-14 05:00,0.006035
2025-05-14 05:15,0.0
2025-05-14 05:30,0.0
2025-05-14 05:45,0.0018
2025-05-14 06:00,0.000311
2025-05-14 06:15,0.00073
2025-05-14 06:30,0.0
2025-05-14 06:45,0.000588
2025-05-14 07:00,0.0
2025-05-14 07:15,0.006371
2025-05-14 07:30,0.006954
2025-05-14 07:45,0.0
2025-05-14 08:00,0.000294
2025-05-14 08:15,0.0
2025-05-14 08:30,0.000269
2025-05-14 08:45,0.000311
2025-05-14 09:00,0.0
2025-05-14 09:15,0.000755
2025-05-14 09:30,0.000269
2025-05-14 09:45,0.0
2025-05-14 10:00,0.005141
2025-05-14 10:15,0.005725
2025-05-14 10:30,0.007005
2025-05-14 10:45,0.006052
2025-05-14 11:00,0.0
2025-05-14 11:15,0.014387
2025-05-14 11:30,0.0
2025-05-14 11:45,0.00528
2025-05-14 12:00,0.001368
2025-05-14 12:15,0.01265
2025-05-14 12:30,0.0
2025-05-14 12:45,0.0
2025-05-14 13:00,0.006052
2025-05-14 13:15,0.020548
2025-05-14 13:30,0.006052
2025-05-14 13:45,0.028984
2025-05-14 14:00,0.018886
2025-05-14 14:15,0.010803
2025-05-14 14:30,0.00643
2025-05-14 14:45,0.011701
2025-05-14 15:00,0.0
2025-05-14 15:15,0.013816
2025-05-14 15:30,0.141416
2025-05-14 15:45,0.331383
2025-05-14 16:00,0.299763
2025-05-14 16:15,0.406492
2025-05-14 16:30,0.618711
2025-05-14 16:45,0.663887
2025-05-14 17:00,0.327623
2025-05-14 17:15,0.022101
2025-05-14 17:30,0.020909
2025-05-14 17:45,0.038301
2025-05-14 18:00,0.00572
2025-05-14 18:15,0.012994
2025-05-14 18:30,0.001066
2025-05-14 18:45,0.031704
2025-05-14 19:00,0.299696
2025-05-14 19:15,0.411092
2025-05-14 19:30,0.847021
2025-05-14 19:45,0.637438
2025-05-14 20:00,0.69199
2025-05-14 20:15,0.075814
2025-05-14 20:30,0.006841
2025-05-14 20:45,0.006035
2025-05-14 21:00,0.03026
2025-05-14 21:15,0.018399
2025-05-14 21:30,0.000886
2025-05-14 21:45,0.0
2025-05-14 22:00,0.010509
2025-05-14 22:15,0.006321
2025-05-14 22:30,0.0
2025-05-14 22:45,0.0
2025-05-14 23:00,0.001507
2025-05-14 23:15,0.010459
2025-05-14 23:30,0.001444
2025-05-14 23:45,0.026659
2025-05-15 00:00,0.03026
2025-05-15 00:15,0.001377
2025-05-15 00:30,0.000508
2025-05-15 00:45,0.012734
2025-05-15 01:00,0.109138
2025-05-15 01:15,0.004852
2025-05-15 01:30,0.012658
2025-05-15 01:45,0.006321
2025-05-15 02:00,0.0
2025-05-15 02:15,0.013279
2025-05-15 02:30,0.001259
2025-05-15 02:45,0.0
2025-05-15 03:00,0.001024
2025-05-15 03:15,0.01228
2025-05-15 03:30,0.006052
2025-05-15 03:45,0.006035
2025-05-15 04:00,0.0
2025-05-15 04:15,0.0
2025-05-15 04:30,0.000294
2025-05-15 04:45,0.000243
2025-05-15 05:00,0.006035
2025-05-15 05:15,0.0
2025-05-15 05:30,0.0
2025-05-15 05:45,0.000294
2025-05-15 06:00,0.0
2025-05-15 06:15,0.004239
2025-05-15 06:30,0.000294
2025-05-15 06:45,0.000865
2025-05-15 07:00,0.0
2025-05-15 07:15,0.000269
2025-05-15 07:30,0.001259
2025-05-15 07:45,0.018391
2025-05-15 08:00,0.000269
2025-05-15 08:15,0.000638
2025-05-15 08:30,0.0
2025-05-15 08:45,0.0
2025-05-15 09:00,0.000269
2025-05-15 09:15,0.006539
2025-05-15 09:30,0.006371
2025-05-15 09:45,0.000789
2025-05-15 10:00,0.0
2025-05-15 10:15,0.0
2025-05-15 10:30,0.0
2025-05-15 10:45,0.0
2025-05-15 11:00,0.0
2025-05-15 11:15,0.00353
2025-05-15 11:30,0.012104
2025-05-15 11:45,0.0
2025-05-15 12:00,0.0
2025-05-15 12:15,0.088816
2025-05-15 12:30,0.004155
2025-05-15 12:45,0.012914
2025-05-15 13:00,0.011621
2025-05-15 13:15,0.006455
2025-05-15 13:30,0.021119
2025-05-15 13:45,0.022311
2025-05-15 14:00,0.031557
2025-05-15 14:15,0.022458
2025-05-15 14:30,0.00191
2025-05-15 14:45,0.006253
2025-05-15 15:00,0.000672
2025-05-15 15:15,0.010417
2025-05-15 15:30,0.078668
2025-05-15 15:45,0.292754
2025-05-15 16:00,0.377399
2025-05-15 16:15,0.395538
2025-05-15 16:30,0.39751
2025-05-15 16:45,0.474038
2025-05-15 17:00,0.385927
2025-05-15 17:15,0.001494
2025-05-15 17:30,0.016612
2025-05-15 17:45,0.000684
2025-05-15 18:00,0.016083
2025-05-15 18:15,0.001817
2025-05-15 18:30,0.267422
2025-05-15 18:45,0.095267
2025-05-15 19:00,0.337662
2025-05-15 19:15,0.426276
2025-05-15 19:30,0.886422
2025-05-15 19:45,0.619189
2025-05-15 20:00,0.730022
2025-05-15 20:15,0.00089
2025-05-15 20:30,0.017627
2025-05-15 20:45,0.00716
2025-05-15 21:00,0.01709
2025-05-15 21:15,0.007135
2025-05-15 21:30,0.0
2025-05-15 21:45,0.006052
2025-05-15 22:00,0.012373
2025-05-15 22:15,0.0
2025-05-15 22:30,0.0
2025-05-15 22:45,0.000487
2025-05-15 23:00,0.002778
2025-05-15 23:15,0.01207
2025-05-15 23:30,0.002094
2025-05-15 23:45,0.000311
2025-05-16 00:00,0.0
2025-05-16 00:15,0.0
2025-05-16 00:30,0.016612
2025-05-16 00:45,0.0
2025-05-16 01:00,0.0
2025-05-16 01:15,0.0
2025-05-16 01:30,0.006052
2025-05-16 01:45,0.0
2025-05-16 02:00,0.004289
2025-05-16 02:15,0.006321
2025-05-16 02:30,0.0
2025-05-16 02:45,0.006346
2025-05-16 03:00,0.008339
2025-05-16 03:15,0.006321
2025-05-16 03:30,0.0
2025-05-16 03:45,0.012104
2025-05-16 04:00,0.0
2025-05-16 04:15,0.000646
2025-05-16 04:30,0.012347
2025-05-16 04:45,0.000294
2025-05-16 05:00,0.012104
2025-05-16 05:15,0.0
2025-05-16 05:30,0.000881
2025-05-16 05:45,0.0
2025-05-16 06:00,0.004197
2025-05-16 06:15,0.00073
2025-05-16 06:30,0.006363
2025-05-16 06:45,0.0
2025-05-16 07:00,0.0
2025-05-16 07:15,0.000995
2025-05-16 07:30,0.000537
2025-05-16 07:45,0.007311
2025-05-16 08:00,0.0
2025-05-16 08:15,0.0
2025-05-16 08:30,0.00457
2025-05-16 08:45,0.0
2025-05-16 09:00,0.00141
2025-05-16 09:15,0.0
2025-05-16 09:30,0.0
2025-05-16 09:45,0.000441
2025-05-16 10:00,0.002464
2025-05-16 10:15,0.000243
2025-05-16 10:30,0.003341
2025-05-16 10:45,0.007009
2025-05-16 11:00,0.006652
2025-05-16 11:15,0.0
2025-05-16 11:30,0.0
2025-05-16 11:45,0.001507
2025-05-16 12:00,0.013229
2025-05-16 12:15,0.000294
2025-05-16 12:30,0.000529
2025-05-16 12:45,0.006052
2025-05-16 13:00,0.001259
2025-05-16 13:15,0.00711
2025-05-16 13:30,0.003949
2025-05-16 13:45,0.006052
2025-05-16 14:00,0.013371
2025-05-16 14:15,0.017149
2025-05-16 14:30,0.01275
2025-05-16 14:45,0.002216
2025-05-16 15:00,0.0
2025-05-16 15:15,0.000243
2025-05-16 15:30,0.095145
2025-05-16 15:45,0.293359
2025-05-16 16:00,0.345586
2025-05-16 16:15,0.634244
2025-05-16 16:30,0.406454
2025-05-16 16:45,0.519079
2025-05-16 17:00,0.432782
2025-05-16 17:15,0.008407
2025-05-16 17:30,0.027901
2025-05-16 17:45,0.006035
2025-05-16 18:00,0.001074
2025-05-16 18:15,0.02399
2025-05-16 18:30,0.001267
2025-05-16 18:45,0.020918
2025-05-16 19:00,0.291109
2025-05-16 19:15,0.363372
2025-05-16 19:30,0.914676
2025-05-16 19:45,0.621972
2025-05-16 20:00,0.635847
2025-05-16 20:15,0.024728
2025-05-16 20:30,0.048987
2025-05-16 20:45,0.020918
2025-05-16 21:00,0.0
2025-05-16 21:15,0.0
2025-05-16 21:30,0.024141
2025-05-16 21:45,0.0
2025-05-16 22:00,0.0
2025-05-16 22:15,0.000772
2025-05-16 22:30,0.0
2025-05-16 22:45,0.0
2025-05-16 23:00,0.000269
2025-05-16 23:15,0.000269
2025-05-16 23:30,0.0
2025-05-16 23:45,0.018156
2025-05-17 00:00,0.012763
2025-05-17 00:15,0.0
2025-05-17 00:30,0.014635
2025-05-17 00:45,0.006711
2025-05-17 01:00,0.0
2025-05-17 01:15,0.015608
2025-05-17 01:30,0.018399
2025-05-17 01:45,0.011101
2025-05-17 02:00,0.000487
2025-05-17 02:15,0.0
2025-05-17 02:30,0.012373
2025-05-17 02:45,0.000243
2025-05-17 03:00,0.008117
2025-05-17 03:15,0.006052
2025-05-17 03:30,0.001683
2025-05-17 03:45,0.0
2025-05-17 04:00,0.000311
2025-05-17 04:15,0.006052
2025-05-17 04:30,0.002346
2025-05-17 04:45,0.003496
2025-05-17 05:00,0.0
2025-05-17 05:15,0.000655
2025-05-17 05:30,0.007689
2025-05-17 05:45,0.0
2025-05-17 06:00,0.00235
2025-05-17 06:15,0.000995
2025-05-17 06:30,0.016905
2025-05-17 06:45,0.011399
2025-05-17 07:00,0.0
2025-05-17 07:15,0.0
2025-05-17 07:30,0.007416
2025-05-17 07:45,0.006052
2025-05-17 08:00,0.006421
2025-05-17 08:15,0.0
2025-05-17 08:30,0.006035
2025-05-17 08:45,0.000294
2025-05-17 09:00,0.000327
2025-05-17 09:15,0.0
2025-05-17 09:30,0.0
2025-05-17 09:45,0.001784
2025-05-17 10:00,0.000243
2025-05-17 10:15,0.000424
2025-05-17 10:30,0.0
2025-05-17 10:45,0.000386
2025-05-17 11:00,0.024414
2025-05-17 11:15,0.000881
2025-05-17 11:30,0.0
2025-05-17 11:45,0.0
2025-05-17 12:00,0.00039
2025-05-17 12:15,0.000785
2025-05-17 12:30,0.0
2025-05-17 12:45,0.0
2025-05-17 13:00,0.0
2025-05-17 13:15,0.0
2025-05-17 13:30,0.0
2025-05-17 13:45,0.0
2025-05-17 14:00,0.0
2025-05-17 14:15,0.0
2025-05-17 14:30,0.006052
2025-05-17 14:45,0.000487
2025-05-17 15:00,0.0
2025-05-17 15:15,0.006304
2025-05-17 15:30,0.143418
2025-05-17 15:45,0.180238
2025-05-17 16:00,0.316043
2025-05-17 16:15,0.483179
2025-05-17 16:30,0.426755
2025-05-17 16:45,0.613943
2025-05-17 17:00,0.325768
2025-05-17 17:15,0.005767
2025-05-17 17:30,0.0
2025-05-17 17:45,0.012104
2025-05-17 18:00,0.0
2025-05-17 18:15,0.006321
2025-05-17 18:30,0.006052
2025-05-17 18:45,0.0
2025-05-17 19:00,0.282136
2025-05-17 19:15,0.369416
2025-05-17 19:30,0.750478
2025-05-17 19:45,0.578466
2025-05-17 20:00,0.64798
2025-05-17 20:15,0.000311
2025-05-17 20:30,0.0
2025-05-17 20:45,0.000789
2025-05-17 21:00,0.0
2025-05-17 21:15,0.0
2025-05-17 21:30,0.012469
2025-05-17 21:45,0.016897
2025-05-17 22:00,0.006828
2025-05-17 22:15,0.000776
2025-05-17 22:30,0.0
2025-05-17 22:45,0.0
2025-05-17 23:00,0.01333
2025-05-17 23:15,0.000499
2025-05-17 23:30,0.000395
2025-05-17 23:45,0.0
2025-05-18 00:00,0.003135
2025-05-18 00:15,0.000424
2025-05-18 00:30,0.006052
2025-05-18 00:45,0.0
2025-05-18 01:00,0.0011
2025-05-18 01:15,0.006052
2025-05-18 01:30,0.025333
2025-05-18 01:45,0.005595
2025-05-18 02:00,0.001125
2025-05-18 02:15,0.0
2025-05-18 02:30,0.047787
2025-05-18 02:45,0.0
2025-05-18 03:00,0.000739
2025-05-18 03:15,0.0
2025-05-18 03:30,0.0
2025-05-18 03:45,0.003979
2025-05-18 04:00,0.006891
2025-05-18 04:15,0.012104
2025-05-18 04:30,0.0
2025-05-18 04:45,0.0
2025-05-18 05:00,0.0
2025-05-18 05:15,0.0
2025-05-18 05:30,0.001221
2025-05-18 05:45,0.000646
2025-05-18 06:00,0.000625
2025-05-18 06:15,0.0
2025-05-18 06:30,0.0
2025-05-18 06:45,0.0
2025-05-18 07:00,0.000269
2025-05-18 07:15,0.004516
2025-05-18 07:30,0.012742
2025-05-18 07:45,0.0
2025-05-18 08:00,0.0
2025-05-18 08:15,0.0
2025-05-18 08:30,0.0
2025-05-18 08:45,0.0
2025-05-18 09:00,0.0
2025-05-18 09:15,0.000441
2025-05-18 09:30,0.0
2025-05-18 09:45,0.000294
2025-05-18 10:00,0.000269
2025-05-18 10:15,0.0
2025-05-18 10:30,0.0
2025-05-18 10:45,0.000705
2025-05-18 11:00,0.000424
2025-05-18 11:15,0.006052
2025-05-18 11:30,0.0
2025-05-18 11:45,0.0
2025-05-18 12:00,0.00235
2025-05-18 12:15,0.002774
2025-05-18 12:30,0.017661
2025-05-18 12:45,0.0011
2025-05-18 13:00,0.000399
2025-05-18 13:15,0.006321
2025-05-18 13:30,0.006321
2025-05-18 13:45,0.012415
2025-05-18 14:00,0.0
2025-05-18 14:15,0.0
2025-05-18 14:30,0.006052
2025-05-18 14:45,0.006081
2025-05-18 15:00,0.0
2025-05-18 15:15,0.006321
2025-05-18 15:30,0.205038
2025-05-18 15:45,0.213457
2025-05-18 16:00,0.30626
2025-05-18 16:15,0.377961
2025-05-18 16:30,0.433386
2025-05-18 16:45,0.529949
2025-05-18 17:00,0.352737
2025-05-18 17:15,0.0
2025-05-18 17:30,0.0
2025-05-18 17:45,0.006052
2025-05-18 18:00,0.000386
2025-05-18 18:15,0.0
2025-05-18 18:30,0.0
2025-05-18 18:45,0.0
2025-05-18 19:00,0.248636
2025-05-18 19:15,0.294303
2025-05-18 19:30,0.786526
2025-05-18 19:45,0.65313
2025-05-18 20:00,0.843819
2025-05-18 20:15,0.048592
2025-05-18 20:30,0.006736
2025-05-18 20:45,0.0
2025-05-18 21:00,0.0
2025-05-18 21:15,0.006052
2025-05-18 21:30,0.012448
2025-05-18 21:45,0.0
2025-05-18 22:00,0.0
2025-05-18 22:15,0.0
2025-05-18 22:30,0.007655
2025-05-18 22:45,0.006052
2025-05-18 23:00,0.000638
2025-05-18 23:15,0.004327
2025-05-18 23:30,0.013204
2025-05-18 23:45,0.0
2025-05-19 00:00,0.007122
2025-05-19 00:15,0.006363
2025-05-19 00:30,0.000269
2025-05-19 00:45,0.0
2025-05-19 01:00,0.001675
2025-05-19 01:15,0.001532
2025-05-19 01:30,0.000327
2025-05-19 01:45,0.023612
2025-05-19 02:00,0.018156
2025-05-19 02:15,0.0
2025-05-19 02:30,0.0
2025-05-19 02:45,0.024174
2025-05-19 03:00,0.000923
2025-05-19 03:15,0.006321
2025-05-19 03:30,0.0
2025-05-19 03:45,0.0
2025-05-19 04:00,0.0
2025-05-19 04:15,0.000487
2025-05-19 04:30,0.007332
2025-05-19 04:45,0.00528
2025-05-19 05:00,0.0
2025-05-19 05:15,0.00039
2025-05-19 05:30,0.0
2025-05-19 05:45,0.0
2025-05-19 06:00,0.0
2025-05-19 06:15,0.0
2025-05-19 06:30,0.0
2025-05-19 06:45,0.0
2025-05-19 07:00,0.006111
2025-05-19 07:15,0.0
2025-05-19 07:30,0.006371
2025-05-19 07:45,0.001259
2025-05-19 08:00,0.000621
2025-05-19 08:15,0.000625
2025-05-19 08:30,0.0
2025-05-19 08:45,0.000269
2025-05-19 09:00,0.000269
2025-05-19 09:15,0.006052
2025-05-19 09:30,0.000445
2025-05-19 09:45,0.000508
2025-05-19 10:00,0.0
2025-05-19 10:15,0.0
2025-05-19 10:30,0.0
2025-05-19 10:45,0.0
2025-05-19 11:00,0.0
2025-05-19 11:15,0.006052
2025-05-19 11:30,0.0
2025-05-19 11:45,0.006052
2025-05-19 12:00,0.001129
2025-05-19 12:15,0.0
2025-05-19 12:30,0.00102
2025-05-19 12:45,0.005943
2025-05-19 13:00,0.0
2025-05-19 13:15,0.001679
2025-05-19 13:30,0.012016
2025-05-19 13:45,0.006052
2025-05-19 14:00,0.006841
2025-05-19 14:15,0.002594
2025-05-19 14:30,0.012784
2025-05-19 14:45,0.019558
2025-05-19 15:00,0.006052
2025-05-19 15:15,0.036048
2025-05-19 15:30,0.115399
2025-05-19 15:45,0.239474
2025-05-19 16:00,0.258012
2025-05-19 16:15,0.451307
2025-05-19 16:30,0.479796
2025-05-19 16:45,0.699943
2025-05-19 17:00,0.447651
2025-05-19 17:15,0.011185
2025-05-19 17:30,0.000655
2025-05-19 17:45,0.001515
2025-05-19 18:00,0.006052
2025-05-19 18:15,0.000269
2025-05-19 18:30,0.006665
2025-05-19 18:45,0.000789
2025-05-19 19:00,0.313907
2025-05-19 19:15,0.445154
2025-05-19 19:30,0.784776
2025-05-19 19:45,0.649936
2025-05-19 20:00,1.0
2025-05-19 20:15,0.06627
2025-05-19 20:30,0.0
2025-05-19 20:45,0.018156
2025-05-19 21:00,0.014488
2025-05-19 21:15,0.000294
2025-05-19 21:30,0.005918
2025-05-19 21:45,0.012373
2025-05-19 22:00,0.020019
2025-05-19 22:15,0.001309
2025-05-19 22:30,0.0
2025-05-19 22:45,0.00664
2025-05-19 23:00,0.027742
2025-05-19 23:15,0.024191
2025-05-19 23:30,0.008381
2025-05-19 23:45,0.0
2025-05-20 00:00,0.000269
2025-05-20 00:15,0.00664
2025-05-20 00:30,0.012104
2025-05-20 00:45,0.000441
2025-05-20 01:00,0.0
2025-05-20 01:15,0.0
2025-05-20 01:30,0.037798
2025-05-20 01:45,0.0
2025-05-20 02:00,0.0
2025-05-20 02:15,0.000294
2025-05-20 02:30,0.0
2025-05-20 02:45,0.0
2025-05-20 03:00,0.008255
2025-05-20 03:15,0.01056
2025-05-20 03:30,0.001507
2025-05-20 03:45,0.000269
2025-05-20 04:00,0.0
2025-05-20 04:15,0.0
2025-05-20 04:30,0.00601
2025-05-20 04:45,0.000294
2025-05-20 05:00,0.002417
2025-05-20 05:15,0.002577
2025-05-20 05:30,0.0
2025-05-20 05:45,0.000243
2025-05-20 06:00,0.000722
2025-05-20 06:15,0.000436
2025-05-20 06:30,0.00039
2025-05-20 06:45,0.0
2025-05-20 07:00,0.000311
2025-05-20 07:15,0.0
2025-05-20 07:30,0.0
2025-05-20 07:45,0.0
2025-05-20 08:00,0.00115
2025-05-20 08:15,0.000269
2025-05-20 08:30,0.001062
2025-05-20 08:45,0.0
2025-05-20 09:00,0.006371
2025-05-20 09:15,0.0
2025-05-20 09:30,0.0
2025-05-20 09:45,0.0
2025-05-20 10:00,0.00664
2025-05-20 10:15,0.001259
2025-05-20 10:30,0.003051
2025-05-20 10:45,0.0
2025-05-20 11:00,0.005909
2025-05-20 11:15,0.000294
2025-05-20 11:30,0.000785
2025-05-20 11:45,0.013074
2025-05-20 12:00,0.000814
2025-05-20 12:15,0.012692
2025-05-20 12:30,0.006052
2025-05-20 12:45,0.055601
2025-05-20 13:00,0.000949
2025-05-20 13:15,0.0
2025-05-20 13:30,0.010056
2025-05-20 13:45,0.007487
2025-05-20 14:00,0.001259
2025-05-20 14:15,0.0093
2025-05-20 14:30,0.0
2025-05-20 14:45,0.000894
2025-05-20 15:00,0.006153
2025-05-20 15:15,0.0
2025-05-20 15:30,0.109427
2025-05-20 15:45,0.28593
2025-05-20 16:00,0.339131
2025-05-20 16:15,0.468888
2025-05-20 16:30,0.502955
2025-05-20 16:45,0.522601
2025-05-20 17:00,0.309437
2025-05-20 17:15,0.007559
2025-05-20 17:30,0.078705
2025-05-20 17:45,0.012138
2025-05-20 18:00,0.01688
2025-05-20 18:15,0.00703
2025-05-20 18:30,0.0
2025-05-20 18:45,0.011659
2025-05-20 19:00,0.29382
2025-05-20 19:15,0.32544
2025-05-20 19:30,0.836608
2025-05-20 19:45,0.752682
2025-05-20 20:00,0.619882
2025-05-20 20:15,0.000848
2025-05-20 20:30,0.0
2025-05-20 20:45,0.000713
2025-05-20 21:00,0.011046
2025-05-20 21:15,0.006321
2025-05-20 21:30,0.000269
2025-05-20 21:45,0.012104
2025-05-20 22:00,0.007471
2025-05-20 22:15,0.0
2025-05-20 22:30,0.00376
2025-05-20 22:45,0.009854
2025-05-20 23:00,0.00154
2025-05-20 23:15,0.060478
2025-05-20 23:30,0.0
2025-05-20 23:45,0.012389
2025-05-21 00:00,0.031158
2025-05-21 00:00,0.035045
2025-05-21 00:15,0.0
2025-05-21 00:30,0.0
2025-05-21 00:45,0.0
2025-05-21 01:00,0.054305
2025-05-21 01:15,0.000444
2025-05-21 01:30,0.039525
2025-05-21 01:45,0.000302
2025-05-21 02:00,0.0
2025-05-21 02:15,0.006807
2025-05-21 02:30,0.0
2025-05-21 02:45,0.0
2025-05-21 03:00,0.000878
2025-05-21 03:15,0.0
2025-05-21 03:30,0.006807
2025-05-21 03:45,0.0
2025-05-21 04:00,0.006788
2025-05-21 04:15,0.002002
2025-05-21 04:30,0.000651
2025-05-21 04:45,0.0
2025-05-21 05:00,0.000349
2025-05-21 05:15,0.0
2025-05-21 05:30,0.006193
2025-05-21 05:45,0.007931
2025-05-21 06:00,0.0
2025-05-21 06:15,0.000727
2025-05-21 06:30,0.013595
2025-05-21 06:45,0.0
2025-05-21 07:00,0.0
2025-05-21 07:15,0.0
2025-05-21 07:30,0.000529
2025-05-21 07:45,0.0
2025-05-21 08:00,0.0
2025-05-21 08:15,0.0
2025-05-21 08:30,0.007227
2025-05-21 08:45,0.0
2025-05-21 09:00,0.0
2025-05-21 09:15,0.0
2025-05-21 09:30,0.0
2025-05-21 09:45,0.0
2025-05-21 10:00,0.0
2025-05-21 10:15,0.0
2025-05-21 10:30,0.030641
2025-05-21 10:45,0.149292
2025-05-21 11:00,0.043604
2025-05-21 11:15,0.109861
2025-05-21 11:30,0.045572
2025-05-21 11:45,0.041711
2025-05-21 12:00,0.079758
2025-05-21 12:15,0.042995
2025-05-21 12:30,0.110522
2025-05-21 12:45,0.038288
2025-05-21 13:00,0.00735
2025-05-21 13:15,0.003767
2025-05-21 13:30,0.007633
2025-05-21 13:45,0.007383
2025-05-21 14:00,0.00582
2025-05-21 14:15,0.012122
2025-05-21 14:30,0.013048
2025-05-21 14:45,0.0168
2025-05-21 15:00,0.02179
2025-05-21 15:15,0.007902
2025-05-21 15:30,0.101586
2025-05-21 15:45,0.288595
2025-05-21 16:00,0.374943
2025-05-21 16:15,0.494486
2025-05-21 16:30,0.489313
2025-05-21 16:45,0.722172
2025-05-21 17:00,0.503522
2025-05-21 17:15,0.064671
2025-05-21 17:30,0.004466
2025-05-21 17:45,0.020279
2025-05-21 18:00,0.011877
2025-05-21 18:15,0.008676
2025-05-21 18:30,0.00033
2025-05-21 18:45,0.039813
2025-05-21 19:00,0.382921
2025-05-21 19:15,0.513076
2025-05-21 19:30,0.791928
2025-05-21 19:45,0.746941
2025-05-21 20:00,0.897323
2025-05-21 20:15,0.029513
2025-05-21 20:30,0.0
2025-05-21 20:45,0.013614
2025-05-21 21:00,0.0
2025-05-21 21:15,0.0125
2025-05-21 21:30,0.035508
2025-05-21 21:45,0.027228
2025-05-21 22:00,0.020383
2025-05-21 22:15,0.009564
2025-05-21 22:30,0.034384
2025-05-21 22:45,0.004824
2025-05-21 23:00,0.013878
2025-05-21 23:15,0.000854
2025-05-21 23:30,0.000887
2025-05-21 23:45,0.006571
2025-05-22 00:00,0.0
2025-05-22 00:15,0.0
2025-05-22 00:30,0.0
2025-05-22 00:45,0.0
2025-05-22 01:00,0.173414
2025-05-22 01:15,0.000302
2025-05-22 01:30,0.034035
2025-05-22 01:45,0.0
2025-05-22 02:00,0.014464
2025-05-22 02:15,0.006807
2025-05-22 02:30,0.0
2025-05-22 02:45,0.006807
2025-05-22 03:00,0.001199
2025-05-22 03:15,0.013869
2025-05-22 03:30,0.013614
2025-05-22 03:45,0.000718
2025-05-22 04:00,0.0
2025-05-22 04:15,0.0
2025-05-22 04:30,0.007284
2025-05-22 04:45,0.000628
2025-05-22 05:00,0.006807
2025-05-22 05:15,0.006807
2025-05-22 05:30,0.0
2025-05-22 05:45,0.000788
2025-05-22 06:00,0.0
2025-05-22 06:15,0.000727
2025-05-22 06:30,0.00033
2025-05-22 06:45,0.00194
2025-05-22 07:00,0.00727
2025-05-22 07:15,0.013387
2025-05-22 07:30,0.000817
2025-05-22 07:45,0.006788
2025-05-22 08:00,0.002365
2025-05-22 08:15,0.0
2025-05-22 08:30,0.0
2025-05-22 08:45,0.007487
2025-05-22 09:00,0.0
2025-05-22 09:15,0.000302
2025-05-22 09:30,0.000274
2025-05-22 09:45,0.0
2025-05-22 10:00,0.007062
2025-05-22 10:15,0.0
2025-05-22 10:30,0.006845
2025-05-22 10:45,0.000274
2025-05-22 11:00,0.0
2025-05-22 11:15,0.006807
2025-05-22 11:30,0.0
2025-05-22 11:45,0.00033
2025-05-22 12:00,0.009394
2025-05-22 12:15,0.025184
2025-05-22 12:30,0.000623
2025-05-22 12:45,0.007109
2025-05-22 13:00,0.001128
2025-05-22 13:15,0.0
2025-05-22 13:30,0.0
2025-05-22 13:45,0.006647
2025-05-22 14:00,0.02753
2025-05-22 14:15,0.016003
2025-05-22 14:30,0.000651
2025-05-22 14:45,0.215106
2025-05-22 15:00,0.145638
2025-05-22 15:15,0.002393
2025-05-22 15:30,0.086424
2025-05-22 15:45,0.371087
2025-05-22 16:00,0.428451
2025-05-22 16:15,0.378389
2025-05-22 16:30,0.63378
2025-05-22 16:45,0.755339
2025-05-22 17:00,0.395695
2025-05-22 17:15,0.007694
2025-05-22 17:30,0.012255
2025-05-22 17:45,0.001416
2025-05-22 18:00,0.006807
2025-05-22 18:15,0.0
2025-05-22 18:30,0.014162
2025-05-22 18:45,0.006807
2025-05-22 19:00,0.300316
2025-05-22 19:15,0.397366
2025-05-22 19:30,0.8723
2025-05-22 19:45,0.776345
2025-05-22 20:00,1.0
2025-05-22 20:15,0.007137
2025-05-22 20:30,0.006807
2025-05-22 20:45,0.000444
2025-05-22 21:00,0.003474
2025-05-22 21:15,0.008771
2025-05-22 21:30,0.000378
2025-05-22 21:45,0.007355
2025-05-22 22:00,0.005429
2025-05-22 22:15,0.0
2025-05-22 22:30,0.0
2025-05-22 22:45,0.0
2025-05-22 23:00,0.001775
2025-05-22 23:15,0.000651
2025-05-22 23:30,0.041333
2025-05-22 23:45,0.0
2025-05-23 00:00,0.006807
2025-05-23 00:15,0.0
2025-05-23 00:30,0.006807
2025-05-23 00:45,0.001983
2025-05-23 01:00,0.000991
2025-05-23 01:15,0.0
2025-05-23 01:30,0.013614
2025-05-23 01:45,0.0
2025-05-23 02:00,0.00033
2025-05-23 02:15,0.0
2025-05-23 02:30,0.0
2025-05-23 02:45,0.0
2025-05-23 03:00,0.007213
2025-05-23 03:15,0.000349
2025-05-23 03:30,0.0
2025-05-23 03:45,0.000496
2025-05-23 04:00,0.000661
2025-05-23 04:15,0.0
2025-05-23 04:30,0.006788
2025-05-23 04:45,0.013378
2025-05-23 05:00,0.000387
2025-05-23 05:15,0.0
2025-05-23 05:30,0.0
2025-05-23 05:45,0.0
2025-05-23 06:00,0.00033
2025-05-23 06:15,0.0
2025-05-23 06:30,0.006807
2025-05-23 06:45,0.0
2025-05-23 07:00,0.00033
2025-05-23 07:15,0.000736
2025-05-23 07:30,0.0
2025-05-23 07:45,0.00033
2025-05-23 08:00,0.000349
2025-05-23 08:15,0.001808
2025-05-23 08:30,0.0
2025-05-23 08:45,0.000944
2025-05-23 09:00,0.0
2025-05-23 09:15,0.0
2025-05-23 09:30,0.000434
2025-05-23 09:45,0.0
2025-05-23 10:00,0.000302
2025-05-23 10:15,0.00033
2025-05-23 10:30,0.000368
2025-05-23 10:45,0.0
2025-05-23 11:00,0.003125
2025-05-23 11:15,0.014412
2025-05-23 11:30,0.0
2025-05-23 11:45,0.0
2025-05-23 12:00,0.0
2025-05-23 12:15,0.007109
2025-05-23 12:30,0.0
2025-05-23 12:45,0.006288
2025-05-23 13:00,0.000925
2025-05-23 13:15,0.012991
2025-05-23 13:30,0.018486
2025-05-23 13:45,0.018217
2025-05-23 14:00,0.007383
2025-05-23 14:15,0.022045
2025-05-23 14:30,0.000335
2025-05-23 14:45,0.010914
2025-05-23 15:00,0.02508
2025-05-23 15:15,0.010753
2025-05-23 15:30,0.11309
2025-05-23 15:45,0.340106
2025-05-23 16:00,0.354928
2025-05-23 16:15,0.405377
2025-05-23 16:30,0.601473
2025-05-23 16:45,0.813241
2025-05-23 17:00,0.289653
2025-05-23 17:15,0.011877
2025-05-23 17:30,0.000935
2025-05-23 17:45,0.008705
2025-05-23 18:00,0.001303
2025-05-23 18:15,0.013576
2025-05-23 18:30,0.037963
2025-05-23 18:45,0.025491
2025-05-23 19:00,0.353446
2025-05-23 19:15,0.795884
2025-05-23 19:30,0.862741
2025-05-23 19:45,0.638666
2025-05-23 20:00,0.946431
2025-05-23 20:15,0.028517
2025-05-23 20:30,0.021044
2025-05-23 20:45,0.018141
2025-05-23 21:00,0.014058
2025-05-23 21:15,0.009578
2025-05-23 21:30,0.0
2025-05-23 21:45,0.006939
2025-05-23 22:00,0.0
2025-05-23 22:15,0.0
2025-05-23 22:30,0.008058
2025-05-23 22:45,0.005731
2025-05-23 23:00,0.011877
2025-05-23 23:15,0.008695
2025-05-23 23:30,0.010461
2025-05-23 23:45,0.00033
2025-05-24 00:00,0.000434
2025-05-24 00:15,0.000302
2025-05-24 00:30,0.0
2025-05-24 00:45,0.0
2025-05-24 01:00,0.0
2025-05-24 01:15,0.006429
2025-05-24 01:30,0.013576
2025-05-24 01:45,0.001799
2025-05-24 02:00,0.0
2025-05-24 02:15,0.000368
2025-05-24 02:30,0.0
2025-05-24 02:45,0.000434
2025-05-24 03:00,0.002445
2025-05-24 03:15,0.0
2025-05-24 03:30,0.006807
2025-05-24 03:45,0.0
2025-05-24 04:00,0.006788
2025-05-24 04:15,0.000727
2025-05-24 04:30,0.012448
2025-05-24 04:45,0.000477
2025-05-24 05:00,0.000302
2025-05-24 05:15,0.006137
2025-05-24 05:30,0.0
2025-05-24 05:45,0.000774
2025-05-24 06:00,0.007874
2025-05-24 06:15,0.002228
2025-05-24 06:30,0.007265
2025-05-24 06:45,0.000349
2025-05-24 07:00,0.000274
2025-05-24 07:15,0.000302
2025-05-24 07:30,0.0
2025-05-24 07:45,0.0
2025-05-24 08:00,0.0
2025-05-24 08:15,0.0
2025-05-24 08:30,0.0
2025-05-24 08:45,0.000477
2025-05-24 09:00,0.00709
2025-05-24 09:15,0.0
2025-05-24 09:30,0.0
2025-05-24 09:45,0.0
2025-05-24 10:00,0.0
2025-05-24 10:15,0.0
2025-05-24 10:30,0.006901
2025-05-24 10:45,0.002223
2025-05-24 11:00,0.0
2025-05-24 11:15,0.0
2025-05-24 11:30,0.012212
2025-05-24 11:45,0.006137
2025-05-24 12:00,0.000274
2025-05-24 12:15,0.0
2025-05-24 12:30,0.005882
2025-05-24 12:45,0.0
2025-05-24 13:00,0.006462
2025-05-24 13:15,0.007222
2025-05-24 13:30,0.0
2025-05-24 13:45,0.005443
2025-05-24 14:00,0.000349
2025-05-24 14:15,0.000604
2025-05-24 14:30,0.000472
2025-05-24 14:45,0.0
2025-05-24 15:00,0.00033
2025-05-24 15:15,0.0
2025-05-24 15:30,0.0826
2025-05-24 15:45,0.395421
2025-05-24 16:00,0.493165
2025-05-24 16:15,0.437236
2025-05-24 16:30,0.632326
2025-05-24 16:45,0.734347
2025-05-24 17:00,0.444109
2025-05-24 17:15,0.000491
2025-05-24 17:30,0.006901
2025-05-24 17:45,0.006807
2025-05-24 18:00,0.0
2025-05-24 18:15,0.00033
2025-05-24 18:30,0.0
2025-05-24 18:45,0.000274
2025-05-24 19:00,0.345006
2025-05-24 19:15,0.406599
2025-05-24 19:30,0.798829
2025-05-24 19:45,0.602417
2025-05-24 20:00,0.89408
2025-05-24 20:15,0.061886
2025-05-24 20:30,0.0
2025-05-24 20:45,0.006807
2025-05-24 21:00,0.0
2025-05-24 21:15,0.103389
2025-05-24 21:30,0.006807
2025-05-24 21:45,0.0
2025-05-24 22:00,0.0
2025-05-24 22:15,0.0
2025-05-24 22:30,0.0
2025-05-24 22:45,0.0
2025-05-24 23:00,0.0
2025-05-24 23:15,0.000434
2025-05-24 23:30,0.010201
2025-05-24 23:45,0.035989
2025-05-25 00:00,0.026303
2025-05-25 00:15,0.013963
2025-05-25 00:30,0.010668
2025-05-25 00:45,0.006377
2025-05-25 01:00,0.007284
2025-05-25 01:15,0.0
2025-05-25 01:30,0.013944
2025-05-25 01:45,0.000661
2025-05-25 02:00,0.0
2025-05-25 02:15,0.0
2025-05-25 02:30,0.0
2025-05-25 02:45,0.0
2025-05-25 03:00,0.001671
2025-05-25 03:15,0.003427
2025-05-25 03:30,0.0
2025-05-25 03:45,0.000699
2025-05-25 04:00,0.000302
2025-05-25 04:15,0.000477
2025-05-25 04:30,0.0054
2025-05-25 04:45,0.0
2025-05-25 05:00,0.0
2025-05-25 05:15,0.006807
2025-05-25 05:30,0.0
2025-05-25 05:45,0.0
2025-05-25 06:00,0.0
2025-05-25 06:15,0.0
2025-05-25 06:30,0.0
2025-05-25 06:45,0.00271
2025-05-25 07:00,0.000463
2025-05-25 07:15,0.0
2025-05-25 07:30,0.000302
2025-05-25 07:45,0.0
2025-05-25 08:00,0.0
2025-05-25 08:15,0.000349
2025-05-25 08:30,0.0
2025-05-25 08:45,0.0
2025-05-25 09:00,0.0
2025-05-25 09:15,0.000651
2025-05-25 09:30,0.000349
2025-05-25 09:45,0.0
2025-05-25 10:00,0.0
2025-05-25 10:15,0.0
2025-05-25 10:30,0.0
2025-05-25 10:45,0.007137
2025-05-25 11:00,0.0
2025-05-25 11:15,0.0
2025-05-25 11:30,0.0
2025-05-25 11:45,0.006231
2025-05-25 12:00,0.000302
2025-05-25 12:15,0.006788
2025-05-25 12:30,0.0
2025-05-25 12:45,0.020421
2025-05-25 13:00,0.0
2025-05-25 13:15,0.000387
2025-05-25 13:30,0.0
2025-05-25 13:45,0.0
2025-05-25 14:00,0.000368
2025-05-25 14:15,0.0
2025-05-25 14:30,0.013576
2025-05-25 14:45,0.0
2025-05-25 15:00,0.001067
2025-05-25 15:15,0.006807
2025-05-25 15:30,0.107855
2025-05-25 15:45,0.371469
2025-05-25 16:00,0.401525
2025-05-25 16:15,0.435442
2025-05-25 16:30,0.52382
2025-05-25 16:45,0.813855
2025-05-25 17:00,0.275038
2025-05-25 17:15,0.013614
2025-05-25 17:30,0.0
2025-05-25 17:45,0.006788
2025-05-25 18:00,0.001024
2025-05-25 18:15,0.000548
2025-05-25 18:30,0.0
2025-05-25 18:45,0.006788
2025-05-25 19:00,0.340634
2025-05-25 19:15,0.351567
2025-05-25 19:30,0.775878
2025-05-25 19:45,0.761197
2025-05-25 20:00,0.89021
2025-05-25 20:15,0.017844
2025-05-25 20:30,0.0
2025-05-25 20:45,0.000623
2025-05-25 21:00,0.00068
2025-05-25 21:15,0.000368
2025-05-25 21:30,0.006807
2025-05-25 21:45,0.000496
2025-05-25 22:00,0.007194
2025-05-25 22:15,0.006807
2025-05-25 22:30,0.000349
2025-05-25 22:45,0.006788
2025-05-25 23:00,0.006807
2025-05-25 23:15,0.010244
2025-05-25 23:30,0.000302
2025-05-25 23:45,0.0
2025-05-26 00:00,0.001142
2025-05-26 00:15,0.000661
2025-05-26 00:30,0.003134
2025-05-26 00:45,0.0
2025-05-26 01:00,0.0
2025-05-26 01:15,0.000736
2025-05-26 01:30,0.021582
2025-05-26 01:45,0.000736
2025-05-26 02:00,0.0
2025-05-26 02:15,0.0
2025-05-26 02:30,0.0
2025-05-26 02:45,0.000736
2025-05-26 03:00,0.005452
2025-05-26 03:15,0.0
2025-05-26 03:30,0.0
2025-05-26 03:45,0.001893
2025-05-26 04:00,0.000571
2025-05-26 04:15,0.000736
2025-05-26 04:30,0.008799
2025-05-26 04:45,0.0
2025-05-26 05:00,0.000274
2025-05-26 05:15,0.0
2025-05-26 05:30,0.0
2025-05-26 05:45,0.0
2025-05-26 06:00,0.000477
2025-05-26 06:15,0.0
2025-05-26 06:30,0.006788
2025-05-26 06:45,0.006807
2025-05-26 07:00,0.014039
2025-05-26 07:15,0.0
2025-05-26 07:30,0.000349
2025-05-26 07:45,0.0
2025-05-26 08:00,0.0
2025-05-26 08:15,0.0
2025-05-26 08:30,0.00769
2025-05-26 08:45,0.006788
2025-05-26 09:00,0.000349
2025-05-26 09:15,0.000477
2025-05-26 09:30,0.0
2025-05-26 09:45,0.001322
2025-05-26 10:00,0.001732
2025-05-26 10:15,0.0
2025-05-26 10:30,0.00279
2025-05-26 10:45,0.0
2025-05-26 11:00,0.001227
2025-05-26 11:15,0.0
2025-05-26 11:30,0.006807
2025-05-26 11:45,0.0
2025-05-26 12:00,0.0
2025-05-26 12:15,0.0
2025-05-26 12:30,0.0
2025-05-26 12:45,0.000302
2025-05-26 13:00,0.007496
2025-05-26 13:15,0.00676
2025-05-26 13:30,0.0
2025-05-26 13:45,0.001133
2025-05-26 14:00,0.0
2025-05-26 14:15,0.0
2025-05-26 14:30,0.000463
2025-05-26 14:45,0.006807
2025-05-26 15:00,0.003295
2025-05-26 15:15,0.007534
2025-05-26 15:30,0.166933
2025-05-26 15:45,0.273008
2025-05-26 16:00,0.42078
2025-05-26 16:15,0.451029
2025-05-26 16:30,0.540313
2025-05-26 16:45,0.908771
2025-05-26 17:00,0.413255
2025-05-26 17:15,0.006807
2025-05-26 17:30,0.016347
2025-05-26 17:45,0.064596
2025-05-26 18:00,0.0005
2025-05-26 18:15,0.006788
2025-05-26 18:30,0.0
2025-05-26 18:45,0.0
2025-05-26 19:00,0.292277
2025-05-26 19:15,0.471214
2025-05-26 19:30,0.756269
2025-05-26 19:45,0.709625
2025-05-26 20:00,0.859394
2025-05-26 20:15,0.054305
2025-05-26 20:30,0.0
2025-05-26 20:45,0.0
2025-05-26 21:00,0.0
2025-05-26 21:15,0.013576
2025-05-26 21:30,0.0
2025-05-26 21:45,0.007137
2025-05-26 22:00,0.03801
2025-05-26 22:15,0.0
2025-05-26 22:30,0.020421
2025-05-26 22:45,0.0
2025-05-26 23:00,0.0
2025-05-26 23:15,0.0
2025-05-26 23:30,0.0
2025-05-26 23:45,0.000274
2025-05-27 00:00,0.0
2025-05-27 00:15,0.0
2025-05-27 00:30,0.001076
2025-05-27 00:45,0.0
2025-05-27 01:00,0.001142
2025-05-27 01:15,0.007444
2025-05-27 01:30,0.02754
2025-05-27 01:45,0.0
2025-05-27 02:00,0.0
2025-05-27 02:15,0.0
2025-05-27 02:30,0.0
2025-05-27 02:45,0.0
2025-05-27 03:00,0.002068
2025-05-27 03:15,0.0
2025-05-27 03:30,0.0
2025-05-27 03:45,0.0
2025-05-27 04:00,0.032355
2025-05-27 04:15,0.0
2025-05-27 04:30,0.009144
2025-05-27 04:45,0.000274
2025-05-27 05:00,0.022295
2025-05-27 05:15,0.00033
2025-05-27 05:30,0.007515
2025-05-27 05:45,0.0
2025-05-27 06:00,0.00641
2025-05-27 06:15,0.0
2025-05-27 06:30,0.0
2025-05-27 06:45,0.000349
2025-05-27 07:00,0.0
2025-05-27 07:15,0.0
2025-05-27 07:30,0.0
2025-05-27 07:45,0.0
2025-05-27 08:00,0.0
2025-05-27 08:15,0.0
2025-05-27 08:30,0.0
2025-05-27 08:45,0.0
2025-05-27 09:00,0.006807
2025-05-27 09:15,0.0
2025-05-27 09:30,0.0
2025-05-27 09:45,0.0
2025-05-27 10:00,0.000448
2025-05-27 10:15,0.0
2025-05-27 10:30,0.015181
2025-05-27 10:45,0.0
2025-05-27 11:00,0.0
2025-05-27 11:15,0.006807
2025-05-27 11:30,0.0201
2025-05-27 11:45,0.0
2025-05-27 12:00,0.000302
2025-05-27 12:15,0.000779
2025-05-27 12:30,0.0
2025-05-27 12:45,0.01048
2025-05-27 13:00,0.010234
2025-05-27 13:15,0.015583
2025-05-27 13:30,0.001284
2025-05-27 13:45,0.000302
2025-05-27 14:00,0.018703
2025-05-27 14:15,0.043986
2025-05-27 14:30,0.045133
2025-05-27 14:45,0.032345
2025-05-27 15:00,0.0
2025-05-27 15:15,0.008223
2025-05-27 15:30,0.076001
2025-05-27 15:45,0.311726
2025-05-27 16:00,0.557572
2025-05-27 16:15,0.567343
2025-05-27 16:30,0.510886
2025-05-27 16:45,0.734384
2025-05-27 17:00,0.333894
2025-05-27 17:15,0.029315
2025-05-27 17:30,0.027006
2025-05-27 17:45,0.000755
2025-05-27 18:00,0.001865
2025-05-27 18:15,0.0
2025-05-27 18:30,0.005957
2025-05-27 18:45,0.000902
2025-05-27 19:00,0.433955
2025-05-27 19:15,0.512779
2025-05-27 19:30,0.891073
2025-05-27 19:45,0.713812
2025-05-27 20:00,0.926312
2025-05-27 20:15,0.028828
2025-05-27 20:30,0.003016
2025-05-27 20:45,0.028134
2025-05-27 21:00,0.04156
2025-05-27 21:15,0.010631
2025-05-27 21:30,0.007506
2025-05-27 21:45,0.006807
2025-05-27 22:00,0.008086
2025-05-27 22:15,0.005882
2025-05-27 22:30,0.0
2025-05-27 22:45,0.0
2025-05-27 23:00,0.007185
2025-05-27 23:15,0.027634
2025-05-27 23:30,0.054305
2025-05-27 23:45,0.0
2025-05-28 00:00,0.007213
2025-05-28 00:00,0.005782
2025-05-28 00:15,0.0098
2025-05-28 00:30,0.00507
2025-05-28 00:45,0.000242
2025-05-28 01:00,0.0
2025-05-28 01:15,0.0
2025-05-28 01:30,0.010882
2025-05-28 01:45,0.00476
2025-05-28 02:00,0.001158
2025-05-28 02:15,0.001627
2025-05-28 02:30,0.006357
2025-05-28 02:45,0.005331
2025-05-28 03:00,0.000363
2025-05-28 03:15,0.00028
2025-05-28 03:30,0.010277
2025-05-28 03:45,0.0
2025-05-28 04:00,0.003988
2025-05-28 04:15,0.01126
2025-05-28 04:30,0.0
2025-05-28 04:45,0.005097
2025-05-28 05:00,0.0
2025-05-28 05:15,0.001305
2025-05-28 05:30,0.000219
2025-05-28 05:45,0.0
2025-05-28 06:00,0.007817
2025-05-28 06:15,0.010322
2025-05-28 06:30,0.0
2025-05-28 06:45,0.000219
2025-05-28 07:00,0.009845
2025-05-28 07:15,0.00028
2025-05-28 07:30,0.007681
2025-05-28 07:45,0.0
2025-05-28 08:00,0.0
2025-05-28 08:15,0.0
2025-05-28 08:30,0.0
2025-05-28 08:45,0.00115
2025-05-28 09:00,0.000795
2025-05-28 09:15,0.010004
2025-05-28 09:30,0.000382
2025-05-28 09:45,0.005596
2025-05-28 10:00,0.0
2025-05-28 10:15,0.000893
2025-05-28 10:30,0.003651
2025-05-28 10:45,0.010171
2025-05-28 11:00,0.0
2025-05-28 11:15,0.0
2025-05-28 11:30,0.01162
2025-05-28 11:45,0.004995
2025-05-28 12:00,0.000462
2025-05-28 12:15,0.00084
2025-05-28 12:30,0.002353
2025-05-28 12:45,0.005199
2025-05-28 13:00,0.001672
2025-05-28 13:15,0.009244
2025-05-28 13:30,0.019422
2025-05-28 13:45,0.008831
2025-05-28 14:00,0.018593
2025-05-28 14:15,0.014885
2025-05-28 14:30,0.010352
2025-05-28 14:45,0.027262
2025-05-28 15:00,0.00053
2025-05-28 15:15,0.009944
2025-05-28 15:30,0.114166
2025-05-28 15:45,0.26379
2025-05-28 16:00,0.335968
2025-05-28 16:15,0.38807
2025-05-28 16:30,0.425669
2025-05-28 16:45,0.611381
2025-05-28 17:00,0.293447
2025-05-28 17:15,0.014333
2025-05-28 17:30,0.010129
2025-05-28 17:45,0.019615
2025-05-28 18:00,0.0
2025-05-28 18:15,0.015839
2025-05-28 18:30,0.0
2025-05-28 18:45,0.026524
2025-05-28 19:00,0.199834
2025-05-28 19:15,0.195861
2025-05-28 19:30,0.748685
2025-05-28 19:45,0.556548
2025-05-28 20:00,0.613852
2025-05-28 20:15,0.056427
2025-05-28 20:30,0.001453
2025-05-28 20:45,0.000378
2025-05-28 21:00,0.000219
2025-05-28 21:15,0.033857
2025-05-28 21:30,0.057119
2025-05-28 21:45,0.000499
2025-05-28 22:00,0.021159
2025-05-28 22:15,0.001059
2025-05-28 22:30,0.001347
2025-05-28 22:45,0.0
2025-05-28 23:00,0.0
2025-05-28 23:15,0.029732
2025-05-28 23:30,0.148647
2025-05-28 23:45,0.00045
2025-05-29 00:00,0.0
2025-05-29 00:15,0.005441
2025-05-29 00:30,0.005441
2025-05-29 00:45,0.0
2025-05-29 01:00,0.173733
2025-05-29 01:15,0.005441
2025-05-29 01:30,0.0
2025-05-29 01:45,0.0
2025-05-29 02:00,0.0
2025-05-29 02:15,0.0
2025-05-29 02:30,0.000439
2025-05-29 02:45,0.005456
2025-05-29 03:00,0.002406
2025-05-29 03:15,0.00109
2025-05-29 03:30,0.005456
2025-05-29 03:45,0.005774
2025-05-29 04:00,0.010912
2025-05-29 04:15,0.000643
2025-05-29 04:30,0.000219
2025-05-29 04:45,0.0
2025-05-29 05:00,0.011972
2025-05-29 05:15,0.0
2025-05-29 05:30,0.007106
2025-05-29 05:45,0.010912
2025-05-29 06:00,0.00031
2025-05-29 06:15,0.0
2025-05-29 06:30,0.034072
2025-05-29 06:45,0.0
2025-05-29 07:00,0.017231
2025-05-29 07:15,0.000484
2025-05-29 07:30,0.000352
2025-05-29 07:45,0.005456
2025-05-29 08:00,0.0
2025-05-29 08:15,0.0
2025-05-29 08:30,0.000265
2025-05-29 08:45,0.0
2025-05-29 09:00,0.0
2025-05-29 09:15,0.0
2025-05-29 09:30,0.000299
2025-05-29 09:45,0.0
2025-05-29 10:00,0.0
2025-05-29 10:15,0.000265
2025-05-29 10:30,0.00028
2025-05-29 10:45,0.00028
2025-05-29 11:00,0.000242
2025-05-29 11:15,0.001593
2025-05-29 11:30,0.0
2025-05-29 11:45,0.000242
2025-05-29 12:00,0.0014
2025-05-29 12:15,0.005486
2025-05-29 12:30,0.0
2025-05-29 12:45,0.001052
2025-05-29 13:00,0.014673
2025-05-29 13:15,0.004979
2025-05-29 13:30,0.001173
2025-05-29 13:45,0.015135
2025-05-29 14:00,0.041087
2025-05-29 14:15,0.026009
2025-05-29 14:30,0.000219
2025-05-29 14:45,0.000219
2025-05-29 15:00,0.017863
2025-05-29 15:15,0.015252
2025-05-29 15:30,0.188785
2025-05-29 15:45,0.226407
2025-05-29 16:00,0.37508
2025-05-29 16:15,0.328964
2025-05-29 16:30,0.400878
2025-05-29 16:45,0.507359
2025-05-29 17:00,0.38729
2025-05-29 17:15,0.01904
2025-05-29 17:30,0.005422
2025-05-29 17:45,0.001135
2025-05-29 18:00,0.00476
2025-05-29 18:15,0.000219
2025-05-29 18:30,0.018298
2025-05-29 18:45,0.512414
2025-05-29 19:00,0.1734
2025-05-29 19:15,0.262431
2025-05-29 19:30,0.443528
2025-05-29 19:45,0.574997
2025-05-29 20:00,0.943596
2025-05-29 20:15,0.067861
2025-05-29 20:30,0.005017
2025-05-29 20:45,0.000242
2025-05-29 21:00,0.0
2025-05-29 21:15,0.000242
2025-05-29 21:30,0.020546
2025-05-29 21:45,0.000931
2025-05-29 22:00,0.0
2025-05-29 22:15,0.00031
2025-05-29 22:30,0.0
2025-05-29 22:45,0.011487
2025-05-29 23:00,0.007303
2025-05-29 23:15,0.037625
2025-05-29 23:30,0.032502
2025-05-29 23:45,0.021938
2025-05-30 00:00,0.005456
2025-05-30 00:15,0.001653
2025-05-30 00:30,0.011359
2025-05-30 00:45,0.0
2025-05-30 01:00,0.0
2025-05-30 01:15,0.005456
2025-05-30 01:30,0.011147
2025-05-30 01:45,0.0
2025-05-30 02:00,0.005456
2025-05-30 02:15,0.004919
2025-05-30 02:30,0.000356
2025-05-30 02:45,0.006909
2025-05-30 03:00,0.004919
2025-05-30 03:15,0.002021
2025-05-30 03:30,0.004609
2025-05-30 03:45,0.000613
2025-05-30 04:00,0.006534
2025-05-30 04:15,0.016588
2025-05-30 04:30,0.007371
2025-05-30 04:45,0.003871
2025-05-30 05:00,0.0
2025-05-30 05:15,0.003473
2025-05-30 05:30,0.007291
2025-05-30 05:45,0.0
2025-05-30 06:00,0.0
2025-05-30 06:15,0.0
2025-05-30 06:30,0.000352
2025-05-30 06:45,0.001862
2025-05-30 07:00,0.0
2025-05-30 07:15,0.0
2025-05-30 07:30,0.016996
2025-05-30 07:45,0.0
2025-05-30 08:00,0.000284
2025-05-30 08:15,0.0
2025-05-30 08:30,0.003595
2025-05-30 08:45,0.0
2025-05-30 09:00,0.000219
2025-05-30 09:15,0.0
2025-05-30 09:30,0.0
2025-05-30 09:45,0.001162
2025-05-30 10:00,0.0
2025-05-30 10:15,0.010912
2025-05-30 10:30,0.000242
2025-05-30 10:45,0.005441
2025-05-30 11:00,0.0
2025-05-30 11:15,0.005456
2025-05-30 11:30,0.013118
2025-05-30 11:45,0.014976
2025-05-30 12:00,0.001782
2025-05-30 12:15,0.00619
2025-05-30 12:30,0.034273
2025-05-30 12:45,0.000435
2025-05-30 13:00,0.00053
2025-05-30 13:15,0.000901
2025-05-30 13:30,0.005698
2025-05-30 13:45,0.020648
2025-05-30 14:00,0.01904
2025-05-30 14:15,0.007034
2025-05-30 14:30,0.000522
2025-05-30 14:45,0.000613
2025-05-30 15:00,0.019161
2025-05-30 15:15,0.000242
2025-05-30 15:30,0.115139
2025-05-30 15:45,0.254164
2025-05-30 16:00,0.41546
2025-05-30 16:15,0.368429
2025-05-30 16:30,0.386152
2025-05-30 16:45,0.694975
2025-05-30 17:00,0.296133
2025-05-30 17:15,0.015695
2025-05-30 17:30,0.011253
2025-05-30 17:45,0.054293
2025-05-30 18:00,0.019675
2025-05-30 18:15,0.101109
2025-05-30 18:30,0.011919
2025-05-30 18:45,0.005161
2025-05-30 19:00,0.239547
2025-05-30 19:15,0.369363
2025-05-30 19:30,0.62417
2025-05-30 19:45,0.527474
2025-05-30 20:00,0.626857
2025-05-30 20:15,0.044073
2025-05-30 20:30,0.0177
2025-05-30 20:45,0.023754
2025-05-30 21:00,0.015827
2025-05-30 21:15,0.0
2025-05-30 21:30,0.000492
2025-05-30 21:45,0.00028
2025-05-30 22:00,0.00053
2025-05-30 22:15,0.00031
2025-05-30 22:30,0.00602
2025-05-30 22:45,0.000378
2025-05-30 23:00,0.0
2025-05-30 23:15,0.0
2025-05-30 23:30,0.0
2025-05-30 23:45,0.0
2025-05-31 00:00,0.000265
2025-05-31 00:15,0.000768
2025-05-31 00:30,0.000897
2025-05-31 00:45,0.0
2025-05-31 01:00,0.0
2025-05-31 01:15,0.0
2025-05-31 01:30,0.011465
2025-05-31 01:45,0.000908
2025-05-31 02:00,0.005456
2025-05-31 02:15,0.000662
2025-05-31 02:30,0.013648
2025-05-31 02:45,0.01795
2025-05-31 03:00,0.003333
2025-05-31 03:15,0.005706
2025-05-31 03:30,0.00031
2025-05-31 03:45,0.000382
2025-05-31 04:00,0.000265
2025-05-31 04:15,0.001635
2025-05-31 04:30,0.00056
2025-05-31 04:45,0.000439
2025-05-31 05:00,0.010897
2025-05-31 05:15,0.00087
2025-05-31 05:30,0.001358
2025-05-31 05:45,0.0
2025-05-31 06:00,0.011476
2025-05-31 06:15,0.0
2025-05-31 06:30,0.001135
2025-05-31 06:45,0.005441
2025-05-31 07:00,0.000265
2025-05-31 07:15,0.005441
2025-05-31 07:30,0.0
2025-05-31 07:45,0.0
2025-05-31 08:00,0.0
2025-05-31 08:15,0.000564
2025-05-31 08:30,0.002172
2025-05-31 08:45,0.0
2025-05-31 09:00,0.005441
2025-05-31 09:15,0.0
2025-05-31 09:30,0.011582
2025-05-31 09:45,0.0
2025-05-31 10:00,0.000242
2025-05-31 10:15,0.0
2025-05-31 10:30,0.000265
2025-05-31 10:45,0.000537
2025-05-31 11:00,0.017723
2025-05-31 11:15,0.022377
2025-05-31 11:30,0.0
2025-05-31 11:45,0.00028
2025-05-31 12:00,0.001941
2025-05-31 12:15,0.0
2025-05-31 12:30,0.006334
2025-05-31 12:45,0.001286
2025-05-31 13:00,0.000265
2025-05-31 13:15,0.010882
2025-05-31 13:30,0.030474
2025-05-31 13:45,0.012528
2025-05-31 14:00,0.0
2025-05-31 14:15,0.000219
2025-05-31 14:30,0.0
2025-05-31 14:45,0.0
2025-05-31 15:00,0.002891
2025-05-31 15:15,0.0
2025-05-31 15:30,0.07502
2025-05-31 15:45,0.178319
2025-05-31 16:00,0.271527
2025-05-31 16:15,0.394007
2025-05-31 16:30,0.365197
2025-05-31 16:45,0.474112
2025-05-31 17:00,0.224095
2025-05-31 17:15,0.003587
2025-05-31 17:30,0.0
2025-05-31 17:45,0.011427
2025-05-31 18:00,0.006009
2025-05-31 18:15,0.000825
2025-05-31 18:30,0.00028
2025-05-31 18:45,0.014514
2025-05-31 19:00,0.277286
2025-05-31 19:15,0.291702
2025-05-31 19:30,0.671391
2025-05-31 19:45,0.595369
2025-05-31 20:00,0.639419
2025-05-31 20:15,0.018472
2025-05-31 20:30,0.010118
2025-05-31 20:45,0.011154
2025-05-31 21:00,0.0
2025-05-31 21:15,0.0
2025-05-31 21:30,0.005456
2025-05-31 21:45,0.005721
2025-05-31 22:00,0.011457
2025-05-31 22:15,0.0
2025-05-31 22:30,0.0
2025-05-31 22:45,0.00028
2025-05-31 23:00,0.005456
2025-05-31 23:15,0.005441
2025-05-31 23:30,0.011154
2025-05-31 23:45,0.005456
2025-06-01 00:00,0.010912
2025-06-01 00:15,0.010912
2025-06-01 00:30,0.002429
2025-06-01 00:45,0.005456
2025-06-01 01:00,0.000329
2025-06-01 01:15,0.000382
2025-06-01 01:30,0.021809
2025-06-01 01:45,0.000378
2025-06-01 02:00,0.010882
2025-06-01 02:15,0.005456
2025-06-01 02:30,0.00123
2025-06-01 02:45,0.013391
2025-06-01 03:00,0.006519
2025-06-01 03:15,0.000742
2025-06-01 03:30,0.0
2025-06-01 03:45,0.005456
2025-06-01 04:00,0.0
2025-06-01 04:15,0.000242
2025-06-01 04:30,0.016664
2025-06-01 04:45,0.0
2025-06-01 05:00,0.0
2025-06-01 05:15,0.000295
2025-06-01 05:30,0.0
2025-06-01 05:45,0.0
2025-06-01 06:00,0.000507
2025-06-01 06:15,0.057558
2025-06-01 06:30,0.000303
2025-06-01 06:45,0.00053
2025-06-01 07:00,0.017155
2025-06-01 07:15,0.0
2025-06-01 07:30,0.005744
2025-06-01 07:45,0.017942
2025-06-01 08:00,0.0
2025-06-01 08:15,0.0
2025-06-01 08:30,0.00028
2025-06-01 08:45,0.0
2025-06-01 09:00,0.000295
2025-06-01 09:15,0.000382
2025-06-01 09:30,0.005456
2025-06-01 09:45,0.0
2025-06-01 10:00,0.0
2025-06-01 10:15,0.00056
2025-06-01 10:30,0.0
2025-06-01 10:45,0.0
2025-06-01 11:00,0.000885
2025-06-01 11:15,0.001109
2025-06-01 11:30,0.006016
2025-06-01 11:45,0.0
2025-06-01 12:00,0.005456
2025-06-01 12:15,0.000265
2025-06-01 12:30,0.000242
2025-06-01 12:45,0.00952
2025-06-01 13:00,0.000261
2025-06-01 13:15,0.011117
2025-06-01 13:30,0.0
2025-06-01 13:45,0.001748
2025-06-01 14:00,0.0
2025-06-01 14:15,0.00053
2025-06-01 14:30,0.0
2025-06-01 14:45,0.016588
2025-06-01 15:00,0.001922
2025-06-01 15:15,0.0
2025-06-01 15:30,0.08639
2025-06-01 15:45,0.228722
2025-06-01 16:00,0.398683
2025-06-01 16:15,0.44671
2025-06-01 16:30,0.295584
2025-06-01 16:45,0.631284
2025-06-01 17:00,0.347232
2025-06-01 17:15,0.005441
2025-06-01 17:30,0.000507
2025-06-01 17:45,0.000874
2025-06-01 18:00,0.00028
2025-06-01 18:15,0.019229
2025-06-01 18:30,0.0
2025-06-01 18:45,0.0
2025-06-01 19:00,0.253161
2025-06-01 19:15,0.29983
2025-06-01 19:30,0.712831
2025-06-01 19:45,0.566798
2025-06-01 20:00,0.806345
2025-06-01 20:15,0.0
2025-06-01 20:30,0.010912
2025-06-01 20:45,0.005456
2025-06-01 21:00,0.032725
2025-06-01 21:15,0.000492
2025-06-01 21:30,0.00588
2025-06-01 21:45,0.005736
2025-06-01 22:00,0.00053
2025-06-01 22:15,0.00661
2025-06-01 22:30,0.000397
2025-06-01 22:45,0.011177
2025-06-01 23:00,0.000545
2025-06-01 23:15,0.005456
2025-06-01 23:30,0.017659
2025-06-01 23:45,0.020341
2025-06-02 00:00,0.012142
2025-06-02 00:15,0.00084
2025-06-02 00:30,0.005017
2025-06-02 00:45,0.0
2025-06-02 01:00,0.0
2025-06-02 01:15,0.000564
2025-06-02 01:30,0.000219
2025-06-02 01:45,0.005456
2025-06-02 02:00,0.005441
2025-06-02 02:15,0.0
2025-06-02 02:30,0.001445
2025-06-02 02:45,0.0
2025-06-02 03:00,0.006644
2025-06-02 03:15,0.0
2025-06-02 03:30,0.0
2025-06-02 03:45,0.0
2025-06-02 04:00,0.002168
2025-06-02 04:15,0.001158
2025-06-02 04:30,0.000219
2025-06-02 04:45,0.010912
2025-06-02 05:00,0.001653
2025-06-02 05:15,0.0
2025-06-02 05:30,0.001059
2025-06-02 05:45,0.0
2025-06-02 06:00,0.001006
2025-06-02 06:15,0.0
2025-06-02 06:30,0.0
2025-06-02 06:45,0.000586
2025-06-02 07:00,0.028961
2025-06-02 07:15,0.023172
2025-06-02 07:30,0.01201
2025-06-02 07:45,0.001309
2025-06-02 08:00,0.001173
2025-06-02 08:15,0.0
2025-06-02 08:30,0.005676
2025-06-02 08:45,0.0
2025-06-02 09:00,0.000575
2025-06-02 09:15,0.005441
2025-06-02 09:30,0.005986
2025-06-02 09:45,0.045859
2025-06-02 10:00,0.005744
2025-06-02 10:15,0.0
2025-06-02 10:30,0.00028
2025-06-02 10:45,0.0
2025-06-02 11:00,0.006856
2025-06-02 11:15,0.005736
2025-06-02 11:30,0.0
2025-06-02 11:45,0.000522
2025-06-02 12:00,0.006236
2025-06-02 12:15,0.000242
2025-06-02 12:30,0.0
2025-06-02 12:45,0.00028
2025-06-02 13:00,0.010394
2025-06-02 13:15,0.000859
2025-06-02 13:30,0.025374
2025-06-02 13:45,0.000242
2025-06-02 14:00,0.00179
2025-06-02 14:15,0.005441
2025-06-02 14:30,0.019547
2025-06-02 14:45,0.038863
2025-06-02 15:00,0.029963
2025-06-02 15:15,0.152741
2025-06-02 15:30,0.104809
2025-06-02 15:45,0.250793
2025-06-02 16:00,0.360464
2025-06-02 16:15,0.493541
2025-06-02 16:30,0.461625
2025-06-02 16:45,0.611041
2025-06-02 17:00,0.305013
2025-06-02 17:15,0.011858
2025-06-02 17:30,0.022385
2025-06-02 17:45,0.032865
2025-06-02 18:00,0.015748
2025-06-02 18:15,0.001324
2025-06-02 18:30,0.012687
2025-06-02 18:45,0.006387
2025-06-02 19:00,0.293556
2025-06-02 19:15,0.31554
2025-06-02 19:30,0.65307
2025-06-02 19:45,0.543528
2025-06-02 20:00,0.702221
2025-06-02 20:15,0.022528
2025-06-02 20:30,0.016611
2025-06-02 20:45,0.005407
2025-06-02 21:00,0.005721
2025-06-02 21:15,0.048613
2025-06-02 21:30,0.006871
2025-06-02 21:45,0.022407
2025-06-02 22:00,0.02215
2025-06-02 22:15,0.0
2025-06-02 22:30,0.031473
2025-06-02 22:45,0.038723
2025-06-02 23:00,0.005456
2025-06-02 23:15,0.011177
2025-06-02 23:30,0.016913
2025-06-02 23:45,0.039812
2025-06-03 00:00,0.021825
2025-06-03 00:15,0.020697
2025-06-03 00:30,0.016648
2025-06-03 00:45,0.033266
2025-06-03 01:00,0.032737
2025-06-03 01:15,0.011442
2025-06-03 01:30,0.055356
2025-06-03 01:45,0.028635
2025-06-03 02:00,0.005986
2025-06-03 02:15,0.0
2025-06-03 02:30,0.044027
2025-06-03 02:45,0.006251
2025-06-03 03:00,0.002637
2025-06-03 03:15,0.017299
2025-06-03 03:30,0.016951
2025-06-03 03:45,0.006311
2025-06-03 04:00,0.00655
2025-06-03 04:15,0.028896
2025-06-03 04:30,0.005396
2025-06-03 04:45,0.032941
2025-06-03 05:00,0.005751
2025-06-03 05:15,0.011223
2025-06-03 05:30,0.016633
2025-06-03 05:45,0.000545
2025-06-03 06:00,0.010912
2025-06-03 06:15,0.000265
2025-06-03 06:30,0.00692
2025-06-03 06:45,0.001873
2025-06-03 07:00,0.0
2025-06-03 07:15,0.010882
2025-06-03 07:30,0.023436
2025-06-03 07:45,0.059007
2025-06-03 08:00,0.007045
2025-06-03 08:15,0.005744
2025-06-03 08:30,0.000711
2025-06-03 08:45,0.0
2025-06-03 09:00,0.005441
2025-06-03 09:15,0.005456
2025-06-03 09:30,0.0
2025-06-03 09:45,0.0
2025-06-03 10:00,0.011684
2025-06-03 10:15,0.000832
2025-06-03 10:30,0.0
2025-06-03 10:45,0.009785
2025-06-03 11:00,0.000219
2025-06-03 11:15,0.005736
2025-06-03 11:30,0.007454
2025-06-03 11:45,0.010156
2025-06-03 12:00,0.021711
2025-06-03 12:15,0.00028
2025-06-03 12:30,0.010171
2025-06-03 12:45,0.01025
2025-06-03 13:00,0.006394
2025-06-03 13:15,0.01067
2025-06-03 13:30,0.000848
2025-06-03 13:45,0.005456
2025-06-03 14:00,0.0
2025-06-03 14:15,0.020296
2025-06-03 14:30,0.00711
2025-06-03 14:45,0.037069
2025-06-03 15:00,0.004767
2025-06-03 15:15,0.011177
2025-06-03 15:30,0.110651
2025-06-03 15:45,0.180158
2025-06-03 16:00,0.397397
2025-06-03 16:15,0.479258
2025-06-03 16:30,0.349287
2025-06-03 16:45,0.689909
2025-06-03 17:00,0.246358
2025-06-03 17:15,0.014038
2025-06-03 17:30,0.015672
2025-06-03 17:45,0.010912
2025-06-03 18:00,0.005834
2025-06-03 18:15,0.006186
2025-06-03 18:30,0.006845
2025-06-03 18:45,0.000265
2025-06-03 19:00,0.271316
2025-06-03 19:15,0.305623
2025-06-03 19:30,0.793719
2025-06-03 19:45,0.669314
2025-06-03 20:00,1.0
2025-06-03 20:15,0.0564
2025-06-03 20:30,0.016266
2025-06-03 20:45,0.010065
2025-06-03 21:00,0.007435
2025-06-03 21:15,0.00045
2025-06-03 21:30,0.022192
2025-06-03 21:45,0.0
2025-06-03 22:00,0.001135
2025-06-03 22:15,0.005543
2025-06-03 22:30,0.019059
2025-06-03 22:45,0.01498
2025-06-03 23:00,0.0
2025-06-03 23:15,0.005721
2025-06-03 23:30,0.010882
2025-06-03 23:45,0.001627
2025-06-04 00:00,0.004979
2025-06-04 00:00,0.002061
2025-06-04 00:15,0.00466
2025-06-04 00:30,0.000274
2025-06-04 00:45,0.004517
2025-06-04 01:00,0.006529
2025-06-04 01:15,0.001588
2025-06-04 01:30,0.004517
2025-06-04 01:45,0.004511
2025-06-04 02:00,0.010142
2025-06-04 02:15,0.005543
2025-06-04 02:30,0.011293
2025-06-04 02:45,0.000216
2025-06-04 03:00,0.002522
2025-06-04 03:15,0.001006
2025-06-04 03:30,0.002691
2025-06-04 03:45,0.000633
2025-06-04 04:00,0.001952
2025-06-04 04:15,0.004517
2025-06-04 04:30,0.002417
2025-06-04 04:45,0.005554
2025-06-04 05:00,0.0001
2025-06-04 05:15,0.002252
2025-06-04 05:30,0.0
2025-06-04 05:45,0.0
2025-06-04 06:00,0.000935
2025-06-04 06:15,0.002259
2025-06-04 06:30,0.0
2025-06-04 06:45,0.0
2025-06-04 07:00,0.000257
2025-06-04 07:15,0.006917
2025-06-04 07:30,0.0
2025-06-04 07:45,0.0
2025-06-04 08:00,0.0
2025-06-04 08:15,0.003733
2025-06-04 08:30,9.1e-05
2025-06-04 08:45,0.000316
2025-06-04 09:00,0.0
2025-06-04 09:15,0.007296
2025-06-04 09:30,0.00115
2025-06-04 09:45,0.00197
2025-06-04 10:00,0.004627
2025-06-04 10:15,0.0
2025-06-04 10:30,0.00011
2025-06-04 10:45,0.001403
2025-06-04 11:00,0.002259
2025-06-04 11:15,0.002711
2025-06-04 11:30,0.004718
2025-06-04 11:45,0.002252
2025-06-04 12:00,0.003092
2025-06-04 12:15,0.004838
2025-06-04 12:30,0.00011
2025-06-04 12:45,0.006422
2025-06-04 13:00,0.000241
2025-06-04 13:15,0.003319
2025-06-04 13:30,0.00252
2025-06-04 13:45,0.007705
2025-06-04 14:00,0.002259
2025-06-04 14:15,0.007898
2025-06-04 14:30,0.002237
2025-06-04 14:45,0.003941
2025-06-04 15:00,0.029469
2025-06-04 15:15,0.009111
2025-06-04 15:30,0.033595
2025-06-04 15:45,0.083562
2025-06-04 16:00,0.119541
2025-06-04 16:15,0.154524
2025-06-04 16:30,0.131173
2025-06-04 16:45,0.270639
2025-06-04 17:00,0.080556
2025-06-04 17:15,0.006475
2025-06-04 17:30,0.005619
2025-06-04 17:45,0.002837
2025-06-04 18:00,0.00473
2025-06-04 18:15,0.002597
2025-06-04 18:30,0.017841
2025-06-04 18:45,0.004535
2025-06-04 19:00,0.112643
2025-06-04 19:15,0.162503
2025-06-04 19:30,0.094586
2025-06-04 19:45,0.34644
2025-06-04 20:00,0.371269
2025-06-04 20:15,0.006914
2025-06-04 20:30,0.000152
2025-06-04 20:45,0.002259
2025-06-04 21:00,0.004123
2025-06-04 21:15,0.00235
2025-06-04 21:30,0.0
2025-06-04 21:45,0.002259
2025-06-04 22:00,0.004511
2025-06-04 22:15,0.0
2025-06-04 22:30,0.000185
2025-06-04 22:45,0.004561
2025-06-04 23:00,0.006832
2025-06-04 23:15,0.0
2025-06-04 23:30,0.0
2025-06-04 23:45,0.002375
2025-06-05 00:00,0.004517
2025-06-05 00:15,0.000139
2025-06-05 00:30,0.004743
2025-06-05 00:45,0.0
2025-06-05 01:00,0.084888
2025-06-05 01:15,0.002259
2025-06-05 01:30,0.018069
2025-06-05 01:45,0.000229
2025-06-05 02:00,0.00011
2025-06-05 02:15,0.000727
2025-06-05 02:30,0.006394
2025-06-05 02:45,0.0
2025-06-05 03:00,0.000747
2025-06-05 03:15,0.0
2025-06-05 03:30,0.00011
2025-06-05 03:45,0.0
2025-06-05 04:00,0.0
2025-06-05 04:15,0.0
2025-06-05 04:30,0.0
2025-06-05 04:45,0.000116
2025-06-05 05:00,0.0
2025-06-05 05:15,0.004511
2025-06-05 05:30,0.000116
2025-06-05 05:45,0.0001
2025-06-05 06:00,0.0
2025-06-05 06:15,0.0
2025-06-05 06:30,0.0
2025-06-05 06:45,0.000216
2025-06-05 07:00,0.0
2025-06-05 07:15,0.0
2025-06-05 07:30,0.002423
2025-06-05 07:45,0.0
2025-06-05 08:00,0.0
2025-06-05 08:15,0.0
2025-06-05 08:30,0.0
2025-06-05 08:45,0.002252
2025-06-05 09:00,9.1e-05
2025-06-05 09:15,0.0
2025-06-05 09:30,0.0
2025-06-05 09:45,0.0
2025-06-05 10:00,0.0
2025-06-05 10:15,0.002252
2025-06-05 10:30,0.000116
2025-06-05 10:45,0.0001
2025-06-05 11:00,0.0001
2025-06-05 11:15,0.001833
2025-06-05 11:30,0.0
2025-06-05 11:45,0.0001
2025-06-05 12:00,0.027862
2025-06-05 12:15,0.0008
2025-06-05 12:30,0.000205
2025-06-05 12:45,0.006218
2025-06-05 13:00,0.00244
2025-06-05 13:15,0.0
2025-06-05 13:30,0.0
2025-06-05 13:45,0.004013
2025-06-05 14:00,0.009455
2025-06-05 14:15,0.000219
2025-06-05 14:30,0.000116
2025-06-05 14:45,0.004621
2025-06-05 15:00,0.006948
2025-06-05 15:15,0.0
2025-06-05 15:30,0.030801
2025-06-05 15:45,0.13075
2025-06-05 16:00,0.085783
2025-06-05 16:15,0.172834
2025-06-05 16:30,0.117821
2025-06-05 16:45,0.296714
2025-06-05 17:00,0.136376
2025-06-05 17:15,0.0
2025-06-05 17:30,0.0
2025-06-05 17:45,0.002606
2025-06-05 18:00,0.002478
2025-06-05 18:15,0.003269
2025-06-05 18:30,0.012744
2025-06-05 18:45,0.004439
2025-06-05 19:00,0.125004
2025-06-05 19:15,0.123751
2025-06-05 19:30,0.325981
2025-06-05 19:45,0.291829
2025-06-05 20:00,0.364782
2025-06-05 20:15,0.017565
2025-06-05 20:30,0.0001
2025-06-05 20:45,0.004625
2025-06-05 21:00,0.000464
2025-06-05 21:15,0.006732
2025-06-05 21:30,0.002484
2025-06-05 21:45,0.009151
2025-06-05 22:00,0.000262
2025-06-05 22:15,0.0
2025-06-05 22:30,0.000186
2025-06-05 22:45,0.0
2025-06-05 23:00,0.00011
2025-06-05 23:15,0.002259
2025-06-05 23:30,0.008715
2025-06-05 23:45,0.002453
2025-06-06 00:00,0.0
2025-06-06 00:15,0.0
2025-06-06 00:30,0.0
2025-06-06 00:45,0.0
2025-06-06 01:00,0.0
2025-06-06 01:15,0.004517
2025-06-06 01:30,0.006764
2025-06-06 01:45,0.0
2025-06-06 02:00,0.0
2025-06-06 02:15,0.0
2025-06-06 02:30,0.009273
2025-06-06 02:45,0.0
2025-06-06 03:00,0.002588
2025-06-06 03:15,0.002252
2025-06-06 03:30,0.0
2025-06-06 03:45,0.0
2025-06-06 04:00,0.002252
2025-06-06 04:15,0.000166
2025-06-06 04:30,0.002484
2025-06-06 04:45,0.0
2025-06-06 05:00,0.0
2025-06-06 05:15,0.0
2025-06-06 05:30,0.0
2025-06-06 05:45,0.0
2025-06-06 06:00,0.0
2025-06-06 06:15,0.000138
2025-06-06 06:30,0.0
2025-06-06 06:45,0.0001
2025-06-06 07:00,0.015726
2025-06-06 07:15,0.005385
2025-06-06 07:30,0.004865
2025-06-06 07:45,0.00218
2025-06-06 08:00,0.000257
2025-06-06 08:15,0.0
2025-06-06 08:30,0.00011
2025-06-06 08:45,0.0
2025-06-06 09:00,0.002378
2025-06-06 09:15,0.002378
2025-06-06 09:30,0.000158
2025-06-06 09:45,0.00235
2025-06-06 10:00,0.0
2025-06-06 10:15,0.0
2025-06-06 10:30,0.000216
2025-06-06 10:45,0.0
2025-06-06 11:00,0.000116
2025-06-06 11:15,0.00266
2025-06-06 11:30,0.0
2025-06-06 11:45,0.000154
2025-06-06 12:00,0.006491
2025-06-06 12:15,0.0
2025-06-06 12:30,0.004094
2025-06-06 12:45,0.003941
2025-06-06 13:00,0.002052
2025-06-06 13:15,0.00421
2025-06-06 13:30,0.004488
2025-06-06 13:45,0.004511
2025-06-06 14:00,0.002093
2025-06-06 14:15,0.140051
2025-06-06 14:30,0.010604
2025-06-06 14:45,0.003903
2025-06-06 15:00,0.004787
2025-06-06 15:15,0.006942
2025-06-06 15:30,0.045653
2025-06-06 15:45,0.093818
2025-06-06 16:00,0.109242
2025-06-06 16:15,0.215984
2025-06-06 16:30,0.145771
2025-06-06 16:45,0.421046
2025-06-06 17:00,0.127915
2025-06-06 17:15,0.010004
2025-06-06 17:30,0.00106
2025-06-06 17:45,0.000349
2025-06-06 18:00,0.010192
2025-06-06 18:15,0.004707
2025-06-06 18:30,0.003903
2025-06-06 18:45,0.008754
2025-06-06 19:00,0.086419
2025-06-06 19:15,0.142255
2025-06-06 19:30,0.289369
2025-06-06 19:45,1.0
2025-06-06 20:00,0.341737
2025-06-06 20:15,0.005371
2025-06-06 20:30,0.006618
2025-06-06 20:45,0.020275
2025-06-06 21:00,0.0
2025-06-06 21:15,0.0
2025-06-06 21:30,0.000122
2025-06-06 21:45,0.0
2025-06-06 22:00,0.001328
2025-06-06 22:15,0.006923
2025-06-06 22:30,0.00849
2025-06-06 22:45,0.0
2025-06-06 23:00,0.000226
2025-06-06 23:15,0.004517
2025-06-06 23:30,0.002259
2025-06-06 23:45,0.006857
2025-06-07 00:00,0.0
2025-06-07 00:15,0.0
2025-06-07 00:30,0.000116
2025-06-07 00:45,0.0
2025-06-07 01:00,0.0
2025-06-07 01:15,0.00011
2025-06-07 01:30,0.006776
2025-06-07 01:45,0.002368
2025-06-07 02:00,0.002259
2025-06-07 02:15,0.0
2025-06-07 02:30,0.0
2025-06-07 02:45,0.00011
2025-06-07 03:00,0.0
2025-06-07 03:15,0.0
2025-06-07 03:30,0.002635
2025-06-07 03:45,0.0
2025-06-07 04:00,0.002776
2025-06-07 04:15,0.0
2025-06-07 04:30,0.001309
2025-06-07 04:45,0.0
2025-06-07 05:00,0.0
2025-06-07 05:15,0.000144
2025-06-07 05:30,0.0
2025-06-07 05:45,0.002252
2025-06-07 06:00,0.002375
2025-06-07 06:15,0.002075
2025-06-07 06:30,0.000614
2025-06-07 06:45,0.0
2025-06-07 07:00,0.002594
2025-06-07 07:15,0.0001
2025-06-07 07:30,0.004348
2025-06-07 07:45,0.0
2025-06-07 08:00,0.0
2025-06-07 08:15,0.0
2025-06-07 08:30,0.0
2025-06-07 08:45,0.0
2025-06-07 09:00,0.0002
2025-06-07 09:15,0.002378
2025-06-07 09:30,0.0
2025-06-07 09:45,0.0
2025-06-07 10:00,0.0
2025-06-07 10:15,0.00011
2025-06-07 10:30,0.0
2025-06-07 10:45,0.002702
2025-06-07 11:00,0.0
2025-06-07 11:15,0.0
2025-06-07 11:30,0.0
2025-06-07 11:45,0.0
2025-06-07 12:00,0.002381
2025-06-07 12:15,0.0
2025-06-07 12:30,0.000293
2025-06-07 12:45,0.0
2025-06-07 13:00,0.000122
2025-06-07 13:15,0.0
2025-06-07 13:30,0.00011
2025-06-07 13:45,0.002259
2025-06-07 14:00,0.0
2025-06-07 14:15,0.0
2025-06-07 14:30,0.002259
2025-06-07 14:45,0.008049
2025-06-07 15:00,0.000241
2025-06-07 15:15,0.0
2025-06-07 15:30,0.05902
2025-06-07 15:45,0.105538
2025-06-07 16:00,0.090999
2025-06-07 16:15,0.153496
2025-06-07 16:30,0.154176
2025-06-07 16:45,0.30929
2025-06-07 17:00,0.104535
2025-06-07 17:15,0.0
2025-06-07 17:30,0.002252
2025-06-07 17:45,0.002519
2025-06-07 18:00,0.0
2025-06-07 18:15,0.003167
2025-06-07 18:30,0.0
2025-06-07 18:45,0.000216
2025-06-07 19:00,0.100594
2025-06-07 19:15,0.100068
2025-06-07 19:30,0.216893
2025-06-07 19:45,0.225898
2025-06-07 20:00,0.280162
2025-06-07 20:15,0.000128
2025-06-07 20:30,0.004517
2025-06-07 20:45,0.002259
2025-06-07 21:00,0.004361
2025-06-07 21:15,0.0
2025-06-07 21:30,0.0
2025-06-07 21:45,0.0
2025-06-07 22:00,0.0
2025-06-07 22:15,0.0
2025-06-07 22:30,0.000758
2025-06-07 22:45,0.0
2025-06-07 23:00,0.000601
2025-06-07 23:15,0.000122
2025-06-07 23:30,0.0
2025-06-07 23:45,0.00037
2025-06-08 00:00,0.0
2025-06-08 00:15,0.002198
2025-06-08 00:30,0.0
2025-06-08 00:45,0.00011
2025-06-08 01:00,0.0
2025-06-08 01:15,0.004517
2025-06-08 01:30,0.002556
2025-06-08 01:45,0.000401
2025-06-08 02:00,0.000152
2025-06-08 02:15,0.0
2025-06-08 02:30,0.0
2025-06-08 02:45,0.002234
2025-06-08 03:00,0.000551
2025-06-08 03:15,0.000244
2025-06-08 03:30,0.0
2025-06-08 03:45,0.000116
2025-06-08 04:00,0.00011
2025-06-08 04:15,0.000326
2025-06-08 04:30,0.000186
2025-06-08 04:45,0.000219
2025-06-08 05:00,0.0
2025-06-08 05:15,0.0
2025-06-08 05:30,0.0
2025-06-08 05:45,0.00011
2025-06-08 06:00,0.0
2025-06-08 06:15,0.003126
2025-06-08 06:30,0.0
2025-06-08 06:45,0.0
2025-06-08 07:00,0.005584
2025-06-08 07:15,0.002503
2025-06-08 07:30,0.0
2025-06-08 07:45,0.0
2025-06-08 08:00,0.0
2025-06-08 08:15,0.002259
2025-06-08 08:30,0.002259
2025-06-08 08:45,0.000376
2025-06-08 09:00,0.004755
2025-06-08 09:15,0.002252
2025-06-08 09:30,0.000243
2025-06-08 09:45,0.0
2025-06-08 10:00,0.0
2025-06-08 10:15,0.0
2025-06-08 10:30,0.0
2025-06-08 10:45,0.0
2025-06-08 11:00,0.0
2025-06-08 11:15,0.000407
2025-06-08 11:30,0.002641
2025-06-08 11:45,0.002171
2025-06-08 12:00,0.0
2025-06-08 12:15,0.0
2025-06-08 12:30,0.0
2025-06-08 12:45,0.0
2025-06-08 13:00,0.0
2025-06-08 13:15,0.003607
2025-06-08 13:30,0.000401
2025-06-08 13:45,0.0001
2025-06-08 14:00,0.002259
2025-06-08 14:15,0.0
2025-06-08 14:30,9.1e-05
2025-06-08 14:45,0.003903
2025-06-08 15:00,0.0
2025-06-08 15:15,0.004517
2025-06-08 15:30,0.063019
2025-06-08 15:45,0.098978
2025-06-08 16:00,0.117682
2025-06-08 16:15,0.205991
2025-06-08 16:30,0.195147
2025-06-08 16:45,0.223384
2025-06-08 17:00,0.104673
2025-06-08 17:15,0.002252
2025-06-08 17:30,0.002252
2025-06-08 17:45,0.000116
2025-06-08 18:00,0.002259
2025-06-08 18:15,0.004386
2025-06-08 18:30,0.000401
2025-06-08 18:45,0.000866
2025-06-08 19:00,0.117276
2025-06-08 19:15,0.105088
2025-06-08 19:30,0.257621
2025-06-08 19:45,0.19341
2025-06-08 20:00,0.347108
2025-06-08 20:15,0.006757
2025-06-08 20:30,0.0
2025-06-08 20:45,0.0
2025-06-08 21:00,0.0
2025-06-08 21:15,0.0
2025-06-08 21:30,0.0
2025-06-08 21:45,0.0
2025-06-08 22:00,0.0
2025-06-08 22:15,0.000348
2025-06-08 22:30,0.0
2025-06-08 22:45,0.004755
2025-06-08 23:00,0.000896
2025-06-08 23:15,0.0
2025-06-08 23:30,0.0
2025-06-08 23:45,0.004505
2025-06-09 00:00,0.0
2025-06-09 00:15,0.0
2025-06-09 00:30,0.0001
2025-06-09 00:45,0.0
2025-06-09 01:00,0.000186
2025-06-09 01:15,0.006375
2025-06-09 01:30,0.009329
2025-06-09 01:45,0.000232
2025-06-09 02:00,0.007071
2025-06-09 02:15,0.0
2025-06-09 02:30,0.0
2025-06-09 02:45,0.000274
2025-06-09 03:00,0.002252
2025-06-09 03:15,0.000219
2025-06-09 03:30,0.00011
2025-06-09 03:45,0.0
2025-06-09 04:00,0.000241
2025-06-09 04:15,0.00021
2025-06-09 04:30,0.0
2025-06-09 04:45,0.0
2025-06-09 05:00,0.0
2025-06-09 05:15,0.002606
2025-06-09 05:30,0.000116
2025-06-09 05:45,0.00011
2025-06-09 06:00,0.002252
2025-06-09 06:15,0.0
2025-06-09 06:30,0.001156
2025-06-09 06:45,0.002572
2025-06-09 07:00,0.007113
2025-06-09 07:15,0.0001
2025-06-09 07:30,0.0001
2025-06-09 07:45,0.0
2025-06-09 08:00,9.1e-05
2025-06-09 08:15,0.002252
2025-06-09 08:30,0.0
2025-06-09 08:45,0.0
2025-06-09 09:00,0.0
2025-06-09 09:15,0.0
2025-06-09 09:30,0.0
2025-06-09 09:45,0.0
2025-06-09 10:00,0.0
2025-06-09 10:15,0.0001
2025-06-09 10:30,0.0001
2025-06-09 10:45,0.0001
2025-06-09 11:00,0.002259
2025-06-09 11:15,0.0
2025-06-09 11:30,0.0
2025-06-09 11:45,0.005297
2025-06-09 12:00,0.003042
2025-06-09 12:15,0.0
2025-06-09 12:30,0.00197
2025-06-09 12:45,0.018781
2025-06-09 13:00,0.004304
2025-06-09 13:15,0.002259
2025-06-09 13:30,0.005882
2025-06-09 13:45,0.000612
2025-06-09 14:00,0.009708
2025-06-09 14:15,0.000832
2025-06-09 14:30,0.0002
2025-06-09 14:45,0.004256
2025-06-09 15:00,0.003253
2025-06-09 15:15,0.008421
2025-06-09 15:30,0.063011
2025-06-09 15:45,0.093187
2025-06-09 16:00,0.159724
2025-06-09 16:15,0.191889
2025-06-09 16:30,0.161372
2025-06-09 16:45,0.291119
2025-06-09 17:00,0.095338
2025-06-09 17:15,0.003903
2025-06-09 17:30,0.0
2025-06-09 17:45,0.0
2025-06-09 18:00,0.045841
2025-06-09 18:15,0.003903
2025-06-09 18:30,0.00104
2025-06-09 18:45,0.0
2025-06-09 19:00,0.103135
2025-06-09 19:15,0.102928
2025-06-09 19:30,0.271844
2025-06-09 19:45,0.14418
2025-06-09 20:00,0.371586
2025-06-09 20:15,0.004951
2025-06-09 20:30,0.0
2025-06-09 20:45,0.0
2025-06-09 21:00,0.00901
2025-06-09 21:15,0.009191
2025-06-09 21:30,0.01171
2025-06-09 21:45,0.0
2025-06-09 22:00,0.004517
2025-06-09 22:15,0.002259
2025-06-09 22:30,0.002259
2025-06-09 22:45,0.004517
2025-06-09 23:00,0.002776
2025-06-09 23:15,0.000363
2025-06-09 23:30,0.0
2025-06-09 23:45,0.000373
2025-06-10 00:00,0.004657
2025-06-10 00:15,0.005936
2025-06-10 00:30,0.0
2025-06-10 00:45,0.000164
2025-06-10 01:00,0.0
2025-06-10 01:15,0.006776
2025-06-10 01:30,0.006995
2025-06-10 01:45,0.00011
2025-06-10 02:00,0.0
2025-06-10 02:15,0.0
2025-06-10 02:30,0.002259
2025-06-10 02:45,0.0001
2025-06-10 03:00,0.002462
2025-06-10 03:15,0.0
2025-06-10 03:30,0.0
2025-06-10 03:45,0.0
2025-06-10 04:00,0.001781
2025-06-10 04:15,0.004517
2025-06-10 04:30,0.002259
2025-06-10 04:45,0.002259
2025-06-10 05:00,0.002259
2025-06-10 05:15,0.0002
2025-06-10 05:30,0.0
2025-06-10 05:45,0.0
2025-06-10 06:00,0.002252
2025-06-10 06:15,0.0
2025-06-10 06:30,0.000144
2025-06-10 06:45,0.0
2025-06-10 07:00,0.002478
2025-06-10 07:15,0.002378
2025-06-10 07:30,0.000164
2025-06-10 07:45,0.0
2025-06-10 08:00,0.00011
2025-06-10 08:15,0.0
2025-06-10 08:30,0.0
2025-06-10 08:45,0.003903
2025-06-10 09:00,0.000116
2025-06-10 09:15,0.0
2025-06-10 09:30,0.004755
2025-06-10 09:45,0.0
2025-06-10 10:00,0.002368
2025-06-10 10:15,0.0
2025-06-10 10:30,0.0
2025-06-10 10:45,0.0
2025-06-10 11:00,0.0
2025-06-10 11:15,0.004517
2025-06-10 11:30,0.00132
2025-06-10 11:45,0.00218
2025-06-10 12:00,0.0
2025-06-10 12:15,0.004699
2025-06-10 12:30,0.004881
2025-06-10 12:45,0.024943
2025-06-10 13:00,0.0
2025-06-10 13:15,0.00646
2025-06-10 13:30,0.005586
2025-06-10 13:45,0.011691
2025-06-10 14:00,0.072322
2025-06-10 14:15,0.021487
2025-06-10 14:30,0.004129
2025-06-10 14:45,0.006818
2025-06-10 15:00,0.004013
2025-06-10 15:15,0.0
2025-06-10 15:30,0.038205
2025-06-10 15:45,0.113022
2025-06-10 16:00,0.135348
2025-06-10 16:15,0.193418
2025-06-10 16:30,0.200127
2025-06-10 16:45,0.292964
2025-06-10 17:00,0.097488
2025-06-10 17:15,0.002935
2025-06-10 17:30,0.084727
2025-06-10 17:45,0.0
2025-06-10 18:00,0.002975
2025-06-10 18:15,0.007421
2025-06-10 18:30,0.013374
2025-06-10 18:45,0.00629
2025-06-10 19:00,0.089104
2025-06-10 19:15,0.1259
2025-06-10 19:30,0.348394
2025-06-10 19:45,0.264963
2025-06-10 20:00,0.417284
2025-06-10 20:15,0.049318
2025-06-10 20:30,0.00512
2025-06-10 20:45,0.004762
2025-06-10 21:00,0.000207
2025-06-10 21:15,0.0
2025-06-10 21:30,0.0
2025-06-10 21:45,0.035232
2025-06-10 22:00,0.0
2025-06-10 22:15,0.000116
2025-06-10 22:30,0.002259
2025-06-10 22:45,0.0
2025-06-10 23:00,0.000877
2025-06-10 23:15,0.002467
2025-06-10 23:30,0.027468
2025-06-10 23:45,0.061194
2025-06-11 00:00,0.002259
2025-06-11 00:00,0.004938
2025-06-11 00:15,0.0
2025-06-11 00:30,0.001198
2025-06-11 00:45,0.0
2025-06-11 01:00,0.004938
2025-06-11 01:15,0.0
2025-06-11 01:30,0.010115
2025-06-11 01:45,0.000507
2025-06-11 02:00,0.0
2025-06-11 02:15,0.0
2025-06-11 02:30,0.010396
2025-06-11 02:45,0.004109
2025-06-11 03:00,0.005493
2025-06-11 03:15,0.0
2025-06-11 03:30,0.0
2025-06-11 03:45,0.0
2025-06-11 04:00,0.009876
2025-06-11 04:15,0.0
2025-06-11 04:30,0.000479
2025-06-11 04:45,0.0
2025-06-11 05:00,0.002212
2025-06-11 05:15,0.001709
2025-06-11 05:30,0.000822
2025-06-11 05:45,0.0
2025-06-11 06:00,0.004938
2025-06-11 06:15,0.0
2025-06-11 06:30,0.004924
2025-06-11 06:45,0.049898
2025-06-11 07:00,0.010184
2025-06-11 07:15,0.000346
2025-06-11 07:30,0.0
2025-06-11 07:45,0.0
2025-06-11 08:00,0.0
2025-06-11 08:15,0.0
2025-06-11 08:30,0.0
2025-06-11 08:45,0.0
2025-06-11 09:00,0.00024
2025-06-11 09:15,0.0
2025-06-11 09:30,0.010122
2025-06-11 09:45,0.005174
2025-06-11 10:00,0.0
2025-06-11 10:15,0.000959
2025-06-11 10:30,0.00052
2025-06-11 10:45,0.001068
2025-06-11 11:00,0.002983
2025-06-11 11:15,0.0
2025-06-11 11:30,0.008752
2025-06-11 11:45,0.000336
2025-06-11 12:00,0.0
2025-06-11 12:15,0.006575
2025-06-11 12:30,0.010889
2025-06-11 12:45,0.000332
2025-06-11 13:00,0.008752
2025-06-11 13:15,0.005136
2025-06-11 13:30,0.005287
2025-06-11 13:45,0.013608
2025-06-11 14:00,0.042803
2025-06-11 14:15,0.018566
2025-06-11 14:30,0.000709
2025-06-11 14:45,0.000616
2025-06-11 15:00,0.024501
2025-06-11 15:15,0.0
2025-06-11 15:30,0.080265
2025-06-11 15:45,0.259806
2025-06-11 16:00,0.16794
2025-06-11 16:15,0.483079
2025-06-11 16:30,0.298014
2025-06-11 16:45,0.458208
2025-06-11 17:00,0.316697
2025-06-11 17:15,0.000253
2025-06-11 17:30,0.014553
2025-06-11 17:45,0.005616
2025-06-11 18:00,0.000253
2025-06-11 18:15,0.011701
2025-06-11 18:30,0.008533
2025-06-11 18:45,0.000325
2025-06-11 19:00,0.264997
2025-06-11 19:15,0.345632
2025-06-11 19:30,0.755038
2025-06-11 19:45,0.518965
2025-06-11 20:00,0.777789
2025-06-11 20:15,0.020142
2025-06-11 20:30,0.025408
2025-06-11 20:45,0.00024
2025-06-11 21:00,0.005335
2025-06-11 21:15,0.004284
2025-06-11 21:30,0.008533
2025-06-11 21:45,0.0
2025-06-11 22:00,0.0
2025-06-11 22:15,0.004938
2025-06-11 22:30,0.014813
2025-06-11 22:45,0.0
2025-06-11 23:00,0.004938
2025-06-11 23:15,0.005472
2025-06-11 23:30,0.0
2025-06-11 23:45,0.000305
2025-06-12 00:00,0.000493
2025-06-12 00:15,0.0
2025-06-12 00:30,0.005732
2025-06-12 00:45,0.000274
2025-06-12 01:00,0.31593
2025-06-12 01:15,0.009225
2025-06-12 01:30,0.029545
2025-06-12 01:45,0.0
2025-06-12 02:00,0.0
2025-06-12 02:15,0.0
2025-06-12 02:30,0.0
2025-06-12 02:45,0.0
2025-06-12 03:00,0.0
2025-06-12 03:15,0.004938
2025-06-12 03:30,0.0
2025-06-12 03:45,0.0
2025-06-12 04:00,0.0
2025-06-12 04:15,0.0
2025-06-12 04:30,0.0
2025-06-12 04:45,0.000253
2025-06-12 05:00,0.0
2025-06-12 05:15,0.000253
2025-06-12 05:30,0.0
2025-06-12 05:45,0.00024
2025-06-12 06:00,0.005253
2025-06-12 06:15,0.000253
2025-06-12 06:30,0.0
2025-06-12 06:45,0.0
2025-06-12 07:00,0.008615
2025-06-12 07:15,0.005417
2025-06-12 07:30,0.01319
2025-06-12 07:45,0.00036
2025-06-12 08:00,0.0
2025-06-12 08:15,0.0
2025-06-12 08:30,0.0
2025-06-12 08:45,0.0
2025-06-12 09:00,0.0
2025-06-12 09:15,0.004767
2025-06-12 09:30,0.0
2025-06-12 09:45,0.0
2025-06-12 10:00,0.0
2025-06-12 10:15,0.0
2025-06-12 10:30,0.000318
2025-06-12 10:45,0.0
2025-06-12 11:00,0.000199
2025-06-12 11:15,0.0
2025-06-12 11:30,0.0
2025-06-12 11:45,0.077498
2025-06-12 12:00,0.006794
2025-06-12 12:15,0.008828
2025-06-12 12:30,0.001476
2025-06-12 12:45,0.008814
2025-06-12 13:00,0.000455
2025-06-12 13:15,0.010701
2025-06-12 13:30,0.037181
2025-06-12 13:45,0.003106
2025-06-12 14:00,0.0
2025-06-12 14:15,0.005177
2025-06-12 14:30,0.013731
2025-06-12 14:45,0.001089
2025-06-12 15:00,0.020491
2025-06-12 15:15,0.004924
2025-06-12 15:30,0.155462
2025-06-12 15:45,0.216616
2025-06-12 16:00,0.223577
2025-06-12 16:15,0.334945
2025-06-12 16:30,0.461136
2025-06-12 16:45,0.487661
2025-06-12 17:00,0.229412
2025-06-12 17:15,0.024936
2025-06-12 17:30,0.014991
2025-06-12 17:45,0.013005
2025-06-12 18:00,0.009225
2025-06-12 18:15,0.005136
2025-06-12 18:30,0.01417
2025-06-12 18:45,0.0
2025-06-12 19:00,0.001335
2025-06-12 19:15,0.003089
2025-06-12 19:30,0.026405
2025-06-12 19:45,0.000199
2025-06-12 20:00,0.510781
2025-06-12 20:15,0.006979
2025-06-12 20:30,0.001068
2025-06-12 20:45,0.0
2025-06-12 21:00,0.000219
2025-06-12 21:15,0.004938
2025-06-12 21:30,0.0
2025-06-12 21:45,0.000199
2025-06-12 22:00,0.0
2025-06-12 22:15,0.0
2025-06-12 22:30,0.009862
2025-06-12 22:45,0.012327
2025-06-12 23:00,0.0
2025-06-12 23:15,0.000219
2025-06-12 23:30,0.000339
2025-06-12 23:45,0.009848
2025-06-13 00:00,0.0
2025-06-13 00:15,0.010273
2025-06-13 00:30,0.00036
2025-06-13 00:45,0.0
2025-06-13 01:00,0.005273
2025-06-13 01:15,0.001558
2025-06-13 01:30,0.029846
2025-06-13 01:45,0.000199
2025-06-13 02:00,0.001024
2025-06-13 02:15,0.005177
2025-06-13 02:30,0.0
2025-06-13 02:45,0.000493
2025-06-13 03:00,0.001431
2025-06-13 03:15,0.0
2025-06-13 03:30,0.0
2025-06-13 03:45,0.0
2025-06-13 04:00,0.005143
2025-06-13 04:15,0.004938
2025-06-13 04:30,0.0
2025-06-13 04:45,0.004883
2025-06-13 05:00,0.0
2025-06-13 05:15,0.014991
2025-06-13 05:30,0.000219
2025-06-13 05:45,0.007592
2025-06-13 06:00,0.0
2025-06-13 06:15,0.00378
2025-06-13 06:30,0.000219
2025-06-13 06:45,0.002609
2025-06-13 07:00,0.005722
2025-06-13 07:15,0.010396
2025-06-13 07:30,0.0
2025-06-13 07:45,0.0
2025-06-13 08:00,0.0
2025-06-13 08:15,0.0
2025-06-13 08:30,0.0
2025-06-13 08:45,0.0
2025-06-13 09:00,0.000473
2025-06-13 09:15,0.000199
2025-06-13 09:30,0.00024
2025-06-13 09:45,0.000305
2025-06-13 10:00,0.019696
2025-06-13 10:15,0.0
2025-06-13 10:30,0.002161
2025-06-13 10:45,0.000305
2025-06-13 11:00,0.024542
2025-06-13 11:15,0.0
2025-06-13 11:30,0.009876
2025-06-13 11:45,0.004938
2025-06-13 12:00,0.000976
2025-06-13 12:15,0.011756
2025-06-13 12:30,0.001335
2025-06-13 12:45,0.0
2025-06-13 13:00,0.0
2025-06-13 13:15,0.00325
2025-06-13 13:30,0.017567
2025-06-13 13:45,0.02625
2025-06-13 14:00,0.003102
2025-06-13 14:15,0.025477
2025-06-13 14:30,0.057387
2025-06-13 14:45,0.000627
2025-06-13 15:00,0.0
2025-06-13 15:15,0.022641
2025-06-13 15:30,0.112652
2025-06-13 15:45,0.168662
2025-06-13 16:00,0.243476
2025-06-13 16:15,0.474131
2025-06-13 16:30,0.363682
2025-06-13 16:45,0.517623
2025-06-13 17:00,0.303466
2025-06-13 17:15,0.000219
2025-06-13 17:30,0.024634
2025-06-13 17:45,0.006955
2025-06-13 18:00,0.00087
2025-06-13 18:15,0.010776
2025-06-13 18:30,0.008615
2025-06-13 18:45,0.019696
2025-06-13 19:00,0.28353
2025-06-13 19:15,0.244311
2025-06-13 19:30,0.624649
2025-06-13 19:45,0.607938
2025-06-13 20:00,0.651837
2025-06-13 20:15,0.030065
2025-06-13 20:30,0.094352
2025-06-13 20:45,0.022477
2025-06-13 21:00,0.0
2025-06-13 21:15,0.009876
2025-06-13 21:30,0.004938
2025-06-13 21:45,0.004924
2025-06-13 22:00,0.010201
2025-06-13 22:15,0.0
2025-06-13 22:30,0.004938
2025-06-13 22:45,0.0
2025-06-13 23:00,0.004938
2025-06-13 23:15,0.005136
2025-06-13 23:30,0.0
2025-06-13 23:45,0.025545
2025-06-14 00:00,0.009862
2025-06-14 00:15,0.001205
2025-06-14 00:30,0.005273
2025-06-14 00:45,0.0
2025-06-14 01:00,0.000353
2025-06-14 01:15,0.000253
2025-06-14 01:30,0.009876
2025-06-14 01:45,0.0
2025-06-14 02:00,0.0
2025-06-14 02:15,0.0
2025-06-14 02:30,0.0
2025-06-14 02:45,0.00024
2025-06-14 03:00,0.000623
2025-06-14 03:15,0.000411
2025-06-14 03:30,0.0
2025-06-14 03:45,0.0
2025-06-14 04:00,0.005191
2025-06-14 04:15,0.0
2025-06-14 04:30,0.0
2025-06-14 04:45,0.0
2025-06-14 05:00,0.0
2025-06-14 05:15,0.004924
2025-06-14 05:30,0.004924
2025-06-14 05:45,0.0
2025-06-14 06:00,0.0
2025-06-14 06:15,0.003044
2025-06-14 06:30,0.0
2025-06-14 06:45,0.000363
2025-06-14 07:00,0.0
2025-06-14 07:15,0.0
2025-06-14 07:30,0.0
2025-06-14 07:45,0.0
2025-06-14 08:00,0.0
2025-06-14 08:15,0.0
2025-06-14 08:30,0.0
2025-06-14 08:45,0.0
2025-06-14 09:00,0.0
2025-06-14 09:15,0.00024
2025-06-14 09:30,0.002753
2025-06-14 09:45,0.000445
2025-06-14 10:00,0.0
2025-06-14 10:15,0.0
2025-06-14 10:30,0.0
2025-06-14 10:45,0.0
2025-06-14 11:00,0.000253
2025-06-14 11:15,0.0
2025-06-14 11:30,0.0
2025-06-14 11:45,0.0
2025-06-14 12:00,0.004767
2025-06-14 12:15,0.0
2025-06-14 12:30,0.0
2025-06-14 12:45,0.0
2025-06-14 13:00,0.0
2025-06-14 13:15,0.004938
2025-06-14 13:30,0.0
2025-06-14 13:45,0.000438
2025-06-14 14:00,0.005376
2025-06-14 14:15,0.00075
2025-06-14 14:30,0.00024
2025-06-14 14:45,0.004938
2025-06-14 15:00,0.004938
2025-06-14 15:15,0.0
2025-06-14 15:30,0.17072
2025-06-14 15:45,0.193416
2025-06-14 16:00,0.207497
2025-06-14 16:15,0.503703
2025-06-14 16:30,0.292419
2025-06-14 16:45,0.583561
2025-06-14 17:00,0.320317
2025-06-14 17:15,0.0
2025-06-14 17:30,0.002243
2025-06-14 17:45,0.004924
2025-06-14 18:00,0.0
2025-06-14 18:15,0.004938
2025-06-14 18:30,0.004938
2025-06-14 18:45,0.033328
2025-06-14 19:00,0.156366
2025-06-14 19:15,0.270702
2025-06-14 19:30,0.618228
2025-06-14 19:45,0.533566
2025-06-14 20:00,0.709663
2025-06-14 20:15,0.029983
2025-06-14 20:30,0.000438
2025-06-14 20:45,0.009876
2025-06-14 21:00,0.004938
2025-06-14 21:15,0.0
2025-06-14 21:30,0.009389
2025-06-14 21:45,0.010129
2025-06-14 22:00,0.0
2025-06-14 22:15,0.000219
2025-06-14 22:30,0.0
2025-06-14 22:45,0.0
2025-06-14 23:00,0.001921
2025-06-14 23:15,0.0
2025-06-14 23:30,0.0
2025-06-14 23:45,0.0
2025-06-15 00:00,0.009848
2025-06-15 00:15,0.0
2025-06-15 00:30,0.004938
2025-06-15 00:45,0.0
2025-06-15 01:00,0.00024
2025-06-15 01:15,0.0
2025-06-15 01:30,0.015293
2025-06-15 01:45,0.00237
2025-06-15 02:00,0.0
2025-06-15 02:15,0.0
2025-06-15 02:30,0.0
2025-06-15 02:45,0.00024
2025-06-15 03:00,0.0
2025-06-15 03:15,0.0
2025-06-15 03:30,0.0
2025-06-15 03:45,0.0
2025-06-15 04:00,0.0
2025-06-15 04:15,0.0
2025-06-15 04:30,0.0
2025-06-15 04:45,0.0
2025-06-15 05:00,0.000253
2025-06-15 05:15,0.000322
2025-06-15 05:30,0.000219
2025-06-15 05:45,0.0
2025-06-15 06:00,0.0
2025-06-15 06:15,0.0
2025-06-15 06:30,0.0
2025-06-15 06:45,0.0
2025-06-15 07:00,0.005417
2025-06-15 07:15,0.015491
2025-06-15 07:30,0.005198
2025-06-15 07:45,0.0
2025-06-15 08:00,0.0
2025-06-15 08:15,0.004924
2025-06-15 08:30,0.0
2025-06-15 08:45,0.0
2025-06-15 09:00,0.0
2025-06-15 09:15,0.0
2025-06-15 09:30,0.000623
2025-06-15 09:45,0.0
2025-06-15 10:00,0.005243
2025-06-15 10:15,0.0
2025-06-15 10:30,0.0
2025-06-15 10:45,0.0
2025-06-15 11:00,0.0
2025-06-15 11:15,0.0
2025-06-15 11:30,0.0
2025-06-15 11:45,0.001904
2025-06-15 12:00,0.0
2025-06-15 12:15,0.0
2025-06-15 12:30,0.004938
2025-06-15 12:45,0.00189
2025-06-15 13:00,0.0
2025-06-15 13:15,0.0
2025-06-15 13:30,0.0
2025-06-15 13:45,0.0
2025-06-15 14:00,0.000562
2025-06-15 14:15,0.0
2025-06-15 14:30,0.002198
2025-06-15 14:45,0.0
2025-06-15 15:00,0.0
2025-06-15 15:15,0.0
2025-06-15 15:30,0.125438
2025-06-15 15:45,0.211825
2025-06-15 16:00,0.278469
2025-06-15 16:15,0.445676
2025-06-15 16:30,0.50382
2025-06-15 16:45,0.606068
2025-06-15 17:00,0.284132
2025-06-15 17:15,0.007948
2025-06-15 17:30,0.0
2025-06-15 17:45,0.0
2025-06-15 18:00,0.0
2025-06-15 18:15,0.0
2025-06-15 18:30,0.0
2025-06-15 18:45,0.001555
2025-06-15 19:00,0.258546
2025-06-15 19:15,0.306527
2025-06-15 19:30,0.749244
2025-06-15 19:45,0.581797
2025-06-15 20:00,1.0
2025-06-15 20:15,0.0
2025-06-15 20:30,0.004924
2025-06-15 20:45,0.004938
2025-06-15 21:00,0.0
2025-06-15 21:15,0.008629
2025-06-15 21:30,0.004938
2025-06-15 21:45,0.0
2025-06-15 22:00,0.004938
2025-06-15 22:15,0.005362
2025-06-15 22:30,0.0
2025-06-15 22:45,0.0
2025-06-15 23:00,0.0
2025-06-15 23:15,0.0
2025-06-15 23:30,0.0
2025-06-15 23:45,0.000438
2025-06-16 00:00,0.010067
2025-06-16 00:15,0.0
2025-06-16 00:30,0.001068
2025-06-16 00:45,0.0
2025-06-16 01:00,0.0
2025-06-16 01:15,0.0
2025-06-16 01:30,0.024689
2025-06-16 01:45,0.0
2025-06-16 02:00,0.0
2025-06-16 02:15,0.0
2025-06-16 02:30,0.004938
2025-06-16 02:45,0.0
2025-06-16 03:00,0.00024
2025-06-16 03:15,0.0
2025-06-16 03:30,0.0
2025-06-16 03:45,0.0
2025-06-16 04:00,0.0
2025-06-16 04:15,0.000336
2025-06-16 04:30,0.0
2025-06-16 04:45,0.000346
2025-06-16 05:00,0.0
2025-06-16 05:15,0.000219
2025-06-16 05:30,0.004938
2025-06-16 05:45,0.004924
2025-06-16 06:00,0.0
2025-06-16 06:15,0.00024
2025-06-16 06:30,0.0
2025-06-16 06:45,0.0
2025-06-16 07:00,0.0
2025-06-16 07:15,0.0
2025-06-16 07:30,0.010331
2025-06-16 07:45,0.0
2025-06-16 08:00,0.000644
2025-06-16 08:15,0.00036
2025-06-16 08:30,0.0
2025-06-16 08:45,0.003027
2025-06-16 09:00,0.0
2025-06-16 09:15,0.0
2025-06-16 09:30,0.0
2025-06-16 09:45,0.004821
2025-06-16 10:00,0.0
2025-06-16 10:15,0.0
2025-06-16 10:30,0.0
2025-06-16 10:45,0.000219
2025-06-16 11:00,0.0
2025-06-16 11:15,0.0
2025-06-16 11:30,0.0
2025-06-16 11:45,0.012663
2025-06-16 12:00,0.0
2025-06-16 12:15,0.00451
2025-06-16 12:30,0.000277
2025-06-16 12:45,0.000332
2025-06-16 13:00,0.000332
2025-06-16 13:15,0.0
2025-06-16 13:30,0.000253
2025-06-16 13:45,0.002544
2025-06-16 14:00,0.01494
2025-06-16 14:15,0.009958
2025-06-16 14:30,0.004938
2025-06-16 14:45,0.000801
2025-06-16 15:00,0.004308
2025-06-16 15:15,0.03503
2025-06-16 15:30,0.169234
2025-06-16 15:45,0.198238
2025-06-16 16:00,0.438009
2025-06-16 16:15,0.488794
2025-06-16 16:30,0.414802
2025-06-16 16:45,0.463742
2025-06-16 17:00,0.327751
2025-06-16 17:15,0.017046
2025-06-16 17:30,0.004308
2025-06-16 17:45,0.07995
2025-06-16 18:00,0.004267
2025-06-16 18:15,0.00089
2025-06-16 18:30,0.009828
2025-06-16 18:45,0.001476
2025-06-16 19:00,0.221338
2025-06-16 19:15,0.39979
2025-06-16 19:30,0.49114
2025-06-16 19:45,0.473803
2025-06-16 20:00,0.82577
2025-06-16 20:15,0.014334
2025-06-16 20:30,0.02486
2025-06-16 20:45,0.017067
2025-06-16 21:00,0.005143
2025-06-16 21:15,0.0
2025-06-16 21:30,0.009876
2025-06-16 21:45,0.0
2025-06-16 22:00,0.0148
2025-06-16 22:15,0.004938
2025-06-16 22:30,0.000455
2025-06-16 22:45,0.000397
2025-06-16 23:00,0.019655
2025-06-16 23:15,0.000678
2025-06-16 23:30,0.002072
2025-06-16 23:45,0.009862
2025-06-17 00:00,0.020104
2025-06-17 00:15,0.005965
2025-06-17 00:30,0.000219
2025-06-17 00:45,0.004452
2025-06-17 01:00,0.009246
2025-06-17 01:15,0.0
2025-06-17 01:30,0.019936
2025-06-17 01:45,0.004938
2025-06-17 02:00,0.0
2025-06-17 02:15,0.004537
2025-06-17 02:30,0.000219
2025-06-17 02:45,0.00036
2025-06-17 03:00,0.000438
2025-06-17 03:15,0.0
2025-06-17 03:30,0.000822
2025-06-17 03:45,0.0
2025-06-17 04:00,0.0
2025-06-17 04:15,0.004924
2025-06-17 04:30,0.001229
2025-06-17 04:45,0.004938
2025-06-17 05:00,0.001205
2025-06-17 05:15,0.0
2025-06-17 05:30,0.0
2025-06-17 05:45,0.0
2025-06-17 06:00,0.014813
2025-06-17 06:15,0.0
2025-06-17 06:30,0.000671
2025-06-17 06:45,0.000199
2025-06-17 07:00,0.029764
2025-06-17 07:15,0.000336
2025-06-17 07:30,0.000473
2025-06-17 07:45,0.000199
2025-06-17 08:00,0.0
2025-06-17 08:15,0.003602
2025-06-17 08:30,0.000199
2025-06-17 08:45,0.002109
2025-06-17 09:00,0.0
2025-06-17 09:15,0.001794
2025-06-17 09:30,0.000407
2025-06-17 09:45,0.000253
2025-06-17 10:00,0.0
2025-06-17 10:15,0.000199
2025-06-17 10:30,0.00138
2025-06-17 10:45,0.000637
2025-06-17 11:00,0.000267
2025-06-17 11:15,0.000692
2025-06-17 11:30,0.005294
2025-06-17 11:45,0.0
2025-06-17 12:00,0.000818
2025-06-17 12:15,0.000219
2025-06-17 12:30,0.024603
2025-06-17 12:45,0.004267
2025-06-17 13:00,0.010725
2025-06-17 13:15,0.014622
2025-06-17 13:30,0.000199
2025-06-17 13:45,0.0
2025-06-17 14:00,0.0
2025-06-17 14:15,0.007999
2025-06-17 14:30,0.011211
2025-06-17 14:45,0.048426
2025-06-17 15:00,0.00513
2025-06-17 15:15,0.020515
2025-06-17 15:30,0.128325
2025-06-17 15:45,0.233843
2025-06-17 16:00,0.327737
2025-06-17 16:15,0.340688
2025-06-17 16:30,0.521736
2025-06-17 16:45,0.556307
2025-06-17 17:00,0.184938
2025-06-17 17:15,0.020248
2025-06-17 17:30,0.001496
2025-06-17 17:45,0.275592
2025-06-17 18:00,0.010701
2025-06-17 18:15,0.005136
2025-06-17 18:30,0.040434
2025-06-17 18:45,0.006575
2025-06-17 19:00,0.213089
2025-06-17 19:15,0.338804
2025-06-17 19:30,0.579524
2025-06-17 19:45,0.485363
2025-06-17 20:00,0.572973
2025-06-17 20:15,0.013683
2025-06-17 20:30,0.164978
2025-06-17 20:45,0.001479
2025-06-17 21:00,0.0
2025-06-17 21:15,0.009742
2025-06-17 21:30,0.000253
2025-06-17 21:45,0.004267
2025-06-17 22:00,0.06489
2025-06-17 22:15,0.009204
2025-06-17 22:30,0.016471
2025-06-17 22:45,0.0
2025-06-17 23:00,0.004859
2025-06-17 23:15,0.008615
2025-06-17 23:30,0.0
2025-06-17 23:45,0.022696
2025-06-18 00:00,0.288967
2025-06-18 00:00,0.123712
2025-06-18 00:15,0.002114
2025-06-18 00:30,0.0
2025-06-18 00:45,0.0038
2025-06-18 01:00,0.000603
2025-06-18 01:15,0.002114
2025-06-18 01:30,0.002222
2025-06-18 01:45,0.000205
2025-06-18 02:00,0.000136
2025-06-18 02:15,8.5e-05
2025-06-18 02:30,0.0
2025-06-18 02:45,0.004199
2025-06-18 03:00,0.001243
2025-06-18 03:15,0.0
2025-06-18 03:30,0.002114
2025-06-18 03:45,0.003768
2025-06-18 04:00,8.5e-05
2025-06-18 04:15,0.0
2025-06-18 04:30,0.0
2025-06-18 04:45,0.0
2025-06-18 05:00,0.0
2025-06-18 05:15,0.0
2025-06-18 05:30,0.0
2025-06-18 05:45,0.0
2025-06-18 06:00,0.000108
2025-06-18 06:15,0.0
2025-06-18 06:30,0.0
2025-06-18 06:45,0.0
2025-06-18 07:00,9.4e-05
2025-06-18 07:15,0.000254
2025-06-18 07:30,0.0
2025-06-18 07:45,0.0
2025-06-18 08:00,0.0
2025-06-18 08:15,0.0
2025-06-18 08:30,0.0
2025-06-18 08:45,0.000108
2025-06-18 09:00,0.002225
2025-06-18 09:15,0.0
2025-06-18 09:30,0.0
2025-06-18 09:45,0.0
2025-06-18 10:00,0.0
2025-06-18 10:15,0.000948
2025-06-18 10:30,0.0
2025-06-18 10:45,0.065451
2025-06-18 11:00,0.021248
2025-06-18 11:15,0.006336
2025-06-18 11:30,0.01067
2025-06-18 11:45,0.000188
2025-06-18 12:00,0.0
2025-06-18 12:15,0.00013
2025-06-18 12:30,0.011954
2025-06-18 12:45,0.000299
2025-06-18 13:00,0.0056
2025-06-18 13:15,0.000948
2025-06-18 13:30,0.014332
2025-06-18 13:45,0.000293
2025-06-18 14:00,0.014027
2025-06-18 14:15,0.000557
2025-06-18 14:30,0.002114
2025-06-18 14:45,0.000276
2025-06-18 15:00,0.003964
2025-06-18 15:15,0.00679
2025-06-18 15:30,0.061636
2025-06-18 15:45,1.0
2025-06-18 16:00,0.509534
2025-06-18 16:15,0.211725
2025-06-18 16:30,0.153051
2025-06-18 16:45,0.298141
2025-06-18 17:00,0.080847
2025-06-18 17:15,0.004064
2025-06-18 17:30,0.018938
2025-06-18 17:45,0.005229
2025-06-18 18:00,0.000211
2025-06-18 18:15,0.007821
2025-06-18 18:30,0.000375
2025-06-18 18:45,0.004203
2025-06-18 19:00,0.098843
2025-06-18 19:15,0.108343
2025-06-18 19:30,0.20219
2025-06-18 19:45,0.2201
2025-06-18 20:00,0.38648
2025-06-18 20:15,0.011159
2025-06-18 20:30,0.103593
2025-06-18 20:45,0.0
2025-06-18 21:00,0.002208
2025-06-18 21:15,0.002114
2025-06-18 21:30,0.00068
2025-06-18 21:45,0.000372
2025-06-18 22:00,0.0
2025-06-18 22:15,0.004336
2025-06-18 22:30,0.004336
2025-06-18 22:45,0.0
2025-06-18 23:00,0.0
2025-06-18 23:15,0.0
2025-06-18 23:30,0.0
2025-06-18 23:45,0.002161
2025-06-19 00:00,0.004216
2025-06-19 00:15,0.002114
2025-06-19 00:30,0.0
2025-06-19 00:45,0.0
2025-06-19 01:00,0.002114
2025-06-19 01:15,0.030305
2025-06-19 01:30,0.010787
2025-06-19 01:45,0.0
2025-06-19 02:00,0.002114
2025-06-19 02:15,0.009036
2025-06-19 02:30,0.0
2025-06-19 02:45,0.004638
2025-06-19 03:00,0.002589
2025-06-19 03:15,0.000135
2025-06-19 03:30,0.005533
2025-06-19 03:45,0.002114
2025-06-19 04:00,0.002785
2025-06-19 04:15,0.000103
2025-06-19 04:30,0.002369
2025-06-19 04:45,0.000761
2025-06-19 05:00,0.0
2025-06-19 05:15,8.5e-05
2025-06-19 05:30,0.000249
2025-06-19 05:45,0.000334
2025-06-19 06:00,0.002114
2025-06-19 06:15,0.0
2025-06-19 06:30,0.0
2025-06-19 06:45,0.0
2025-06-19 07:00,0.002225
2025-06-19 07:15,0.000264
2025-06-19 07:30,0.002225
2025-06-19 07:45,0.0
2025-06-19 08:00,0.000188
2025-06-19 08:15,0.000108
2025-06-19 08:30,0.0
2025-06-19 08:45,0.0
2025-06-19 09:00,0.0
2025-06-19 09:15,0.00231
2025-06-19 09:30,0.0
2025-06-19 09:45,0.002222
2025-06-19 10:00,0.0
2025-06-19 10:15,0.000529
2025-06-19 10:30,0.001844
2025-06-19 10:45,0.0
2025-06-19 11:00,0.0
2025-06-19 11:15,0.002381
2025-06-19 11:30,0.004128
2025-06-19 11:45,0.0
2025-06-19 12:00,0.000114
2025-06-19 12:15,0.006884
2025-06-19 12:30,0.002867
2025-06-19 12:45,0.023532
2025-06-19 13:00,0.013484
2025-06-19 13:15,0.000613
2025-06-19 13:30,0.002041
2025-06-19 13:45,0.034726
2025-06-19 14:00,0.008723
2025-06-19 14:15,0.021022
2025-06-19 14:30,0.009746
2025-06-19 14:45,0.000645
2025-06-19 15:00,0.005717
2025-06-19 15:15,0.0
2025-06-19 15:30,0.064087
2025-06-19 15:45,0.092806
2025-06-19 16:00,0.157783
2025-06-19 16:15,0.145251
2025-06-19 16:30,0.139489
2025-06-19 16:45,0.236641
2025-06-19 17:00,0.157871
2025-06-19 17:15,0.014311
2025-06-19 17:30,0.005275
2025-06-19 17:45,0.004404
2025-06-19 18:00,9.4e-05
2025-06-19 18:15,0.006466
2025-06-19 18:30,0.001747
2025-06-19 18:45,0.0
2025-06-19 19:00,0.150663
2025-06-19 19:15,0.143738
2025-06-19 19:30,0.264858
2025-06-19 19:45,0.249278
2025-06-19 20:00,0.305715
2025-06-19 20:15,0.006987
2025-06-19 20:30,0.004477
2025-06-19 20:45,0.0
2025-06-19 21:00,0.002369
2025-06-19 21:15,0.0142
2025-06-19 21:30,0.000866
2025-06-19 21:45,0.0
2025-06-19 22:00,0.002202
2025-06-19 22:15,0.0
2025-06-19 22:30,0.0
2025-06-19 22:45,0.0
2025-06-19 23:00,0.008902
2025-06-19 23:15,0.000292
2025-06-19 23:30,0.0
2025-06-19 23:45,0.002384
2025-06-20 00:00,0.000188
2025-06-20 00:15,0.004336
2025-06-20 00:30,0.0
2025-06-20 00:45,0.002114
2025-06-20 01:00,0.0
2025-06-20 01:15,0.00357
2025-06-20 01:30,0.008432
2025-06-20 01:45,0.0
2025-06-20 02:00,0.0
2025-06-20 02:15,0.0
2025-06-20 02:30,0.0
2025-06-20 02:45,0.0
2025-06-20 03:00,0.0
2025-06-20 03:15,0.0
2025-06-20 03:30,0.0
2025-06-20 03:45,0.0
2025-06-20 04:00,0.0
2025-06-20 04:15,0.0
2025-06-20 04:30,0.002812
2025-06-20 04:45,0.000287
2025-06-20 05:00,0.0
2025-06-20 05:15,0.00034
2025-06-20 05:30,0.0
2025-06-20 05:45,0.009286
2025-06-20 06:00,8.5e-05
2025-06-20 06:15,0.0
2025-06-20 06:30,0.001079
2025-06-20 06:45,0.0
2025-06-20 07:00,0.0
2025-06-20 07:15,0.0
2025-06-20 07:30,0.00022
2025-06-20 07:45,0.000205
2025-06-20 08:00,0.0
2025-06-20 08:15,0.0
2025-06-20 08:30,0.0
2025-06-20 08:45,0.002114
2025-06-20 09:00,0.001022
2025-06-20 09:15,0.0
2025-06-20 09:30,0.0
2025-06-20 09:45,0.0
2025-06-20 10:00,0.000138
2025-06-20 10:15,0.002208
2025-06-20 10:30,0.000803
2025-06-20 10:45,0.0
2025-06-20 11:00,0.006286
2025-06-20 11:15,0.004222
2025-06-20 11:30,0.0
2025-06-20 11:45,0.000108
2025-06-20 12:00,0.0
2025-06-20 12:15,0.210156
2025-06-20 12:30,0.476914
2025-06-20 12:45,0.001963
2025-06-20 13:00,0.0
2025-06-20 13:15,0.0
2025-06-20 13:30,0.001035
2025-06-20 13:45,0.05781
2025-06-20 14:00,0.002114
2025-06-20 14:15,0.007729
2025-06-20 14:30,0.002208
2025-06-20 14:45,0.004929
2025-06-20 15:00,0.005497
2025-06-20 15:15,0.00684
2025-06-20 15:30,0.064439
2025-06-20 15:45,0.068518
2025-06-20 16:00,0.117879
2025-06-20 16:15,0.154768
2025-06-20 16:30,0.136688
2025-06-20 16:45,0.275103
2025-06-20 17:00,0.098576
2025-06-20 17:15,0.00012
2025-06-20 17:30,0.000375
2025-06-20 17:45,0.004309
2025-06-20 18:00,0.002343
2025-06-20 18:15,0.005156
2025-06-20 18:30,0.001844
2025-06-20 18:45,0.001818
2025-06-20 19:00,0.085048
2025-06-20 19:15,0.112713
2025-06-20 19:30,0.209457
2025-06-20 19:45,0.204772
2025-06-20 20:00,0.258241
2025-06-20 20:15,0.0
2025-06-20 20:30,0.016564
2025-06-20 20:45,0.00207
2025-06-20 21:00,0.0
2025-06-20 21:15,0.0
2025-06-20 21:30,0.005534
2025-06-20 21:45,0.003233
2025-06-20 22:00,0.0
2025-06-20 22:15,0.000371
2025-06-20 22:30,0.009934
2025-06-20 22:45,0.000267
2025-06-20 23:00,0.0
2025-06-20 23:15,0.002114
2025-06-20 23:30,0.010277
2025-06-20 23:45,0.002114
2025-06-21 00:00,0.006679
2025-06-21 00:15,0.006342
2025-06-21 00:30,0.0
2025-06-21 00:45,0.0
2025-06-21 01:00,0.000279
2025-06-21 01:15,0.000493
2025-06-21 01:30,0.006471
2025-06-21 01:45,0.0
2025-06-21 02:00,0.000108
2025-06-21 02:15,0.0
2025-06-21 02:30,0.00436
2025-06-21 02:45,0.0
2025-06-21 03:00,0.011403
2025-06-21 03:15,0.002114
2025-06-21 03:30,0.0
2025-06-21 03:45,0.001827
2025-06-21 04:00,0.002287
2025-06-21 04:15,0.002114
2025-06-21 04:30,0.000384
2025-06-21 04:45,0.002114
2025-06-21 05:00,0.0
2025-06-21 05:15,0.000114
2025-06-21 05:30,0.002114
2025-06-21 05:45,0.000249
2025-06-21 06:00,0.0
2025-06-21 06:15,0.0
2025-06-21 06:30,0.0
2025-06-21 06:45,0.0
2025-06-21 07:00,0.0
2025-06-21 07:15,0.00051
2025-06-21 07:30,0.0
2025-06-21 07:45,0.0
2025-06-21 08:00,0.000108
2025-06-21 08:15,0.002237
2025-06-21 08:30,0.001827
2025-06-21 08:45,0.000103
2025-06-21 09:00,0.0
2025-06-21 09:15,0.004451
2025-06-21 09:30,0.0
2025-06-21 09:45,8.5e-05
2025-06-21 10:00,0.0
2025-06-21 10:15,0.000196
2025-06-21 10:30,0.0
2025-06-21 10:45,0.0
2025-06-21 11:00,0.0
2025-06-21 11:15,0.000108
2025-06-21 11:30,0.002114
2025-06-21 11:45,0.002454
2025-06-21 12:00,0.004216
2025-06-21 12:15,0.0
2025-06-21 12:30,0.0
2025-06-21 12:45,0.002332
2025-06-21 13:00,0.0
2025-06-21 13:15,0.0
2025-06-21 13:30,8.5e-05
2025-06-21 13:45,9.4e-05
2025-06-21 14:00,0.007611
2025-06-21 14:15,0.005533
2025-06-21 14:30,0.00051
2025-06-21 14:45,0.000108
2025-06-21 15:00,0.0
2025-06-21 15:15,0.002114
2025-06-21 15:30,0.06168
2025-06-21 15:45,0.074839
2025-06-21 16:00,0.093947
2025-06-21 16:15,0.203087
2025-06-21 16:30,0.183431
2025-06-21 16:45,0.163652
2025-06-21 17:00,0.102024
2025-06-21 17:15,0.000103
2025-06-21 17:30,0.00015
2025-06-21 17:45,0.002114
2025-06-21 18:00,0.033823
2025-06-21 18:15,0.000255
2025-06-21 18:30,0.005486
2025-06-21 18:45,0.00068
2025-06-21 19:00,0.090914
2025-06-21 19:15,0.107035
2025-06-21 19:30,0.188169
2025-06-21 19:45,0.284283
2025-06-21 20:00,0.201853
2025-06-21 20:15,0.007861
2025-06-21 20:30,0.008432
2025-06-21 20:45,0.0
2025-06-21 21:00,0.005014
2025-06-21 21:15,0.005283
2025-06-21 21:30,0.0
2025-06-21 21:45,0.002769
2025-06-21 22:00,0.004419
2025-06-21 22:15,0.00041
2025-06-21 22:30,0.004603
2025-06-21 22:45,0.001545
2025-06-21 23:00,0.0038
2025-06-21 23:15,0.0
2025-06-21 23:30,0.004424
2025-06-21 23:45,0.0
2025-06-22 00:00,0.014883
2025-06-22 00:15,0.0
2025-06-22 00:30,0.000364
2025-06-22 00:45,0.004358
2025-06-22 01:00,0.000108
2025-06-22 01:15,0.0
2025-06-22 01:30,0.006324
2025-06-22 01:45,0.0
2025-06-22 02:00,0.000144
2025-06-22 02:15,0.005785
2025-06-22 02:30,0.000276
2025-06-22 02:45,0.007202
2025-06-22 03:00,0.000396
2025-06-22 03:15,0.0
2025-06-22 03:30,0.0
2025-06-22 03:45,0.000237
2025-06-22 04:00,0.003952
2025-06-22 04:15,0.000273
2025-06-22 04:30,0.000358
2025-06-22 04:45,0.000375
2025-06-22 05:00,0.0
2025-06-22 05:15,0.000267
2025-06-22 05:30,0.002108
2025-06-22 05:45,0.004589
2025-06-22 06:00,0.002108
2025-06-22 06:15,0.000103
2025-06-22 06:30,0.0
2025-06-22 06:45,0.0
2025-06-22 07:00,0.001827
2025-06-22 07:15,0.000188
2025-06-22 07:30,0.001953
2025-06-22 07:45,0.0
2025-06-22 08:00,0.001982
2025-06-22 08:15,0.0
2025-06-22 08:30,0.002114
2025-06-22 08:45,0.0
2025-06-22 09:00,0.0
2025-06-22 09:15,0.003653
2025-06-22 09:30,8.5e-05
2025-06-22 09:45,0.0
2025-06-22 10:00,0.001827
2025-06-22 10:15,0.0
2025-06-22 10:30,0.0
2025-06-22 10:45,0.0
2025-06-22 11:00,0.000117
2025-06-22 11:15,0.0
2025-06-22 11:30,0.00051
2025-06-22 11:45,0.006342
2025-06-22 12:00,0.0
2025-06-22 12:15,0.0
2025-06-22 12:30,0.0
2025-06-22 12:45,0.0
2025-06-22 13:00,0.003653
2025-06-22 13:15,0.0
2025-06-22 13:30,0.0
2025-06-22 13:45,8.5e-05
2025-06-22 14:00,0.000103
2025-06-22 14:15,0.0
2025-06-22 14:30,0.0
2025-06-22 14:45,0.000218
2025-06-22 15:00,0.0
2025-06-22 15:15,0.0
2025-06-22 15:30,0.091803
2025-06-22 15:45,0.099808
2025-06-22 16:00,0.064911
2025-06-22 16:15,0.165833
2025-06-22 16:30,0.186316
2025-06-22 16:45,0.171675
2025-06-22 17:00,0.114117
2025-06-22 17:15,0.016865
2025-06-22 17:30,0.000205
2025-06-22 17:45,0.000906
2025-06-22 18:00,0.0
2025-06-22 18:15,0.0
2025-06-22 18:30,8.5e-05
2025-06-22 18:45,0.002114
2025-06-22 19:00,0.101253
2025-06-22 19:15,0.129509
2025-06-22 19:30,0.223504
2025-06-22 19:45,0.21592
2025-06-22 20:00,0.229194
2025-06-22 20:15,0.0
2025-06-22 20:30,0.0
2025-06-22 20:45,0.004333
2025-06-22 21:00,0.002114
2025-06-22 21:15,0.0
2025-06-22 21:30,0.0
2025-06-22 21:45,0.0
2025-06-22 22:00,0.002519
2025-06-22 22:15,0.0
2025-06-22 22:30,0.000177
2025-06-22 22:45,0.0
2025-06-22 23:00,0.002208
2025-06-22 23:15,0.0
2025-06-22 23:30,0.0
2025-06-22 23:45,0.0
2025-06-23 00:00,0.0
2025-06-23 00:15,0.0
2025-06-23 00:30,0.0
2025-06-23 00:45,0.0
2025-06-23 01:00,0.0
2025-06-23 01:15,0.0
2025-06-23 01:30,0.002114
2025-06-23 01:45,0.0
2025-06-23 02:00,0.0
2025-06-23 02:15,0.0
2025-06-23 02:30,0.0
2025-06-23 02:45,0.000205
2025-06-23 03:00,0.002557
2025-06-23 03:15,0.0
2025-06-23 03:30,0.007163
2025-06-23 03:45,0.0
2025-06-23 04:00,0.004471
2025-06-23 04:15,0.001721
2025-06-23 04:30,0.000311
2025-06-23 04:45,0.0
2025-06-23 05:00,0.000969
2025-06-23 05:15,0.000474
2025-06-23 05:30,0.0
2025-06-23 05:45,0.0
2025-06-23 06:00,0.000133
2025-06-23 06:15,0.000538
2025-06-23 06:30,0.002114
2025-06-23 06:45,0.0
2025-06-23 07:00,0.0
2025-06-23 07:15,9.4e-05
2025-06-23 07:30,0.0
2025-06-23 07:45,0.0
2025-06-23 08:00,0.00094
2025-06-23 08:15,0.01057
2025-06-23 08:30,0.0
2025-06-23 08:45,0.0
2025-06-23 09:00,0.0
2025-06-23 09:15,0.0
2025-06-23 09:30,0.002114
2025-06-23 09:45,0.000179
2025-06-23 10:00,0.009714
2025-06-23 10:15,0.0
2025-06-23 10:30,0.0
2025-06-23 10:45,0.0
2025-06-23 11:00,8.5e-05
2025-06-23 11:15,0.0
2025-06-23 11:30,0.0
2025-06-23 11:45,0.0
2025-06-23 12:00,0.000103
2025-06-23 12:15,0.000563
2025-06-23 12:30,0.011247
2025-06-23 12:45,0.001312
2025-06-23 13:00,0.002489
2025-06-23 13:15,0.0
2025-06-23 13:30,0.002202
2025-06-23 13:45,0.000111
2025-06-23 14:00,0.0
2025-06-23 14:15,0.007317
2025-06-23 14:30,0.009485
2025-06-23 14:45,0.004325
2025-06-23 15:00,0.002193
2025-06-23 15:15,0.006445
2025-06-23 15:30,0.054857
2025-06-23 15:45,0.067802
2025-06-23 16:00,0.14265
2025-06-23 16:15,0.151066
2025-06-23 16:30,0.235943
2025-06-23 16:45,0.258569
2025-06-23 17:00,0.12407
2025-06-23 17:15,0.002114
2025-06-23 17:30,0.009851
2025-06-23 17:45,0.0
2025-06-23 18:00,0.006969
2025-06-23 18:15,0.011039
2025-06-23 18:30,0.000314
2025-06-23 18:45,0.016718
2025-06-23 19:00,0.116495
2025-06-23 19:15,0.125568
2025-06-23 19:30,0.219559
2025-06-23 19:45,0.281963
2025-06-23 20:00,0.278341
2025-06-23 20:15,0.002371
2025-06-23 20:30,0.012649
2025-06-23 20:45,0.001947
2025-06-23 21:00,8.5e-05
2025-06-23 21:15,0.0
2025-06-23 21:30,0.002114
2025-06-23 21:45,0.004228
2025-06-23 22:00,8.5e-05
2025-06-23 22:15,0.000142
2025-06-23 22:30,0.0
2025-06-23 22:45,0.0
2025-06-23 23:00,0.002319
2025-06-23 23:15,9.4e-05
2025-06-23 23:30,0.0
2025-06-23 23:45,0.0
2025-06-24 00:00,0.006878
2025-06-24 00:15,0.000179
2025-06-24 00:30,0.008526
2025-06-24 00:45,0.000194
2025-06-24 01:00,0.0
2025-06-24 01:15,0.0
2025-06-24 01:30,0.004228
2025-06-24 01:45,0.005072
2025-06-24 02:00,0.0
2025-06-24 02:15,0.0
2025-06-24 02:30,0.004228
2025-06-24 02:45,0.0
2025-06-24 03:00,0.002351
2025-06-24 03:15,0.0
2025-06-24 03:30,0.000551
2025-06-24 03:45,0.000906
2025-06-24 04:00,0.002108
2025-06-24 04:15,0.0
2025-06-24 04:30,0.0
2025-06-24 04:45,0.000136
2025-06-24 05:00,0.001227
2025-06-24 05:15,0.008902
2025-06-24 05:30,0.0
2025-06-24 05:45,0.0
2025-06-24 06:00,0.0
2025-06-24 06:15,0.00234
2025-06-24 06:30,0.0
2025-06-24 06:45,0.0
2025-06-24 07:00,0.00168
2025-06-24 07:15,0.0
2025-06-24 07:30,0.0
2025-06-24 07:45,0.0
2025-06-24 08:00,0.0
2025-06-24 08:15,0.0
2025-06-24 08:30,0.0
2025-06-24 08:45,0.0
2025-06-24 09:00,0.004451
2025-06-24 09:15,0.002225
2025-06-24 09:30,0.000179
2025-06-24 09:45,0.0
2025-06-24 10:00,0.0
2025-06-24 10:15,0.004216
2025-06-24 10:30,0.0
2025-06-24 10:45,0.0
2025-06-24 11:00,0.001844
2025-06-24 11:15,0.0
2025-06-24 11:30,0.001953
2025-06-24 11:45,8.5e-05
2025-06-24 12:00,0.007799
2025-06-24 12:15,0.021254
2025-06-24 12:30,0.005217
2025-06-24 12:45,0.00365
2025-06-24 13:00,0.0
2025-06-24 13:15,0.00505
2025-06-24 13:30,0.003856
2025-06-24 13:45,0.0
2025-06-24 14:00,0.472188
2025-06-24 14:15,0.004468
2025-06-24 14:30,0.0038
2025-06-24 14:45,0.016347
2025-06-24 15:00,0.010409
2025-06-24 15:15,0.006107
2025-06-24 15:30,0.080853
2025-06-24 15:45,0.067858
2025-06-24 16:00,0.11345
2025-06-24 16:15,0.161841
2025-06-24 16:30,0.441481
2025-06-24 16:45,0.326342
2025-06-24 17:00,0.146101
2025-06-24 17:15,0.208318
2025-06-24 17:30,0.000616
2025-06-24 17:45,0.006072
2025-06-24 18:00,0.086689
2025-06-24 18:15,0.018586
2025-06-24 18:30,0.009739
2025-06-24 18:45,0.009494
2025-06-24 19:00,0.143877
2025-06-24 19:15,0.146964
2025-06-24 19:30,0.19421
2025-06-24 19:45,0.184557
2025-06-24 20:00,0.266318
2025-06-24 20:15,0.0
2025-06-24 20:30,0.048539
2025-06-24 20:45,0.028047
2025-06-24 21:00,0.002114
2025-06-24 21:15,0.028933
2025-06-24 21:30,0.001465
2025-06-24 21:45,0.005779
2025-06-24 22:00,0.0
2025-06-24 22:15,0.010922
2025-06-24 22:30,0.000287
2025-06-24 22:45,0.006342
2025-06-24 23:00,0.004228
2025-06-24 23:15,0.0
2025-06-24 23:30,0.000205
2025-06-24 23:45,0.0
2025-06-25 00:00,0.026117
2025-06-25 00:00,0.072927
2025-06-25 00:15,0.193234
2025-06-25 00:30,0.006165
2025-06-25 00:45,0.005903
2025-06-25 01:00,0.001539
2025-06-25 01:15,0.0
2025-06-25 01:30,0.000573
2025-06-25 01:45,0.005903
2025-06-25 02:00,0.0
2025-06-25 02:15,0.0
2025-06-25 02:30,0.0
2025-06-25 02:45,0.006173
2025-06-25 03:00,0.007389
2025-06-25 03:15,0.0
2025-06-25 03:30,0.0
2025-06-25 03:45,0.0
2025-06-25 04:00,0.001191
2025-06-25 04:15,0.000319
2025-06-25 04:30,0.0
2025-06-25 04:45,0.0
2025-06-25 05:00,0.00174
2025-06-25 05:15,0.000573
2025-06-25 05:30,0.000401
2025-06-25 05:45,0.0
2025-06-25 06:00,0.000352
2025-06-25 06:15,0.0
2025-06-25 06:30,0.017709
2025-06-25 06:45,0.0
2025-06-25 07:00,0.053241
2025-06-25 07:15,0.000262
2025-06-25 07:30,0.007283
2025-06-25 07:45,0.0
2025-06-25 08:00,0.000237
2025-06-25 08:15,0.0
2025-06-25 08:30,0.0
2025-06-25 08:45,0.005887
2025-06-25 09:00,0.006214
2025-06-25 09:15,0.0
2025-06-25 09:30,0.0
2025-06-25 09:45,0.0
2025-06-25 10:00,0.002456
2025-06-25 10:15,0.0
2025-06-25 10:30,0.0
2025-06-25 10:45,0.00054
2025-06-25 11:00,0.0
2025-06-25 11:15,0.001146
2025-06-25 11:30,0.0
2025-06-25 11:45,0.005903
2025-06-25 12:00,0.0
2025-06-25 12:15,0.00149
2025-06-25 12:30,0.007368
2025-06-25 12:45,0.007246
2025-06-25 13:00,0.023808
2025-06-25 13:15,0.018065
2025-06-25 13:30,0.000262
2025-06-25 13:45,0.0
2025-06-25 14:00,0.025503
2025-06-25 14:15,0.045701
2025-06-25 14:30,0.003263
2025-06-25 14:45,0.001949
2025-06-25 15:00,0.029691
2025-06-25 15:15,0.030571
2025-06-25 15:30,0.132592
2025-06-25 15:45,0.196124
2025-06-25 16:00,0.353089
2025-06-25 16:15,0.498625
2025-06-25 16:30,0.456759
2025-06-25 16:45,0.758977
2025-06-25 17:00,0.373205
2025-06-25 17:15,0.024079
2025-06-25 17:30,0.034345
2025-06-25 17:45,0.00614
2025-06-25 18:00,0.009661
2025-06-25 18:15,0.019404
2025-06-25 18:30,0.015973
2025-06-25 18:45,0.006321
2025-06-25 19:00,0.253635
2025-06-25 19:15,0.238796
2025-06-25 19:30,0.868436
2025-06-25 19:45,0.701323
2025-06-25 20:00,0.652642
2025-06-25 20:15,0.006149
2025-06-25 20:30,0.093817
2025-06-25 20:45,0.017029
2025-06-25 21:00,0.0
2025-06-25 21:15,0.0
2025-06-25 21:30,0.011806
2025-06-25 21:45,0.0
2025-06-25 22:00,0.001457
2025-06-25 22:15,0.053061
2025-06-25 22:30,0.0
2025-06-25 22:45,0.00876
2025-06-25 23:00,0.00623
2025-06-25 23:15,0.0
2025-06-25 23:30,0.0
2025-06-25 23:45,0.005903
2025-06-26 00:00,0.011806
2025-06-26 00:15,0.011159
2025-06-26 00:30,0.002485
2025-06-26 00:45,0.0
2025-06-26 01:00,0.003406
2025-06-26 01:15,0.188371
2025-06-26 01:30,0.00357
2025-06-26 01:45,0.011806
2025-06-26 02:00,0.0
2025-06-26 02:15,0.006243
2025-06-26 02:30,0.005903
2025-06-26 02:45,0.005903
2025-06-26 03:00,0.00226
2025-06-26 03:15,0.0
2025-06-26 03:30,0.0
2025-06-26 03:45,0.0
2025-06-26 04:00,0.005903
2025-06-26 04:15,0.005903
2025-06-26 04:30,0.000745
2025-06-26 04:45,0.000287
2025-06-26 05:00,0.004159
2025-06-26 05:15,0.000303
2025-06-26 05:30,0.005903
2025-06-26 05:45,0.00061
2025-06-26 06:00,0.0
2025-06-26 06:15,0.001502
2025-06-26 06:30,0.0
2025-06-26 06:45,0.004806
2025-06-26 07:00,0.002915
2025-06-26 07:15,0.000262
2025-06-26 07:30,0.0
2025-06-26 07:45,0.0
2025-06-26 08:00,0.000495
2025-06-26 08:15,0.0
2025-06-26 08:30,0.0
2025-06-26 08:45,0.0
2025-06-26 09:00,0.00515
2025-06-26 09:15,0.0
2025-06-26 09:30,0.000708
2025-06-26 09:45,0.005903
2025-06-26 10:00,0.0
2025-06-26 10:15,0.0
2025-06-26 10:30,0.0
2025-06-26 10:45,0.0
2025-06-26 11:00,0.0
2025-06-26 11:15,0.013967
2025-06-26 11:30,0.000336
2025-06-26 11:45,0.01418
2025-06-26 12:00,0.0
2025-06-26 12:15,0.00856
2025-06-26 12:30,0.010201
2025-06-26 12:45,0.0
2025-06-26 13:00,0.005903
2025-06-26 13:15,0.01145
2025-06-26 13:30,0.036298
2025-06-26 13:45,0.006476
2025-06-26 14:00,0.005477
2025-06-26 14:15,0.02617
2025-06-26 14:30,0.0
2025-06-26 14:45,0.000573
2025-06-26 15:00,0.0
2025-06-26 15:15,0.000287
2025-06-26 15:30,0.186365
2025-06-26 15:45,0.389489
2025-06-26 16:00,0.375718
2025-06-26 16:15,0.38278
2025-06-26 16:30,0.407632
2025-06-26 16:45,0.701503
2025-06-26 17:00,0.443791
2025-06-26 17:15,0.026502
2025-06-26 17:30,0.02281
2025-06-26 17:45,0.012007
2025-06-26 18:00,0.022417
2025-06-26 18:15,0.011004
2025-06-26 18:30,0.006877
2025-06-26 18:45,0.019015
2025-06-26 19:00,0.302459
2025-06-26 19:15,0.490732
2025-06-26 19:30,0.592221
2025-06-26 19:45,0.80291
2025-06-26 20:00,0.725295
2025-06-26 20:15,0.027984
2025-06-26 20:30,0.02466
2025-06-26 20:45,0.012883
2025-06-26 21:00,0.000287
2025-06-26 21:15,0.005887
2025-06-26 21:30,0.0
2025-06-26 21:45,0.0
2025-06-26 22:00,0.013513
2025-06-26 22:15,0.000262
2025-06-26 22:30,0.006378
2025-06-26 22:45,0.000434
2025-06-26 23:00,0.012109
2025-06-26 23:15,0.005903
2025-06-26 23:30,0.0
2025-06-26 23:45,0.011806
2025-06-27 00:00,0.002595
2025-06-27 00:15,0.005887
2025-06-27 00:30,0.0
2025-06-27 00:45,0.00262
2025-06-27 01:00,0.001261
2025-06-27 01:15,0.00034
2025-06-27 01:30,0.035704
2025-06-27 01:45,0.00063
2025-06-27 02:00,0.0
2025-06-27 02:15,0.00077
2025-06-27 02:30,0.000262
2025-06-27 02:45,0.005387
2025-06-27 03:00,0.012404
2025-06-27 03:15,0.0
2025-06-27 03:30,0.0
2025-06-27 03:45,0.00614
2025-06-27 04:00,0.002071
2025-06-27 04:15,0.000237
2025-06-27 04:30,0.0
2025-06-27 04:45,0.0
2025-06-27 05:00,0.0
2025-06-27 05:15,0.023546
2025-06-27 05:30,0.0
2025-06-27 05:45,0.0
2025-06-27 06:00,0.0
2025-06-27 06:15,0.0
2025-06-27 06:30,0.002767
2025-06-27 06:45,0.0
2025-06-27 07:00,0.00657
2025-06-27 07:15,0.0
2025-06-27 07:30,0.0
2025-06-27 07:45,0.0
2025-06-27 08:00,0.000303
2025-06-27 08:15,0.0
2025-06-27 08:30,0.004716
2025-06-27 08:45,0.0
2025-06-27 09:00,0.006214
2025-06-27 09:15,0.0
2025-06-27 09:30,0.0
2025-06-27 09:45,0.0
2025-06-27 10:00,0.005887
2025-06-27 10:15,0.0
2025-06-27 10:30,0.0
2025-06-27 10:45,0.006112
2025-06-27 11:00,0.0
2025-06-27 11:15,0.0
2025-06-27 11:30,0.000815
2025-06-27 11:45,0.000982
2025-06-27 12:00,0.0
2025-06-27 12:15,0.0
2025-06-27 12:30,0.002816
2025-06-27 12:45,0.000639
2025-06-27 13:00,0.006165
2025-06-27 13:15,0.000287
2025-06-27 13:30,0.010463
2025-06-27 13:45,0.010201
2025-06-27 14:00,0.006939
2025-06-27 14:15,0.021221
2025-06-27 14:30,0.020452
2025-06-27 14:45,0.020599
2025-06-27 15:00,0.006083
2025-06-27 15:15,0.0056
2025-06-27 15:30,0.161067
2025-06-27 15:45,0.247319
2025-06-27 16:00,0.33032
2025-06-27 16:15,0.22419
2025-06-27 16:30,0.457369
2025-06-27 16:45,0.711688
2025-06-27 17:00,0.330411
2025-06-27 17:15,0.004073
2025-06-27 17:30,0.000655
2025-06-27 17:45,0.002051
2025-06-27 18:00,0.0
2025-06-27 18:15,0.025974
2025-06-27 18:30,0.005412
2025-06-27 18:45,0.002604
2025-06-27 19:00,0.268417
2025-06-27 19:15,0.489872
2025-06-27 19:30,0.892989
2025-06-27 19:45,0.502857
2025-06-27 20:00,1.0
2025-06-27 20:15,0.000524
2025-06-27 20:30,0.021188
2025-06-27 20:45,0.015826
2025-06-27 21:00,0.005101
2025-06-27 21:15,0.00614
2025-06-27 21:30,0.000475
2025-06-27 21:45,0.000237
2025-06-27 22:00,0.000303
2025-06-27 22:15,0.011773
2025-06-27 22:30,0.0
2025-06-27 22:45,0.012428
2025-06-27 23:00,0.0
2025-06-27 23:15,0.000336
2025-06-27 23:30,0.0
2025-06-27 23:45,0.000356
2025-06-28 00:00,0.000381
2025-06-28 00:15,0.006411
2025-06-28 00:30,0.0
2025-06-28 00:45,0.004016
2025-06-28 01:00,0.021614
2025-06-28 01:15,0.005903
2025-06-28 01:30,0.00646
2025-06-28 01:45,0.006836
2025-06-28 02:00,0.0
2025-06-28 02:15,0.001904
2025-06-28 02:30,0.0
2025-06-28 02:45,0.0
2025-06-28 03:00,0.0
2025-06-28 03:15,0.000336
2025-06-28 03:30,0.0
2025-06-28 03:45,0.0
2025-06-28 04:00,0.000262
2025-06-28 04:15,0.0
2025-06-28 04:30,0.023612
2025-06-28 04:45,0.0
2025-06-28 05:00,0.0
2025-06-28 05:15,0.000262
2025-06-28 05:30,0.0
2025-06-28 05:45,0.0
2025-06-28 06:00,0.000237
2025-06-28 06:15,0.0
2025-06-28 06:30,0.0
2025-06-28 06:45,0.0
2025-06-28 07:00,0.014884
2025-06-28 07:15,0.071163
2025-06-28 07:30,0.0
2025-06-28 07:45,0.0
2025-06-28 08:00,0.001719
2025-06-28 08:15,0.0
2025-06-28 08:30,0.0
2025-06-28 08:45,0.0
2025-06-28 09:00,0.0
2025-06-28 09:15,0.0
2025-06-28 09:30,0.0
2025-06-28 09:45,0.005887
2025-06-28 10:00,0.002374
2025-06-28 10:15,0.005698
2025-06-28 10:30,0.0
2025-06-28 10:45,0.0
2025-06-28 11:00,0.0
2025-06-28 11:15,0.0
2025-06-28 11:30,0.000303
2025-06-28 11:45,0.00619
2025-06-28 12:00,0.000262
2025-06-28 12:15,0.0
2025-06-28 12:30,0.0
2025-06-28 12:45,0.0
2025-06-28 13:00,0.0
2025-06-28 13:15,0.000287
2025-06-28 13:30,0.036429
2025-06-28 13:45,0.005166
2025-06-28 14:00,0.0
2025-06-28 14:15,0.021745
2025-06-28 14:30,0.003291
2025-06-28 14:45,0.0
2025-06-28 15:00,0.0
2025-06-28 15:15,0.0
2025-06-28 15:30,0.233044
2025-06-28 15:45,0.248899
2025-06-28 16:00,0.294927
2025-06-28 16:15,0.317344
2025-06-28 16:30,0.621813
2025-06-28 16:45,0.645024
2025-06-28 17:00,0.573079
2025-06-28 17:15,0.0
2025-06-28 17:30,0.002403
2025-06-28 17:45,0.0
2025-06-28 18:00,0.0
2025-06-28 18:15,0.117462
2025-06-28 18:30,0.0
2025-06-28 18:45,0.0
2025-06-28 19:00,0.209952
2025-06-28 19:15,0.304997
2025-06-28 19:30,0.721185
2025-06-28 19:45,0.772089
2025-06-28 20:00,0.830255
2025-06-28 20:15,0.0
2025-06-28 20:30,0.237502
2025-06-28 20:45,0.005903
2025-06-28 21:00,0.106221
2025-06-28 21:15,0.0
2025-06-28 21:30,0.0
2025-06-28 21:45,0.000287
2025-06-28 22:00,0.011806
2025-06-28 22:15,0.06063
2025-06-28 22:30,0.0
2025-06-28 22:45,0.005903
2025-06-28 23:00,0.0
2025-06-28 23:15,0.006844
2025-06-28 23:30,0.005903
2025-06-28 23:45,0.005903
2025-06-29 00:00,0.007729
2025-06-29 00:15,0.170441
2025-06-29 00:30,0.000303
2025-06-29 00:45,0.0
2025-06-29 01:00,0.010856
2025-06-29 01:15,0.0
2025-06-29 01:30,0.047093
2025-06-29 01:45,0.005903
2025-06-29 02:00,0.0
2025-06-29 02:15,0.0
2025-06-29 02:30,0.0
2025-06-29 02:45,0.0
2025-06-29 03:00,0.00515
2025-06-29 03:15,0.0
2025-06-29 03:30,0.0
2025-06-29 03:45,0.0
2025-06-29 04:00,0.005903
2025-06-29 04:15,0.0
2025-06-29 04:30,0.006329
2025-06-29 04:45,0.0
2025-06-29 05:00,0.001621
2025-06-29 05:15,0.0
2025-06-29 05:30,0.000696
2025-06-29 05:45,0.0
2025-06-29 06:00,0.000639
2025-06-29 06:15,0.002403
2025-06-29 06:30,0.0
2025-06-29 06:45,0.0
2025-06-29 07:00,0.011863
2025-06-29 07:15,0.000827
2025-06-29 07:30,0.0
2025-06-29 07:45,0.0
2025-06-29 08:00,0.00619
2025-06-29 08:15,0.0
2025-06-29 08:30,0.0
2025-06-29 08:45,0.005887
2025-06-29 09:00,0.0
2025-06-29 09:15,0.001576
2025-06-29 09:30,0.0
2025-06-29 09:45,0.0
2025-06-29 10:00,0.0
2025-06-29 10:15,0.0
2025-06-29 10:30,0.001568
2025-06-29 10:45,0.0
2025-06-29 11:00,0.011806
2025-06-29 11:15,0.0
2025-06-29 11:30,0.005903
2025-06-29 11:45,0.0
2025-06-29 12:00,0.0
2025-06-29 12:15,0.023808
2025-06-29 12:30,0.0
2025-06-29 12:45,0.000573
2025-06-29 13:00,0.00813
2025-06-29 13:15,0.006468
2025-06-29 13:30,0.0
2025-06-29 13:45,0.00614
2025-06-29 14:00,0.000348
2025-06-29 14:15,0.000589
2025-06-29 14:30,0.0
2025-06-29 14:45,0.005903
2025-06-29 15:00,0.005903
2025-06-29 15:15,0.005903
2025-06-29 15:30,0.186136
2025-06-29 15:45,0.277284
2025-06-29 16:00,0.374212
2025-06-29 16:15,0.256488
2025-06-29 16:30,0.406961
2025-06-29 16:45,0.716842
2025-06-29 17:00,0.396293
2025-06-29 17:15,0.0
2025-06-29 17:30,0.0
2025-06-29 17:45,0.030014
2025-06-29 18:00,0.020112
2025-06-29 18:15,0.0
2025-06-29 18:30,0.0
2025-06-29 18:45,0.012035
2025-06-29 19:00,0.374973
2025-06-29 19:15,0.333374
2025-06-29 19:30,0.757594
2025-06-29 19:45,0.710886
2025-06-29 20:00,0.658185
2025-06-29 20:15,0.000426
2025-06-29 20:30,0.0
2025-06-29 20:45,0.005887
2025-06-29 21:00,0.0
2025-06-29 21:15,0.005903
2025-06-29 21:30,0.0
2025-06-29 21:45,0.0
2025-06-29 22:00,0.0
2025-06-29 22:15,0.0
2025-06-29 22:30,0.000262
2025-06-29 22:45,0.0
2025-06-29 23:00,0.0
2025-06-29 23:15,0.0
2025-06-29 23:30,0.005903
2025-06-29 23:45,0.0
2025-06-30 00:00,0.005903
2025-06-30 00:15,0.0
2025-06-30 00:30,0.011528
2025-06-30 00:45,0.011806
2025-06-30 01:00,0.0
2025-06-30 01:15,0.0
2025-06-30 01:30,0.000573
2025-06-30 01:45,0.001646
2025-06-30 02:00,0.0
2025-06-30 02:15,0.0
2025-06-30 02:30,0.0
2025-06-30 02:45,0.0
2025-06-30 03:00,0.007344
2025-06-30 03:15,0.00063
2025-06-30 03:30,0.0
2025-06-30 03:45,0.005903
2025-06-30 04:00,0.0
2025-06-30 04:15,0.001277
2025-06-30 04:30,0.005903
2025-06-30 04:45,0.000303
2025-06-30 05:00,0.0
2025-06-30 05:15,0.0
2025-06-30 05:30,0.00068
2025-06-30 05:45,0.0
2025-06-30 06:00,0.0
2025-06-30 06:15,0.0
2025-06-30 06:30,0.005625
2025-06-30 06:45,0.023546
2025-06-30 07:00,0.002894
2025-06-30 07:15,0.00072
2025-06-30 07:30,0.000262
2025-06-30 07:45,0.0
2025-06-30 08:00,0.020599
2025-06-30 08:15,0.0
2025-06-30 08:30,0.001146
2025-06-30 08:45,0.0
2025-06-30 09:00,0.0
2025-06-30 09:15,0.0
2025-06-30 09:30,0.000287
2025-06-30 09:45,0.0
2025-06-30 10:00,0.0
2025-06-30 10:15,0.0
2025-06-30 10:30,0.0
2025-06-30 10:45,0.011528
2025-06-30 11:00,0.0
2025-06-30 11:15,0.010914
2025-06-30 11:30,0.026666
2025-06-30 11:45,0.000262
2025-06-30 12:00,0.005457
2025-06-30 12:15,0.038234
2025-06-30 12:30,0.002202
2025-06-30 12:45,0.021733
2025-06-30 13:00,0.021319
2025-06-30 13:15,0.026371
2025-06-30 13:30,0.012657
2025-06-30 13:45,0.0
2025-06-30 14:00,0.012068
2025-06-30 14:15,0.107252
2025-06-30 14:30,0.03789
2025-06-30 14:45,0.031165
2025-06-30 15:00,0.011004
2025-06-30 15:15,0.101918
2025-06-30 15:30,0.222078
2025-06-30 15:45,0.282769
2025-06-30 16:00,0.320995
2025-06-30 16:15,0.353482
2025-06-30 16:30,0.384274
2025-06-30 16:45,0.779756
2025-06-30 17:00,0.351325
2025-06-30 17:15,0.012187
2025-06-30 17:30,0.041746
2025-06-30 17:45,0.000237
2025-06-30 18:00,0.021033
2025-06-30 18:15,0.01766
2025-06-30 18:30,0.022474
2025-06-30 18:45,0.006026
2025-06-30 19:00,0.288459
2025-06-30 19:15,0.391209
2025-06-30 19:30,0.75375
2025-06-30 19:45,0.897251
2025-06-30 20:00,0.663449
2025-06-30 20:15,0.005101
2025-06-30 20:30,0.165267
2025-06-30 20:45,0.006623
2025-06-30 21:00,0.000524
2025-06-30 21:15,0.016464
2025-06-30 21:30,0.0
2025-06-30 21:45,0.0159
2025-06-30 22:00,0.000696
2025-06-30 22:15,0.000237
2025-06-30 22:30,0.000287
2025-06-30 22:45,0.006124
2025-06-30 23:00,0.011773
2025-06-30 23:15,0.000622
2025-06-30 23:30,0.0
2025-06-30 23:45,0.006673
2025-07-01 00:00,0.0
2025-07-01 00:15,0.006959
2025-07-01 00:30,0.00253
2025-07-01 00:45,0.005903
2025-07-01 01:00,0.0
2025-07-01 01:15,0.005903
2025-07-01 01:30,0.023833
2025-07-01 01:45,0.0
2025-07-01 02:00,0.000549
2025-07-01 02:15,0.0
2025-07-01 02:30,0.00619
2025-07-01 02:45,0.0
2025-07-01 03:00,0.000892
2025-07-01 03:15,0.0
2025-07-01 03:30,0.005903
2025-07-01 03:45,0.000237
2025-07-01 04:00,0.0
2025-07-01 04:15,0.0
2025-07-01 04:30,0.0
2025-07-01 04:45,0.00619
2025-07-01 05:00,0.002243
2025-07-01 05:15,0.0
2025-07-01 05:30,0.0
2025-07-01 05:45,0.0
2025-07-01 06:00,0.0
2025-07-01 06:15,0.0
2025-07-01 06:30,0.0
2025-07-01 06:45,0.0
2025-07-01 07:00,0.000663
2025-07-01 07:15,0.005706
2025-07-01 07:30,0.006214
2025-07-01 07:45,0.018745
2025-07-01 08:00,0.0
2025-07-01 08:15,0.0
2025-07-01 08:30,0.002362
2025-07-01 08:45,0.029834
2025-07-01 09:00,0.000966
2025-07-01 09:15,0.005903
2025-07-01 09:30,0.000589
2025-07-01 09:45,0.000287
2025-07-01 10:00,0.005903
2025-07-01 10:15,0.0
2025-07-01 10:30,0.0
2025-07-01 10:45,0.0
2025-07-01 11:00,0.0
2025-07-01 11:15,0.0
2025-07-01 11:30,0.004364
2025-07-01 11:45,0.000237
2025-07-01 12:00,0.023784
2025-07-01 12:15,0.0
2025-07-01 12:30,0.007745
2025-07-01 12:45,0.023546
2025-07-01 13:00,0.014021
2025-07-01 13:15,0.020861
2025-07-01 13:30,0.038156
2025-07-01 13:45,0.008666
2025-07-01 14:00,0.014094
2025-07-01 14:15,0.003062
2025-07-01 14:30,0.00605
2025-07-01 14:45,0.000573
2025-07-01 15:00,0.015302
2025-07-01 15:15,0.028778
2025-07-01 15:30,0.144946
2025-07-01 15:45,0.388589
2025-07-01 16:00,0.291341
2025-07-01 16:15,0.484837
2025-07-01 16:30,0.667207
2025-07-01 16:45,0.542361
2025-07-01 17:00,0.301002
2025-07-01 17:15,0.041558
2025-07-01 17:30,0.03089
2025-07-01 17:45,0.033813
2025-07-01 18:00,0.029515
2025-07-01 18:15,0.043171
2025-07-01 18:30,0.054555
2025-07-01 18:45,0.058109
2025-07-01 19:00,0.313348
2025-07-01 19:15,0.418189
2025-07-01 19:30,0.347587
2025-07-01 19:45,0.580824
2025-07-01 20:00,0.961316
2025-07-01 20:15,0.000811
2025-07-01 20:30,0.058186
2025-07-01 20:45,0.275458
2025-07-01 21:00,0.385347
2025-07-01 21:15,0.014025
2025-07-01 21:30,0.005903
2025-07-01 21:45,0.00763
2025-07-01 22:00,0.017946
2025-07-01 22:15,0.01865
2025-07-01 22:30,0.000287
2025-07-01 22:45,0.000794
2025-07-01 23:00,0.046487
2025-07-01 23:15,0.017709
2025-07-01 23:30,0.005903
2025-07-01 23:45,0.005903
2025-07-02 00:00,0.001228
2025-07-02 00:00,0.001242
2025-07-02 00:15,0.054798
2025-07-02 00:30,0.012381
2025-07-02 00:45,0.012762
2025-07-02 01:00,0.0
2025-07-02 01:15,0.00029
2025-07-02 01:30,0.042086
2025-07-02 01:45,0.023122
2025-07-02 02:00,0.005971
2025-07-02 02:15,0.0
2025-07-02 02:30,0.012232
2025-07-02 02:45,0.023884
2025-07-02 03:00,0.014559
2025-07-02 03:15,0.011942
2025-07-02 03:30,0.029565
2025-07-02 03:45,0.006261
2025-07-02 04:00,0.0
2025-07-02 04:15,0.005971
2025-07-02 04:30,0.0
2025-07-02 04:45,0.0
2025-07-02 05:00,0.011942
2025-07-02 05:15,0.0
2025-07-02 05:30,0.0
2025-07-02 05:45,0.006277
2025-07-02 06:00,0.00029
2025-07-02 06:15,0.00665
2025-07-02 06:30,0.003072
2025-07-02 06:45,0.002211
2025-07-02 07:00,0.005954
2025-07-02 07:15,0.000932
2025-07-02 07:30,0.0
2025-07-02 07:45,0.0
2025-07-02 08:00,0.0
2025-07-02 08:15,0.003739
2025-07-02 08:30,0.0
2025-07-02 08:45,0.000762
2025-07-02 09:00,0.0
2025-07-02 09:15,0.0
2025-07-02 09:30,0.005954
2025-07-02 09:45,0.0
2025-07-02 10:00,0.0
2025-07-02 10:15,0.005971
2025-07-02 10:30,0.00029
2025-07-02 10:45,0.007213
2025-07-02 11:00,0.00029
2025-07-02 11:15,0.005209
2025-07-02 11:30,0.011453
2025-07-02 11:45,0.005971
2025-07-02 12:00,0.005971
2025-07-02 12:15,0.021788
2025-07-02 12:30,0.012257
2025-07-02 12:45,0.005971
2025-07-02 13:00,0.024414
2025-07-02 13:15,0.011793
2025-07-02 13:30,0.006236
2025-07-02 13:45,0.029532
2025-07-02 14:00,0.005971
2025-07-02 14:15,0.012372
2025-07-02 14:30,0.000306
2025-07-02 14:45,0.020695
2025-07-02 15:00,0.006261
2025-07-02 15:15,0.025387
2025-07-02 15:30,0.141952
2025-07-02 15:45,0.392702
2025-07-02 16:00,0.496754
2025-07-02 16:15,0.284385
2025-07-02 16:30,0.642035
2025-07-02 16:45,0.768505
2025-07-02 17:00,0.29939
2025-07-02 17:15,0.052397
2025-07-02 17:30,0.032194
2025-07-02 17:45,0.08575
2025-07-02 18:00,0.062724
2025-07-02 18:15,0.053142
2025-07-02 18:30,0.058699
2025-07-02 18:45,0.015544
2025-07-02 19:00,0.23082
2025-07-02 19:15,0.35081
2025-07-02 19:30,0.445665
2025-07-02 19:45,0.728212
2025-07-02 20:00,0.603112
2025-07-02 20:15,0.030633
2025-07-02 20:30,0.042451
2025-07-02 20:45,0.006658
2025-07-02 21:00,0.058633
2025-07-02 21:15,0.013387
2025-07-02 21:30,0.0
2025-07-02 21:45,0.0
2025-07-02 22:00,0.001826
2025-07-02 22:15,0.005971
2025-07-02 22:30,0.0253
2025-07-02 22:45,0.00713
2025-07-02 23:00,0.011942
2025-07-02 23:15,0.0
2025-07-02 23:30,0.0
2025-07-02 23:45,0.0
2025-07-03 00:00,0.0
2025-07-03 00:15,0.030318
2025-07-03 00:30,0.012555
2025-07-03 00:45,0.0
2025-07-03 01:00,0.270803
2025-07-03 01:15,0.0
2025-07-03 01:30,0.10963
2025-07-03 01:45,0.011942
2025-07-03 02:00,0.001238
2025-07-03 02:15,0.0
2025-07-03 02:30,0.005971
2025-07-03 02:45,0.000323
2025-07-03 03:00,0.007809
2025-07-03 03:15,0.0
2025-07-03 03:30,0.005971
2025-07-03 03:45,0.0
2025-07-03 04:00,0.006211
2025-07-03 04:15,0.001814
2025-07-03 04:30,0.0
2025-07-03 04:45,0.002041
2025-07-03 05:00,0.000613
2025-07-03 05:15,0.0
2025-07-03 05:30,0.0
2025-07-03 05:45,0.0
2025-07-03 06:00,0.0
2025-07-03 06:15,0.0
2025-07-03 06:30,0.000439
2025-07-03 06:45,0.0
2025-07-03 07:00,0.0
2025-07-03 07:15,0.01759
2025-07-03 07:30,0.0
2025-07-03 07:45,0.0
2025-07-03 08:00,0.0
2025-07-03 08:15,0.0
2025-07-03 08:30,0.0
2025-07-03 08:45,0.00082
2025-07-03 09:00,0.000306
2025-07-03 09:15,0.0
2025-07-03 09:30,0.005954
2025-07-03 09:45,0.0
2025-07-03 10:00,0.000331
2025-07-03 10:15,0.0
2025-07-03 10:30,0.0
2025-07-03 10:45,0.0
2025-07-03 11:00,0.011528
2025-07-03 11:15,0.006195
2025-07-03 11:30,0.0
2025-07-03 11:45,0.011942
2025-07-03 12:00,0.006551
2025-07-03 12:15,0.00024
2025-07-03 12:30,0.007346
2025-07-03 12:45,0.0
2025-07-03 13:00,0.005159
2025-07-03 13:15,0.005209
2025-07-03 13:30,0.010418
2025-07-03 13:45,0.016269
2025-07-03 14:00,0.006551
2025-07-03 14:15,0.00024
2025-07-03 14:30,0.024973
2025-07-03 14:45,0.011942
2025-07-03 15:00,0.002501
2025-07-03 15:15,0.018708
2025-07-03 15:30,0.211491
2025-07-03 15:45,0.241073
2025-07-03 16:00,0.407306
2025-07-03 16:15,0.363853
2025-07-03 16:30,0.426113
2025-07-03 16:45,0.793726
2025-07-03 17:00,0.448999
2025-07-03 17:15,0.009507
2025-07-03 17:30,0.0
2025-07-03 17:45,0.000658
2025-07-03 18:00,0.026807
2025-07-03 18:15,0.018642
2025-07-03 18:30,0.005971
2025-07-03 18:45,0.005424
2025-07-03 19:00,0.471785
2025-07-03 19:15,0.408519
2025-07-03 19:30,0.550616
2025-07-03 19:45,1.0
2025-07-03 20:00,0.656113
2025-07-03 20:15,0.033896
2025-07-03 20:30,0.056504
2025-07-03 20:45,0.023817
2025-07-03 21:00,0.011909
2025-07-03 21:15,0.011942
2025-07-03 21:30,0.005971
2025-07-03 21:45,0.007743
2025-07-03 22:00,0.006277
2025-07-03 22:15,0.0
2025-07-03 22:30,0.0
2025-07-03 22:45,0.0
2025-07-03 23:00,0.0
2025-07-03 23:15,0.0
2025-07-03 23:30,0.0
2025-07-03 23:45,0.005971
2025-07-04 00:00,0.021465
2025-07-04 00:15,0.00053
2025-07-04 00:30,0.01118
2025-07-04 00:45,0.009101
2025-07-04 01:00,0.0
2025-07-04 01:15,0.0
2025-07-04 01:30,0.005954
2025-07-04 01:45,0.0
2025-07-04 02:00,0.0
2025-07-04 02:15,0.0
2025-07-04 02:30,0.0
2025-07-04 02:45,0.001731
2025-07-04 03:00,0.000712
2025-07-04 03:15,0.006348
2025-07-04 03:30,0.0
2025-07-04 03:45,0.0
2025-07-04 04:00,0.001151
2025-07-04 04:15,0.0
2025-07-04 04:30,0.001172
2025-07-04 04:45,0.003391
2025-07-04 05:00,0.0
2025-07-04 05:15,0.005971
2025-07-04 05:30,0.0
2025-07-04 05:45,0.005971
2025-07-04 06:00,0.0
2025-07-04 06:15,0.0
2025-07-04 06:30,0.0
2025-07-04 06:45,0.0
2025-07-04 07:00,0.0
2025-07-04 07:15,0.012372
2025-07-04 07:30,0.0
2025-07-04 07:45,0.0
2025-07-04 08:00,0.001159
2025-07-04 08:15,0.0
2025-07-04 08:30,0.0
2025-07-04 08:45,0.0
2025-07-04 09:00,0.0
2025-07-04 09:15,0.0
2025-07-04 09:30,0.0
2025-07-04 09:45,0.0
2025-07-04 10:00,0.002286
2025-07-04 10:15,0.0
2025-07-04 10:30,0.0
2025-07-04 10:45,0.006261
2025-07-04 11:00,0.00024
2025-07-04 11:15,0.000961
2025-07-04 11:30,0.0
2025-07-04 11:45,0.0
2025-07-04 12:00,0.0
2025-07-04 12:15,0.000778
2025-07-04 12:30,0.005971
2025-07-04 12:45,0.00152
2025-07-04 13:00,0.000646
2025-07-04 13:15,0.005209
2025-07-04 13:30,0.025407
2025-07-04 13:45,0.035776
2025-07-04 14:00,0.063394
2025-07-04 14:15,0.0
2025-07-04 14:30,0.006211
2025-07-04 14:45,0.00024
2025-07-04 15:00,0.00058
2025-07-04 15:15,0.0
2025-07-04 15:30,0.082235
2025-07-04 15:45,0.29872
2025-07-04 16:00,0.25636
2025-07-04 16:15,0.276865
2025-07-04 16:30,0.504903
2025-07-04 16:45,0.775793
2025-07-04 17:00,0.455181
2025-07-04 17:15,0.020637
2025-07-04 17:30,0.000389
2025-07-04 17:45,0.01118
2025-07-04 18:00,0.006261
2025-07-04 18:15,0.023834
2025-07-04 18:30,0.005714
2025-07-04 18:45,0.006551
2025-07-04 19:00,0.382619
2025-07-04 19:15,0.209495
2025-07-04 19:30,0.766397
2025-07-04 19:45,0.836119
2025-07-04 20:00,0.705413
2025-07-04 20:15,0.001723
2025-07-04 20:30,0.059544
2025-07-04 20:45,0.0
2025-07-04 21:00,0.005954
2025-07-04 21:15,0.0
2025-07-04 21:30,0.0
2025-07-04 21:45,0.0
2025-07-04 22:00,0.00152
2025-07-04 22:15,0.0
2025-07-04 22:30,0.001043
2025-07-04 22:45,0.0
2025-07-04 23:00,0.00029
2025-07-04 23:15,0.00029
2025-07-04 23:30,0.0
2025-07-04 23:45,0.006451
2025-07-05 00:00,0.00036
2025-07-05 00:15,0.059809
2025-07-05 00:30,0.001159
2025-07-05 00:45,0.0
2025-07-05 01:00,0.0
2025-07-05 01:15,0.011942
2025-07-05 01:30,0.011909
2025-07-05 01:45,0.011942
2025-07-05 02:00,0.000306
2025-07-05 02:15,0.0
2025-07-05 02:30,0.002389
2025-07-05 02:45,0.0
2025-07-05 03:00,0.000306
2025-07-05 03:15,0.011942
2025-07-05 03:30,0.002559
2025-07-05 03:45,0.0
2025-07-05 04:00,0.0
2025-07-05 04:15,0.00154
2025-07-05 04:30,0.000596
2025-07-05 04:45,0.000555
2025-07-05 05:00,0.0
2025-07-05 05:15,0.0
2025-07-05 05:30,0.00036
2025-07-05 05:45,0.00029
2025-07-05 06:00,0.0
2025-07-05 06:15,0.0
2025-07-05 06:30,0.005971
2025-07-05 06:45,0.0
2025-07-05 07:00,0.005954
2025-07-05 07:15,0.005954
2025-07-05 07:30,0.0
2025-07-05 07:45,0.0
2025-07-05 08:00,0.0
2025-07-05 08:15,0.0
2025-07-05 08:30,0.0
2025-07-05 08:45,0.006501
2025-07-05 09:00,0.0
2025-07-05 09:15,0.0
2025-07-05 09:30,0.0007
2025-07-05 09:45,0.000613
2025-07-05 10:00,0.0
2025-07-05 10:15,0.0
2025-07-05 10:30,0.0
2025-07-05 10:45,0.000331
2025-07-05 11:00,0.00024
2025-07-05 11:15,0.0
2025-07-05 11:30,0.0
2025-07-05 11:45,0.0
2025-07-05 12:00,0.0
2025-07-05 12:15,0.000501
2025-07-05 12:30,0.0
2025-07-05 12:45,0.0
2025-07-05 13:00,0.0
2025-07-05 13:15,0.0
2025-07-05 13:30,0.0
2025-07-05 13:45,0.00029
2025-07-05 14:00,0.0
2025-07-05 14:15,0.006211
2025-07-05 14:30,0.000431
2025-07-05 14:45,0.007267
2025-07-05 15:00,0.0
2025-07-05 15:15,0.0
2025-07-05 15:30,0.071692
2025-07-05 15:45,0.145497
2025-07-05 16:00,0.285776
2025-07-05 16:15,0.475586
2025-07-05 16:30,0.406929
2025-07-05 16:45,0.816086
2025-07-05 17:00,0.381551
2025-07-05 17:15,0.0
2025-07-05 17:30,0.005971
2025-07-05 17:45,0.014526
2025-07-05 18:00,0.000629
2025-07-05 18:15,0.0
2025-07-05 18:30,0.004828
2025-07-05 18:45,0.0
2025-07-05 19:00,0.380366
2025-07-05 19:15,0.372632
2025-07-05 19:30,0.625729
2025-07-05 19:45,0.758025
2025-07-05 20:00,0.594036
2025-07-05 20:15,0.0
2025-07-05 20:30,0.005954
2025-07-05 20:45,0.01788
2025-07-05 21:00,0.017913
2025-07-05 21:15,0.0
2025-07-05 21:30,0.0
2025-07-05 21:45,0.005971
2025-07-05 22:00,0.006551
2025-07-05 22:15,0.023851
2025-07-05 22:30,0.005971
2025-07-05 22:45,0.0
2025-07-05 23:00,0.0
2025-07-05 23:15,0.005971
2025-07-05 23:30,0.0
2025-07-05 23:45,0.0
2025-07-06 00:00,0.00029
2025-07-06 00:15,0.0
2025-07-06 00:30,0.000306
2025-07-06 00:45,0.0
2025-07-06 01:00,0.0
2025-07-06 01:15,0.005971
2025-07-06 01:30,0.006244
2025-07-06 01:45,0.0
2025-07-06 02:00,0.0
2025-07-06 02:15,0.0
2025-07-06 02:30,0.00029
2025-07-06 02:45,0.0
2025-07-06 03:00,0.000704
2025-07-06 03:15,0.012248
2025-07-06 03:30,0.0
2025-07-06 03:45,0.0
2025-07-06 04:00,0.012902
2025-07-06 04:15,0.000306
2025-07-06 04:30,0.0
2025-07-06 04:45,0.0
2025-07-06 05:00,0.0
2025-07-06 05:15,0.0
2025-07-06 05:30,0.0
2025-07-06 05:45,0.0
2025-07-06 06:00,0.0
2025-07-06 06:15,0.000265
2025-07-06 06:30,0.0
2025-07-06 06:45,0.001259
2025-07-06 07:00,0.012836
2025-07-06 07:15,0.006857
2025-07-06 07:30,0.005772
2025-07-06 07:45,0.0
2025-07-06 08:00,0.0
2025-07-06 08:15,0.0
2025-07-06 08:30,0.003188
2025-07-06 08:45,0.0
2025-07-06 09:00,0.000265
2025-07-06 09:15,0.0
2025-07-06 09:30,0.0
2025-07-06 09:45,0.00029
2025-07-06 10:00,0.0
2025-07-06 10:15,0.0
2025-07-06 10:30,0.0
2025-07-06 10:45,0.0
2025-07-06 11:00,0.0014
2025-07-06 11:15,0.00058
2025-07-06 11:30,0.0
2025-07-06 11:45,0.0
2025-07-06 12:00,0.012182
2025-07-06 12:15,0.0
2025-07-06 12:30,0.0
2025-07-06 12:45,0.005971
2025-07-06 13:00,0.0
2025-07-06 13:15,0.0
2025-07-06 13:30,0.0
2025-07-06 13:45,0.0
2025-07-06 14:00,0.005971
2025-07-06 14:15,0.003524
2025-07-06 14:30,0.011942
2025-07-06 14:45,0.005971
2025-07-06 15:00,0.006236
2025-07-06 15:15,0.0
2025-07-06 15:30,0.11975
2025-07-06 15:45,0.164428
2025-07-06 16:00,0.362478
2025-07-06 16:15,0.277006
2025-07-06 16:30,0.498919
2025-07-06 16:45,0.876391
2025-07-06 17:00,0.295921
2025-07-06 17:15,0.005971
2025-07-06 17:30,0.0
2025-07-06 17:45,0.005971
2025-07-06 18:00,0.019047
2025-07-06 18:15,0.011942
2025-07-06 18:30,0.000265
2025-07-06 18:45,0.0
2025-07-06 19:00,0.182548
2025-07-06 19:15,0.309933
2025-07-06 19:30,0.557366
2025-07-06 19:45,0.504501
2025-07-06 20:00,0.810736
2025-07-06 20:15,0.005971
2025-07-06 20:30,0.0
2025-07-06 20:45,0.012522
2025-07-06 21:00,0.012174
2025-07-06 21:15,0.023884
2025-07-06 21:30,0.0
2025-07-06 21:45,0.0
2025-07-06 22:00,0.005486
2025-07-06 22:15,0.005971
2025-07-06 22:30,0.005954
2025-07-06 22:45,0.00636
2025-07-06 23:00,0.00029
2025-07-06 23:15,0.00024
2025-07-06 23:30,0.006277
2025-07-06 23:45,0.0
2025-07-07 00:00,0.0
2025-07-07 00:15,0.0
2025-07-07 00:30,0.00106
2025-07-07 00:45,0.000265
2025-07-07 01:00,0.006261
2025-07-07 01:15,0.0
2025-07-07 01:30,0.006277
2025-07-07 01:45,0.000323
2025-07-07 02:00,0.0
2025-07-07 02:15,0.0
2025-07-07 02:30,0.0
2025-07-07 02:45,0.0
2025-07-07 03:00,0.00183
2025-07-07 03:15,0.00024
2025-07-07 03:30,0.017913
2025-07-07 03:45,0.0
2025-07-07 04:00,0.014898
2025-07-07 04:15,0.000265
2025-07-07 04:30,0.0
2025-07-07 04:45,0.023817
2025-07-07 05:00,0.0
2025-07-07 05:15,0.0
2025-07-07 05:30,0.0
2025-07-07 05:45,0.0
2025-07-07 06:00,0.0
2025-07-07 06:15,0.0
2025-07-07 06:30,0.0
2025-07-07 06:45,0.0
2025-07-07 07:00,0.012314
2025-07-07 07:15,0.0
2025-07-07 07:30,0.005209
2025-07-07 07:45,0.0
2025-07-07 08:00,0.005954
2025-07-07 08:15,0.011942
2025-07-07 08:30,0.0
2025-07-07 08:45,0.000323
2025-07-07 09:00,0.0
2025-07-07 09:15,0.002547
2025-07-07 09:30,0.0
2025-07-07 09:45,0.0
2025-07-07 10:00,0.00024
2025-07-07 10:15,0.0
2025-07-07 10:30,0.000398
2025-07-07 10:45,0.041482
2025-07-07 11:00,0.011254
2025-07-07 11:15,0.000932
2025-07-07 11:30,0.0
2025-07-07 11:45,0.029126
2025-07-07 12:00,0.007271
2025-07-07 12:15,0.0
2025-07-07 12:30,0.000306
2025-07-07 12:45,0.005209
2025-07-07 13:00,0.005209
2025-07-07 13:15,0.009577
2025-07-07 13:30,0.005424
2025-07-07 13:45,0.005971
2025-07-07 14:00,0.001772
2025-07-07 14:15,0.005399
2025-07-07 14:30,0.001246
2025-07-07 14:45,0.038633
2025-07-07 15:00,0.006551
2025-07-07 15:15,0.15632
2025-07-07 15:30,0.174159
2025-07-07 15:45,0.148453
2025-07-07 16:00,0.406014
2025-07-07 16:15,0.521826
2025-07-07 16:30,0.381799
2025-07-07 16:45,0.753077
2025-07-07 17:00,0.342889
2025-07-07 17:15,0.010368
2025-07-07 17:30,0.011213
2025-07-07 17:45,0.014451
2025-07-07 18:00,0.00824
2025-07-07 18:15,0.000505
2025-07-07 18:30,0.027536
2025-07-07 18:45,0.039917
2025-07-07 19:00,0.294215
2025-07-07 19:15,0.351911
2025-07-07 19:30,0.634644
2025-07-07 19:45,0.68374
2025-07-07 20:00,0.834744
2025-07-07 20:15,0.053763
2025-07-07 20:30,0.04489
2025-07-07 20:45,0.00053
2025-07-07 21:00,0.000265
2025-07-07 21:15,0.00029
2025-07-07 21:30,0.008016
2025-07-07 21:45,0.010368
2025-07-07 22:00,0.00048
2025-07-07 22:15,0.01248
2025-07-07 22:30,0.016604
2025-07-07 22:45,0.018542
2025-07-07 23:00,0.018695
2025-07-07 23:15,0.006356
2025-07-07 23:30,0.005971
2025-07-07 23:45,0.0
2025-07-08 00:00,0.012232
2025-07-08 00:15,0.0
2025-07-08 00:30,0.00713
2025-07-08 00:45,0.010368
2025-07-08 01:00,0.001279
2025-07-08 01:15,0.0
2025-07-08 01:30,0.019229
2025-07-08 01:45,0.000778
2025-07-08 02:00,0.0
2025-07-08 02:15,0.0
2025-07-08 02:30,0.0
2025-07-08 02:45,0.005971
2025-07-08 03:00,0.006551
2025-07-08 03:15,0.0
2025-07-08 03:30,0.0
2025-07-08 03:45,0.0
2025-07-08 04:00,0.0
2025-07-08 04:15,0.001569
2025-07-08 04:30,0.006646
2025-07-08 04:45,0.00029
2025-07-08 05:00,0.005971
2025-07-08 05:15,0.0
2025-07-08 05:30,0.0
2025-07-08 05:45,0.000265
2025-07-08 06:00,0.0
2025-07-08 06:15,0.003934
2025-07-08 06:30,0.0
2025-07-08 06:45,0.0
2025-07-08 07:00,0.007404
2025-07-08 07:15,0.012348
2025-07-08 07:30,0.006029
2025-07-08 07:45,0.000265
2025-07-08 08:00,0.0
2025-07-08 08:15,0.0
2025-07-08 08:30,0.0
2025-07-08 08:45,0.0
2025-07-08 09:00,0.00029
2025-07-08 09:15,0.006286
2025-07-08 09:30,0.0
2025-07-08 09:45,0.0
2025-07-08 10:00,0.003023
2025-07-08 10:15,0.0
2025-07-08 10:30,0.0
2025-07-08 10:45,0.0
2025-07-08 11:00,0.00053
2025-07-08 11:15,0.020637
2025-07-08 11:30,0.005971
2025-07-08 11:45,0.029788
2025-07-08 12:00,0.0
2025-07-08 12:15,0.039308
2025-07-08 12:30,0.010319
2025-07-08 12:45,0.0
2025-07-08 13:00,0.00077
2025-07-08 13:15,0.011573
2025-07-08 13:30,0.022683
2025-07-08 13:45,0.009014
2025-07-08 14:00,0.095849
2025-07-08 14:15,0.001176
2025-07-08 14:30,0.031693
2025-07-08 14:45,0.021921
2025-07-08 15:00,0.006211
2025-07-08 15:15,0.010203
2025-07-08 15:30,0.066293
2025-07-08 15:45,0.286107
2025-07-08 16:00,0.428001
2025-07-08 16:15,0.274745
2025-07-08 16:30,0.656105
2025-07-08 16:45,0.728067
2025-07-08 17:00,0.531184
2025-07-08 17:15,0.00684
2025-07-08 17:30,0.00024
2025-07-08 17:45,0.007395
2025-07-08 18:00,0.012066
2025-07-08 18:15,0.00058
2025-07-08 18:30,0.020637
2025-07-08 18:45,0.003776
2025-07-08 19:00,0.248012
2025-07-08 19:15,0.300368
2025-07-08 19:30,0.709065
2025-07-08 19:45,0.932241
2025-07-08 20:00,0.59705
2025-07-08 20:15,0.017499
2025-07-08 20:30,0.032049
2025-07-08 20:45,0.021586
2025-07-08 21:00,0.066806
2025-07-08 21:15,0.01925
2025-07-08 21:30,0.000331
2025-07-08 21:45,0.006356
2025-07-08 22:00,0.011942
2025-07-08 22:15,0.021465
2025-07-08 22:30,0.007412
2025-07-08 22:45,0.001242
2025-07-08 23:00,0.008269
2025-07-08 23:15,0.000505
2025-07-08 23:30,0.0
2025-07-08 23:45,0.0
2025-07-09 00:00,0.0
2025-07-09 00:00,0.0
2025-07-09 00:15,0.026979
2025-07-09 00:30,0.0
2025-07-09 00:45,0.0
2025-07-09 01:00,0.0
2025-07-09 01:15,0.000379
2025-07-09 01:30,0.021224
2025-07-09 01:45,0.000693
2025-07-09 02:00,0.010237
2025-07-09 02:15,0.0
2025-07-09 02:30,0.005154
2025-07-09 02:45,0.006695
2025-07-09 03:00,0.001312
2025-07-09 03:15,0.000643
2025-07-09 03:30,0.000229
2025-07-09 03:45,0.0
2025-07-09 04:00,0.000229
2025-07-09 04:15,0.001544
2025-07-09 04:30,0.001834
2025-07-09 04:45,0.018901
2025-07-09 05:00,0.000597
2025-07-09 05:15,0.0
2025-07-09 05:30,0.0
2025-07-09 05:45,0.000872
2025-07-09 06:00,0.015419
2025-07-09 06:15,0.0
2025-07-09 06:30,0.00025
2025-07-09 06:45,0.0
2025-07-09 07:00,0.016284
2025-07-09 07:15,0.000264
2025-07-09 07:30,0.0
2025-07-09 07:45,0.0
2025-07-09 08:00,0.0
2025-07-09 08:15,0.000833
2025-07-09 08:30,0.0
2025-07-09 08:45,0.0005
2025-07-09 09:00,0.000651
2025-07-09 09:15,0.00025
2025-07-09 09:30,0.0
2025-07-09 09:45,0.020559
2025-07-09 10:00,0.011155
2025-07-09 10:15,0.0
2025-07-09 10:30,0.0
2025-07-09 10:45,0.0
2025-07-09 11:00,0.007717
2025-07-09 11:15,0.027922
2025-07-09 11:30,0.005154
2025-07-09 11:45,0.001026
2025-07-09 12:00,0.0
2025-07-09 12:15,0.000829
2025-07-09 12:30,0.010097
2025-07-09 12:45,0.006041
2025-07-09 13:00,0.008174
2025-07-09 13:15,0.023776
2025-07-09 13:30,0.005487
2025-07-09 13:45,0.010172
2025-07-09 14:00,0.025856
2025-07-09 14:15,0.000229
2025-07-09 14:30,0.001058
2025-07-09 14:45,0.004725
2025-07-09 15:00,0.019816
2025-07-09 15:15,0.005447
2025-07-09 15:30,0.132299
2025-07-09 15:45,0.184265
2025-07-09 16:00,0.196618
2025-07-09 16:15,0.221399
2025-07-09 16:30,0.383943
2025-07-09 16:45,0.599537
2025-07-09 17:00,0.337827
2025-07-09 17:15,0.013404
2025-07-09 17:30,0.105799
2025-07-09 17:45,0.01617
2025-07-09 18:00,0.028165
2025-07-09 18:15,0.00504
2025-07-09 18:30,0.015916
2025-07-09 18:45,0.023533
2025-07-09 19:00,0.188708
2025-07-09 19:15,0.350259
2025-07-09 19:30,0.535586
2025-07-09 19:45,0.620568
2025-07-09 20:00,0.570978
2025-07-09 20:15,0.005626
2025-07-09 20:30,0.18186
2025-07-09 20:45,0.011302
2025-07-09 21:00,0.015462
2025-07-09 21:15,0.011856
2025-07-09 21:30,0.017814
2025-07-09 21:45,0.005476
2025-07-09 22:00,0.0
2025-07-09 22:15,0.0
2025-07-09 22:30,0.01028
2025-07-09 22:45,0.051427
2025-07-09 23:00,0.00025
2025-07-09 23:15,0.0
2025-07-09 23:30,0.005383
2025-07-09 23:45,0.010308
2025-07-10 00:00,0.0
2025-07-10 00:15,0.001937
2025-07-10 00:30,0.031068
2025-07-10 00:45,0.0
2025-07-10 01:00,0.224351
2025-07-10 01:15,0.0
2025-07-10 01:30,0.094497
2025-07-10 01:45,0.0
2025-07-10 02:00,0.007538
2025-07-10 02:15,0.000329
2025-07-10 02:30,0.010308
2025-07-10 02:45,0.008221
2025-07-10 03:00,0.0
2025-07-10 03:15,0.000801
2025-07-10 03:30,0.0
2025-07-10 03:45,0.0
2025-07-10 04:00,0.020802
2025-07-10 04:15,0.00025
2025-07-10 04:30,0.0
2025-07-10 04:45,0.002123
2025-07-10 05:00,0.015434
2025-07-10 05:15,0.000207
2025-07-10 05:30,0.000608
2025-07-10 05:45,0.0
2025-07-10 06:00,0.00514
2025-07-10 06:15,0.00025
2025-07-10 06:30,0.0
2025-07-10 06:45,0.0
2025-07-10 07:00,0.010852
2025-07-10 07:15,0.01063
2025-07-10 07:30,0.005204
2025-07-10 07:45,0.0
2025-07-10 08:00,0.000379
2025-07-10 08:15,0.0
2025-07-10 08:30,0.000329
2025-07-10 08:45,0.0
2025-07-10 09:00,0.005154
2025-07-10 09:15,0.0
2025-07-10 09:30,0.0
2025-07-10 09:45,0.002373
2025-07-10 10:00,0.005154
2025-07-10 10:15,0.005154
2025-07-10 10:30,0.008907
2025-07-10 10:45,0.0
2025-07-10 11:00,0.01068
2025-07-10 11:15,0.072193
2025-07-10 11:30,0.046244
2025-07-10 11:45,0.00574
2025-07-10 12:00,0.0
2025-07-10 12:15,0.000229
2025-07-10 12:30,0.06022
2025-07-10 12:45,0.016388
2025-07-10 13:00,0.001001
2025-07-10 13:15,0.003424
2025-07-10 13:30,0.003814
2025-07-10 13:45,0.010716
2025-07-10 14:00,0.0
2025-07-10 14:15,0.009933
2025-07-10 14:30,0.072873
2025-07-10 14:45,0.010065
2025-07-10 15:00,0.0
2025-07-10 15:15,0.000415
2025-07-10 15:30,0.199452
2025-07-10 15:45,0.266692
2025-07-10 16:00,0.423074
2025-07-10 16:15,0.416984
2025-07-10 16:30,0.301573
2025-07-10 16:45,0.485463
2025-07-10 17:00,0.299593
2025-07-10 17:15,0.015713
2025-07-10 17:30,0.002352
2025-07-10 17:45,0.001573
2025-07-10 18:00,0.036054
2025-07-10 18:15,0.003178
2025-07-10 18:30,0.000922
2025-07-10 18:45,0.015448
2025-07-10 19:00,0.231256
2025-07-10 19:15,0.335097
2025-07-10 19:30,0.761559
2025-07-10 19:45,0.364842
2025-07-10 20:00,1.0
2025-07-10 20:15,0.00025
2025-07-10 20:30,0.010508
2025-07-10 20:45,0.010794
2025-07-10 21:00,0.012328
2025-07-10 21:15,0.0
2025-07-10 21:30,0.002867
2025-07-10 21:45,0.000658
2025-07-10 22:00,0.00039
2025-07-10 22:15,0.0
2025-07-10 22:30,0.001662
2025-07-10 22:45,0.008893
2025-07-10 23:00,0.001308
2025-07-10 23:15,0.0
2025-07-10 23:30,0.000829
2025-07-10 23:45,0.00574
2025-07-11 00:00,0.0
2025-07-11 00:15,0.0
2025-07-11 00:30,0.023047
2025-07-11 00:45,0.015462
2025-07-11 01:00,0.0
2025-07-11 01:15,0.0
2025-07-11 01:30,0.025713
2025-07-11 01:45,0.0
2025-07-11 02:00,0.0
2025-07-11 02:15,0.0005
2025-07-11 02:30,0.0
2025-07-11 02:45,0.0
2025-07-11 03:00,0.001208
2025-07-11 03:15,0.0
2025-07-11 03:30,0.0
2025-07-11 03:45,0.003138
2025-07-11 04:00,0.0
2025-07-11 04:15,0.000808
2025-07-11 04:30,0.0
2025-07-11 04:45,0.00025
2025-07-11 05:00,0.000336
2025-07-11 05:15,0.0
2025-07-11 05:30,0.0
2025-07-11 05:45,0.0
2025-07-11 06:00,0.0006
2025-07-11 06:15,0.000479
2025-07-11 06:30,0.0
2025-07-11 06:45,0.0
2025-07-11 07:00,0.0
2025-07-11 07:15,0.09068
2025-07-11 07:30,0.000229
2025-07-11 07:45,0.000229
2025-07-11 08:00,0.0
2025-07-11 08:15,0.0
2025-07-11 08:30,0.0
2025-07-11 08:45,0.0
2025-07-11 09:00,0.0
2025-07-11 09:15,0.000207
2025-07-11 09:30,0.00539
2025-07-11 09:45,0.0
2025-07-11 10:00,0.001719
2025-07-11 10:15,0.0
2025-07-11 10:30,0.000229
2025-07-11 10:45,0.0
2025-07-11 11:00,0.000654
2025-07-11 11:15,0.005647
2025-07-11 11:30,0.004761
2025-07-11 11:45,0.0
2025-07-11 12:00,0.005154
2025-07-11 12:15,0.009429
2025-07-11 12:30,0.015462
2025-07-11 12:45,0.005944
2025-07-11 13:00,0.00514
2025-07-11 13:15,0.024863
2025-07-11 13:30,0.009786
2025-07-11 13:45,0.023476
2025-07-11 14:00,0.005529
2025-07-11 14:15,0.01098
2025-07-11 14:30,0.000207
2025-07-11 14:45,0.043285
2025-07-11 15:00,0.004725
2025-07-11 15:15,0.000365
2025-07-11 15:30,0.116908
2025-07-11 15:45,0.258543
2025-07-11 16:00,0.318784
2025-07-11 16:15,0.464007
2025-07-11 16:30,0.541912
2025-07-11 16:45,0.850684
2025-07-11 17:00,0.300394
2025-07-11 17:15,0.004682
2025-07-11 17:30,0.001072
2025-07-11 17:45,0.0
2025-07-11 18:00,0.010187
2025-07-11 18:15,0.007145
2025-07-11 18:30,0.124371
2025-07-11 18:45,0.094036
2025-07-11 19:00,0.299554
2025-07-11 19:15,0.522725
2025-07-11 19:30,0.541376
2025-07-11 19:45,0.706351
2025-07-11 20:00,0.633299
2025-07-11 20:15,0.005583
2025-07-11 20:30,0.093596
2025-07-11 20:45,0.012506
2025-07-11 21:00,0.023669
2025-07-11 21:15,0.048088
2025-07-11 21:30,0.000365
2025-07-11 21:45,0.0
2025-07-11 22:00,0.001519
2025-07-11 22:15,0.008203
2025-07-11 22:30,0.0
2025-07-11 22:45,0.044321
2025-07-11 23:00,0.000207
2025-07-11 23:15,0.0
2025-07-11 23:30,0.0
2025-07-11 23:45,0.0
2025-07-12 00:00,0.00064
2025-07-12 00:15,0.0
2025-07-12 00:30,0.176227
2025-07-12 00:45,0.006284
2025-07-12 01:00,0.005154
2025-07-12 01:15,0.000229
2025-07-12 01:30,0.01028
2025-07-12 01:45,0.005154
2025-07-12 02:00,0.010712
2025-07-12 02:15,0.006226
2025-07-12 02:30,0.0
2025-07-12 02:45,0.005154
2025-07-12 03:00,0.002223
2025-07-12 03:15,0.005697
2025-07-12 03:30,0.004496
2025-07-12 03:45,0.0
2025-07-12 04:00,0.000207
2025-07-12 04:15,0.005476
2025-07-12 04:30,0.002098
2025-07-12 04:45,0.0
2025-07-12 05:00,0.015462
2025-07-12 05:15,0.005369
2025-07-12 05:30,0.009651
2025-07-12 05:45,0.0
2025-07-12 06:00,0.0
2025-07-12 06:15,0.0
2025-07-12 06:30,0.000533
2025-07-12 06:45,0.0
2025-07-12 07:00,0.0
2025-07-12 07:15,0.0
2025-07-12 07:30,0.0005
2025-07-12 07:45,0.001001
2025-07-12 08:00,0.0
2025-07-12 08:15,0.0
2025-07-12 08:30,0.000379
2025-07-12 08:45,0.0
2025-07-12 09:00,0.00514
2025-07-12 09:15,0.00025
2025-07-12 09:30,0.003664
2025-07-12 09:45,0.0
2025-07-12 10:00,0.0
2025-07-12 10:15,0.001001
2025-07-12 10:30,0.005347
2025-07-12 10:45,0.0
2025-07-12 11:00,0.0
2025-07-12 11:15,0.006226
2025-07-12 11:30,0.0
2025-07-12 11:45,0.000229
2025-07-12 12:00,0.000325
2025-07-12 12:15,0.0
2025-07-12 12:30,0.005154
2025-07-12 12:45,0.0
2025-07-12 13:00,0.000229
2025-07-12 13:15,0.0
2025-07-12 13:30,0.000375
2025-07-12 13:45,0.005154
2025-07-12 14:00,0.0
2025-07-12 14:15,0.0
2025-07-12 14:30,0.0
2025-07-12 14:45,0.005154
2025-07-12 15:00,0.0
2025-07-12 15:15,0.000379
2025-07-12 15:30,0.087699
2025-07-12 15:45,0.258332
2025-07-12 16:00,0.226167
2025-07-12 16:15,0.208549
2025-07-12 16:30,0.366486
2025-07-12 16:45,0.622784
2025-07-12 17:00,0.212474
2025-07-12 17:15,0.001301
2025-07-12 17:30,0.000229
2025-07-12 17:45,0.000229
2025-07-12 18:00,0.005383
2025-07-12 18:15,0.00539
2025-07-12 18:30,0.0
2025-07-12 18:45,0.015948
2025-07-12 19:00,0.345562
2025-07-12 19:15,0.269544
2025-07-12 19:30,0.527365
2025-07-12 19:45,0.437532
2025-07-12 20:00,0.571436
2025-07-12 20:15,0.004736
2025-07-12 20:30,0.144587
2025-07-12 20:45,0.020867
2025-07-12 21:00,0.0
2025-07-12 21:15,0.0
2025-07-12 21:30,0.005154
2025-07-12 21:45,0.02557
2025-07-12 22:00,0.0
2025-07-12 22:15,0.010308
2025-07-12 22:30,0.000379
2025-07-12 22:45,0.005369
2025-07-12 23:00,0.000332
2025-07-12 23:15,0.010573
2025-07-12 23:30,0.005197
2025-07-12 23:45,0.000332
2025-07-13 00:00,0.010308
2025-07-13 00:15,0.012696
2025-07-13 00:30,0.00198
2025-07-13 00:45,0.0
2025-07-13 01:00,0.0
2025-07-13 01:15,0.0
2025-07-13 01:30,0.01028
2025-07-13 01:45,0.0
2025-07-13 02:00,0.0
2025-07-13 02:15,0.0
2025-07-13 02:30,0.0
2025-07-13 02:45,0.0
2025-07-13 03:00,0.0
2025-07-13 03:15,0.0
2025-07-13 03:30,0.0
2025-07-13 03:45,0.0
2025-07-13 04:00,0.0
2025-07-13 04:15,0.006205
2025-07-13 04:30,0.005154
2025-07-13 04:45,0.000354
2025-07-13 05:00,0.0
2025-07-13 05:15,0.000515
2025-07-13 05:30,0.000829
2025-07-13 05:45,0.0
2025-07-13 06:00,0.0
2025-07-13 06:15,0.000264
2025-07-13 06:30,0.0
2025-07-13 06:45,0.0
2025-07-13 07:00,0.001551
2025-07-13 07:15,0.004157
2025-07-13 07:30,0.005426
2025-07-13 07:45,0.0
2025-07-13 08:00,0.0
2025-07-13 08:15,0.000672
2025-07-13 08:30,0.00025
2025-07-13 08:45,0.001312
2025-07-13 09:00,0.0
2025-07-13 09:15,0.0
2025-07-13 09:30,0.0
2025-07-13 09:45,0.0
2025-07-13 10:00,0.00514
2025-07-13 10:15,0.010308
2025-07-13 10:30,0.0
2025-07-13 10:45,0.0
2025-07-13 11:00,0.000561
2025-07-13 11:15,0.0
2025-07-13 11:30,0.0
2025-07-13 11:45,0.000558
2025-07-13 12:00,0.000207
2025-07-13 12:15,0.0
2025-07-13 12:30,0.0
2025-07-13 12:45,0.00035
2025-07-13 13:00,0.020559
2025-07-13 13:15,0.006001
2025-07-13 13:30,0.000536
2025-07-13 13:45,0.007406
2025-07-13 14:00,0.0
2025-07-13 14:15,0.000229
2025-07-13 14:30,0.005404
2025-07-13 14:45,0.005154
2025-07-13 15:00,0.0
2025-07-13 15:15,0.001887
2025-07-13 15:30,0.143465
2025-07-13 15:45,0.312736
2025-07-13 16:00,0.217824
2025-07-13 16:15,0.472392
2025-07-13 16:30,0.4955
2025-07-13 16:45,0.652047
2025-07-13 17:00,0.294528
2025-07-13 17:15,0.005154
2025-07-13 17:30,0.001094
2025-07-13 17:45,0.0
2025-07-13 18:00,0.0
2025-07-13 18:15,0.0
2025-07-13 18:30,0.010955
2025-07-13 18:45,0.002355
2025-07-13 19:00,0.246326
2025-07-13 19:15,0.48343
2025-07-13 19:30,0.725738
2025-07-13 19:45,0.574259
2025-07-13 20:00,0.746547
2025-07-13 20:15,0.005494
2025-07-13 20:30,0.072848
2025-07-13 20:45,0.0
2025-07-13 21:00,0.000207
2025-07-13 21:15,0.001962
2025-07-13 21:30,0.005154
2025-07-13 21:45,0.0
2025-07-13 22:00,0.000915
2025-07-13 22:15,0.0
2025-07-13 22:30,0.005154
2025-07-13 22:45,0.0
2025-07-13 23:00,0.005912
2025-07-13 23:15,0.0
2025-07-13 23:30,0.0
2025-07-13 23:45,0.001072
2025-07-14 00:00,0.000279
2025-07-14 00:15,0.0
2025-07-14 00:30,0.000207
2025-07-14 00:45,0.010537
2025-07-14 01:00,0.0
2025-07-14 01:15,0.0
2025-07-14 01:30,0.002145
2025-07-14 01:45,0.010308
2025-07-14 02:00,0.0
2025-07-14 02:15,0.0
2025-07-14 02:30,0.000415
2025-07-14 02:45,0.0
2025-07-14 03:00,0.002902
2025-07-14 03:15,0.0
2025-07-14 03:30,0.0
2025-07-14 03:45,0.0
2025-07-14 04:00,0.001205
2025-07-14 04:15,0.0
2025-07-14 04:30,0.0
2025-07-14 04:45,0.00025
2025-07-14 05:00,0.0
2025-07-14 05:15,0.0
2025-07-14 05:30,0.0
2025-07-14 05:45,0.000672
2025-07-14 06:00,0.000672
2025-07-14 06:15,0.0
2025-07-14 06:30,0.000207
2025-07-14 06:45,0.002145
2025-07-14 07:00,0.011398
2025-07-14 07:15,0.000629
2025-07-14 07:30,0.000229
2025-07-14 07:45,0.001283
2025-07-14 08:00,0.0
2025-07-14 08:15,0.001072
2025-07-14 08:30,0.001537
2025-07-14 08:45,0.0
2025-07-14 09:00,0.0
2025-07-14 09:15,0.0
2025-07-14 09:30,0.0
2025-07-14 09:45,0.0
2025-07-14 10:00,0.000586
2025-07-14 10:15,0.001283
2025-07-14 10:30,0.0
2025-07-14 10:45,0.000508
2025-07-14 11:00,0.042248
2025-07-14 11:15,0.00341
2025-07-14 11:30,0.0
2025-07-14 11:45,0.004496
2025-07-14 12:00,0.0
2025-07-14 12:15,0.00584
2025-07-14 12:30,0.030932
2025-07-14 12:45,0.008017
2025-07-14 13:00,0.025356
2025-07-14 13:15,0.006998
2025-07-14 13:30,0.005068
2025-07-14 13:45,0.001623
2025-07-14 14:00,0.005154
2025-07-14 14:15,0.006312
2025-07-14 14:30,0.014111
2025-07-14 14:45,0.027908
2025-07-14 15:00,0.000379
2025-07-14 15:15,0.000229
2025-07-14 15:30,0.168967
2025-07-14 15:45,0.250736
2025-07-14 16:00,0.225538
2025-07-14 16:15,0.612654
2025-07-14 16:30,0.34691
2025-07-14 16:45,0.696421
2025-07-14 17:00,0.249056
2025-07-14 17:15,0.004496
2025-07-14 17:30,0.015269
2025-07-14 17:45,0.001376
2025-07-14 18:00,0.001119
2025-07-14 18:15,0.022554
2025-07-14 18:30,0.023669
2025-07-14 18:45,0.002995
2025-07-14 19:00,0.28091
2025-07-14 19:15,0.880926
2025-07-14 19:30,0.616965
2025-07-14 19:45,0.625936
2025-07-14 20:00,0.56546
2025-07-14 20:15,0.0
2025-07-14 20:30,0.005154
2025-07-14 20:45,0.006784
2025-07-14 21:00,0.0
2025-07-14 21:15,0.006466
2025-07-14 21:30,0.005154
2025-07-14 21:45,0.000264
2025-07-14 22:00,0.022393
2025-07-14 22:15,0.017986
2025-07-14 22:30,0.04154
2025-07-14 22:45,0.001087
2025-07-14 23:00,0.0
2025-07-14 23:15,0.0
2025-07-14 23:30,0.003346
2025-07-14 23:45,0.0
2025-07-15 00:00,0.010308
2025-07-15 00:15,0.017986
2025-07-15 00:30,0.005315
2025-07-15 00:45,0.0
2025-07-15 01:00,0.0
2025-07-15 01:15,0.005419
2025-07-15 01:30,0.015434
2025-07-15 01:45,0.002563
2025-07-15 02:00,0.0
2025-07-15 02:15,0.005383
2025-07-15 02:30,0.007506
2025-07-15 02:45,0.000436
2025-07-15 03:00,0.000608
2025-07-15 03:15,0.005154
2025-07-15 03:30,0.005154
2025-07-15 03:45,0.003717
2025-07-15 04:00,0.0
2025-07-15 04:15,0.0
2025-07-15 04:30,0.005154
2025-07-15 04:45,0.002706
2025-07-15 05:00,0.0
2025-07-15 05:15,0.0
2025-07-15 05:30,0.000286
2025-07-15 05:45,0.0
2025-07-15 06:00,0.005297
2025-07-15 06:15,0.000815
2025-07-15 06:30,0.001222
2025-07-15 06:45,0.0
2025-07-15 07:00,0.000558
2025-07-15 07:15,0.006083
2025-07-15 07:30,0.000815
2025-07-15 07:45,0.001394
2025-07-15 08:00,0.0
2025-07-15 08:15,0.003045
2025-07-15 08:30,0.001394
2025-07-15 08:45,0.001283
2025-07-15 09:00,0.000264
2025-07-15 09:15,0.002638
2025-07-15 09:30,0.001072
2025-07-15 09:45,0.000879
2025-07-15 10:00,0.00094
2025-07-15 10:15,0.0
2025-07-15 10:30,0.00514
2025-07-15 10:45,0.005326
2025-07-15 11:00,0.074917
2025-07-15 11:15,0.046437
2025-07-15 11:30,0.0
2025-07-15 11:45,0.00025
2025-07-15 12:00,0.008496
2025-07-15 12:15,0.005033
2025-07-15 12:30,0.010659
2025-07-15 12:45,0.023465
2025-07-15 13:00,0.010498
2025-07-15 13:15,0.03421
2025-07-15 13:30,0.01023
2025-07-15 13:45,0.04969
2025-07-15 14:00,0.015362
2025-07-15 14:15,0.017457
2025-07-15 14:30,0.077416
2025-07-15 14:45,0.127488
2025-07-15 15:00,0.133417
2025-07-15 15:15,0.176266
2025-07-15 15:30,0.143425
2025-07-15 15:45,0.205557
2025-07-15 16:00,0.533563
2025-07-15 16:15,0.356314
2025-07-15 16:30,0.39973
2025-07-15 16:45,0.68196
2025-07-15 17:00,0.329782
2025-07-15 17:15,0.011205
2025-07-15 17:30,0.000643
2025-07-15 17:45,0.069727
2025-07-15 18:00,0.135594
2025-07-15 18:15,0.06957
2025-07-15 18:30,0.110353
2025-07-15 18:45,0.192518
2025-07-15 19:00,0.160178
2025-07-15 19:15,0.303793
2025-07-15 19:30,0.472399
2025-07-15 19:45,0.501902
2025-07-15 20:00,0.715497
2025-07-15 20:15,0.005776
2025-07-15 20:30,0.121147
2025-07-15 20:45,0.003181
2025-07-15 21:00,0.021145
2025-07-15 21:15,0.079499
2025-07-15 21:30,0.035629
2025-07-15 21:45,0.005712
2025-07-15 22:00,0.01374
2025-07-15 22:15,0.008621
2025-07-15 22:30,0.0
2025-07-15 22:45,0.035893
2025-07-15 23:00,0.072608
2025-07-15 23:15,0.016059
2025-07-15 23:30,0.010308
2025-07-15 23:45,0.005383
2025-07-16 00:00,0.005154
2025-07-16 00:00,0.005192
2025-07-16 00:15,0.0
2025-07-16 00:30,0.231991
2025-07-16 00:45,0.000943
2025-07-16 01:00,0.005192
2025-07-16 01:15,0.0
2025-07-16 01:30,0.010563
2025-07-16 01:45,0.0
2025-07-16 02:00,0.0
2025-07-16 02:15,0.00059
2025-07-16 02:30,0.020371
2025-07-16 02:45,0.0
2025-07-16 03:00,0.031669
2025-07-16 03:15,0.0
2025-07-16 03:30,0.044698
2025-07-16 03:45,0.0
2025-07-16 04:00,0.0
2025-07-16 04:15,0.015575
2025-07-16 04:30,0.000266
2025-07-16 04:45,0.005192
2025-07-16 05:00,0.002715
2025-07-16 05:15,0.0
2025-07-16 05:30,0.0
2025-07-16 05:45,0.000331
2025-07-16 06:00,0.003737
2025-07-16 06:15,0.0
2025-07-16 06:30,0.000878
2025-07-16 06:45,0.0
2025-07-16 07:00,0.0
2025-07-16 07:15,0.005465
2025-07-16 07:30,0.2278
2025-07-16 07:45,0.0
2025-07-16 08:00,0.0
2025-07-16 08:15,0.002607
2025-07-16 08:30,0.0
2025-07-16 08:45,0.0
2025-07-16 09:00,0.005465
2025-07-16 09:15,0.000335
2025-07-16 09:30,0.0
2025-07-16 09:45,0.0
2025-07-16 10:00,0.0
2025-07-16 10:15,0.005192
2025-07-16 10:30,0.0
2025-07-16 10:45,0.0
2025-07-16 11:00,0.002239
2025-07-16 11:15,0.002106
2025-07-16 11:30,0.0
2025-07-16 11:45,0.0
2025-07-16 12:00,0.024777
2025-07-16 12:15,0.004529
2025-07-16 12:30,0.004846
2025-07-16 12:45,0.011024
2025-07-16 13:00,0.015575
2025-07-16 13:15,0.015993
2025-07-16 13:30,0.012479
2025-07-16 13:45,0.005156
2025-07-16 14:00,0.009894
2025-07-16 14:15,0.000209
2025-07-16 14:30,0.004695
2025-07-16 14:45,0.005192
2025-07-16 15:00,0.071776
2025-07-16 15:15,0.014481
2025-07-16 15:30,0.152294
2025-07-16 15:45,0.292977
2025-07-16 16:00,0.299551
2025-07-16 16:15,0.588842
2025-07-16 16:30,0.429513
2025-07-16 16:45,0.558775
2025-07-16 17:00,0.319342
2025-07-16 17:15,0.0
2025-07-16 17:30,0.0
2025-07-16 17:45,0.005444
2025-07-16 18:00,0.025829
2025-07-16 18:15,0.000209
2025-07-16 18:30,0.005192
2025-07-16 18:45,0.140571
2025-07-16 19:00,0.169929
2025-07-16 19:15,0.376606
2025-07-16 19:30,0.609594
2025-07-16 19:45,0.505019
2025-07-16 20:00,0.550549
2025-07-16 20:15,0.007417
2025-07-16 20:30,0.086905
2025-07-16 20:45,0.016288
2025-07-16 21:00,0.000418
2025-07-16 21:15,0.03353
2025-07-16 21:30,0.011816
2025-07-16 21:45,0.004486
2025-07-16 22:00,0.00791
2025-07-16 22:15,0.005192
2025-07-16 22:30,0.021508
2025-07-16 22:45,0.0
2025-07-16 23:00,0.0
2025-07-16 23:15,0.001325
2025-07-16 23:30,0.014495
2025-07-16 23:45,0.010383
2025-07-17 00:00,0.0
2025-07-17 00:15,0.000295
2025-07-17 00:30,0.010844
2025-07-17 00:45,0.004529
2025-07-17 01:00,0.010614
2025-07-17 01:15,0.001098
2025-07-17 01:30,0.04661
2025-07-17 01:45,0.010383
2025-07-17 02:00,0.0
2025-07-17 02:15,0.0
2025-07-17 02:30,0.001131
2025-07-17 02:45,0.00023
2025-07-17 03:00,0.010369
2025-07-17 03:15,0.0
2025-07-17 03:30,0.0
2025-07-17 03:45,0.000252
2025-07-17 04:00,0.0
2025-07-17 04:15,0.0
2025-07-17 04:30,0.000896
2025-07-17 04:45,0.000886
2025-07-17 05:00,0.001239
2025-07-17 05:15,0.0
2025-07-17 05:30,0.0
2025-07-17 05:45,0.000353
2025-07-17 06:00,0.0
2025-07-17 06:15,0.005444
2025-07-17 06:30,0.0
2025-07-17 06:45,0.000252
2025-07-17 07:00,0.0
2025-07-17 07:15,0.0
2025-07-17 07:30,0.026347
2025-07-17 07:45,0.010355
2025-07-17 08:00,0.0
2025-07-17 08:15,0.0
2025-07-17 08:30,0.0
2025-07-17 08:45,0.000252
2025-07-17 09:00,0.0
2025-07-17 09:15,0.0
2025-07-17 09:30,0.0
2025-07-17 09:45,0.005177
2025-07-17 10:00,0.0
2025-07-17 10:15,0.0
2025-07-17 10:30,0.000209
2025-07-17 10:45,0.005242
2025-07-17 11:00,0.0
2025-07-17 11:15,0.0
2025-07-17 11:30,0.000252
2025-07-17 11:45,0.0
2025-07-17 12:00,0.009433
2025-07-17 12:15,0.004486
2025-07-17 12:30,0.005019
2025-07-17 12:45,0.001311
2025-07-17 13:00,0.000943
2025-07-17 13:15,0.004875
2025-07-17 13:30,0.00023
2025-07-17 13:45,0.020093
2025-07-17 14:00,0.000209
2025-07-17 14:15,0.014466
2025-07-17 14:30,0.001797
2025-07-17 14:45,0.012162
2025-07-17 15:00,0.11978
2025-07-17 15:15,0.006149
2025-07-17 15:30,0.091189
2025-07-17 15:45,0.128683
2025-07-17 16:00,0.163938
2025-07-17 16:15,0.196942
2025-07-17 16:30,0.329578
2025-07-17 16:45,0.412368
2025-07-17 17:00,0.220942
2025-07-17 17:15,0.005192
2025-07-17 17:30,0.382355
2025-07-17 17:45,0.000209
2025-07-17 18:00,0.00023
2025-07-17 18:15,0.002023
2025-07-17 18:30,0.019816
2025-07-17 18:45,0.000356
2025-07-17 19:00,0.264347
2025-07-17 19:15,0.265507
2025-07-17 19:30,0.483143
2025-07-17 19:45,0.785154
2025-07-17 20:00,0.862006
2025-07-17 20:15,0.006689
2025-07-17 20:30,0.040014
2025-07-17 20:45,0.005512
2025-07-17 21:00,0.000439
2025-07-17 21:15,0.005627
2025-07-17 21:30,0.0
2025-07-17 21:45,0.059341
2025-07-17 22:00,0.000482
2025-07-17 22:15,0.002653
2025-07-17 22:30,0.010383
2025-07-17 22:45,0.010599
2025-07-17 23:00,0.0
2025-07-17 23:15,0.000677
2025-07-17 23:30,0.0
2025-07-17 23:45,0.002506
2025-07-18 00:00,0.002067
2025-07-18 00:15,0.0
2025-07-18 00:30,0.0
2025-07-18 00:45,0.010383
2025-07-18 01:00,0.005192
2025-07-18 01:15,0.020842
2025-07-18 01:30,0.015798
2025-07-18 01:45,0.0
2025-07-18 02:00,0.0
2025-07-18 02:15,0.005192
2025-07-18 02:30,0.005192
2025-07-18 02:45,0.0
2025-07-18 03:00,0.003672
2025-07-18 03:15,0.005192
2025-07-18 03:30,0.0
2025-07-18 03:45,0.0
2025-07-18 04:00,0.005177
2025-07-18 04:15,0.0
2025-07-18 04:30,0.0
2025-07-18 04:45,0.005134
2025-07-18 05:00,0.0
2025-07-18 05:15,0.0
2025-07-18 05:30,0.001253
2025-07-18 05:45,0.009779
2025-07-18 06:00,0.0
2025-07-18 06:15,0.0
2025-07-18 06:30,0.0
2025-07-18 06:45,0.0
2025-07-18 07:00,0.002167
2025-07-18 07:15,0.006596
2025-07-18 07:30,0.0
2025-07-18 07:45,0.0
2025-07-18 08:00,0.0
2025-07-18 08:15,0.0
2025-07-18 08:30,0.005465
2025-07-18 08:45,0.007744
2025-07-18 09:00,0.0
2025-07-18 09:15,0.011708
2025-07-18 09:30,0.0
2025-07-18 09:45,0.000504
2025-07-18 10:00,0.001008
2025-07-18 10:15,0.0
2025-07-18 10:30,0.0
2025-07-18 10:45,0.000295
2025-07-18 11:00,0.0
2025-07-18 11:15,0.00031
2025-07-18 11:30,0.0
2025-07-18 11:45,0.00468
2025-07-18 12:00,0.005912
2025-07-18 12:15,0.014625
2025-07-18 12:30,0.008493
2025-07-18 12:45,0.001894
2025-07-18 13:00,0.010383
2025-07-18 13:15,0.009743
2025-07-18 13:30,0.001991
2025-07-18 13:45,0.018873
2025-07-18 14:00,0.006045
2025-07-18 14:15,0.023121
2025-07-18 14:30,0.00508
2025-07-18 14:45,0.009404
2025-07-18 15:00,0.022426
2025-07-18 15:15,0.014837
2025-07-18 15:30,0.175523
2025-07-18 15:45,0.138231
2025-07-18 16:00,0.240221
2025-07-18 16:15,0.326496
2025-07-18 16:30,0.622858
2025-07-18 16:45,0.560997
2025-07-18 17:00,0.542333
2025-07-18 17:15,0.017501
2025-07-18 17:30,0.0
2025-07-18 17:45,0.0
2025-07-18 18:00,0.005465
2025-07-18 18:15,0.005361
2025-07-18 18:30,0.032813
2025-07-18 18:45,0.061508
2025-07-18 19:00,0.272704
2025-07-18 19:15,0.359814
2025-07-18 19:30,1.0
2025-07-18 19:45,0.44795
2025-07-18 20:00,0.788084
2025-07-18 20:15,0.05955
2025-07-18 20:30,0.266943
2025-07-18 20:45,0.214476
2025-07-18 21:00,0.024619
2025-07-18 21:15,0.0
2025-07-18 21:30,0.0
2025-07-18 21:45,0.000342
2025-07-18 22:00,0.007121
2025-07-18 22:15,0.0
2025-07-18 22:30,0.009721
2025-07-18 22:45,0.000209
2025-07-18 23:00,0.0
2025-07-18 23:15,0.0
2025-07-18 23:30,0.0
2025-07-18 23:45,0.000626
2025-07-19 00:00,0.004194
2025-07-19 00:15,0.031352
2025-07-19 00:30,0.006171
2025-07-19 00:45,0.011953
2025-07-19 01:00,0.0
2025-07-19 01:15,0.010355
2025-07-19 01:30,0.047445
2025-07-19 01:45,0.0
2025-07-19 02:00,0.0
2025-07-19 02:15,0.000749
2025-07-19 02:30,0.009674
2025-07-19 02:45,0.0
2025-07-19 03:00,0.000785
2025-07-19 03:15,0.005192
2025-07-19 03:30,0.005192
2025-07-19 03:45,0.001923
2025-07-19 04:00,0.0
2025-07-19 04:15,0.009462
2025-07-19 04:30,0.004558
2025-07-19 04:45,0.000763
2025-07-19 05:00,0.001321
2025-07-19 05:15,0.005473
2025-07-19 05:30,0.0
2025-07-19 05:45,0.0
2025-07-19 06:00,0.0
2025-07-19 06:15,0.0
2025-07-19 06:30,0.011845
2025-07-19 06:45,0.000281
2025-07-19 07:00,0.005192
2025-07-19 07:15,0.0
2025-07-19 07:30,0.000209
2025-07-19 07:45,0.0
2025-07-19 08:00,0.0
2025-07-19 08:15,0.001311
2025-07-19 08:30,0.000252
2025-07-19 08:45,0.0
2025-07-19 09:00,0.0
2025-07-19 09:15,0.000281
2025-07-19 09:30,0.0
2025-07-19 09:45,0.0
2025-07-19 10:00,0.00023
2025-07-19 10:15,0.0
2025-07-19 10:30,0.0
2025-07-19 10:45,0.0
2025-07-19 11:00,0.00023
2025-07-19 11:15,0.010635
2025-07-19 11:30,0.0
2025-07-19 11:45,0.000436
2025-07-19 12:00,0.0
2025-07-19 12:15,0.00108
2025-07-19 12:30,0.019946
2025-07-19 12:45,0.0
2025-07-19 13:00,0.0
2025-07-19 13:15,0.000281
2025-07-19 13:30,0.0
2025-07-19 13:45,0.0
2025-07-19 14:00,0.0
2025-07-19 14:15,0.0
2025-07-19 14:30,0.000331
2025-07-19 14:45,0.0
2025-07-19 15:00,0.0
2025-07-19 15:15,0.0
2025-07-19 15:30,0.143653
2025-07-19 15:45,0.131124
2025-07-19 16:00,0.227289
2025-07-19 16:15,0.564669
2025-07-19 16:30,0.380555
2025-07-19 16:45,0.502916
2025-07-19 17:00,0.354568
2025-07-19 17:15,0.0
2025-07-19 17:30,0.010383
2025-07-19 17:45,0.0
2025-07-19 18:00,0.0
2025-07-19 18:15,0.000461
2025-07-19 18:30,0.0
2025-07-19 18:45,0.0
2025-07-19 19:00,0.179682
2025-07-19 19:15,0.254464
2025-07-19 19:30,0.538196
2025-07-19 19:45,0.317715
2025-07-19 20:00,0.769669
2025-07-19 20:15,0.0
2025-07-19 20:30,0.000209
2025-07-19 20:45,0.005696
2025-07-19 21:00,0.0
2025-07-19 21:15,0.001008
2025-07-19 21:30,0.005192
2025-07-19 21:45,0.0
2025-07-19 22:00,0.00023
2025-07-19 22:15,0.0
2025-07-19 22:30,0.0062
2025-07-19 22:45,0.0
2025-07-19 23:00,0.005192
2025-07-19 23:15,0.0
2025-07-19 23:30,0.0
2025-07-19 23:45,0.0
2025-07-20 00:00,0.0
2025-07-20 00:15,0.000504
2025-07-20 00:30,0.001789
2025-07-20 00:45,0.0
2025-07-20 01:00,0.000252
2025-07-20 01:15,0.015978
2025-07-20 01:30,0.025958
2025-07-20 01:45,0.004529
2025-07-20 02:00,0.0
2025-07-20 02:15,0.005192
2025-07-20 02:30,0.005192
2025-07-20 02:45,0.000644
2025-07-20 03:00,0.000252
2025-07-20 03:15,0.0
2025-07-20 03:30,0.005192
2025-07-20 03:45,0.0
2025-07-20 04:00,0.000266
2025-07-20 04:15,0.000569
2025-07-20 04:30,0.0
2025-07-20 04:45,0.0
2025-07-20 05:00,0.005343
2025-07-20 05:15,0.00023
2025-07-20 05:30,0.0
2025-07-20 05:45,0.0
2025-07-20 06:00,0.00023
2025-07-20 06:15,0.0
2025-07-20 06:30,0.0
2025-07-20 06:45,0.00023
2025-07-20 07:00,0.0
2025-07-20 07:15,0.0
2025-07-20 07:30,0.006599
2025-07-20 07:45,0.000252
2025-07-20 08:00,0.0
2025-07-20 08:15,0.000252
2025-07-20 08:30,0.000331
2025-07-20 08:45,0.0
2025-07-20 09:00,0.0
2025-07-20 09:15,0.0
2025-07-20 09:30,0.00522
2025-07-20 09:45,0.0
2025-07-20 10:00,0.011003
2025-07-20 10:15,0.0
2025-07-20 10:30,0.004662
2025-07-20 10:45,0.0
2025-07-20 11:00,0.0
2025-07-20 11:15,0.0
2025-07-20 11:30,0.001455
2025-07-20 11:45,0.0
2025-07-20 12:00,0.008079
2025-07-20 12:15,0.0
2025-07-20 12:30,0.0
2025-07-20 12:45,0.0
2025-07-20 13:00,0.000331
2025-07-20 13:15,0.00023
2025-07-20 13:30,0.000504
2025-07-20 13:45,0.0
2025-07-20 14:00,0.0
2025-07-20 14:15,0.006747
2025-07-20 14:30,0.0
2025-07-20 14:45,0.0
2025-07-20 15:00,0.005192
2025-07-20 15:15,0.0
2025-07-20 15:30,0.168244
2025-07-20 15:45,0.123455
2025-07-20 16:00,0.409052
2025-07-20 16:15,0.429757
2025-07-20 16:30,0.285362
2025-07-20 16:45,0.518815
2025-07-20 17:00,0.310507
2025-07-20 17:15,0.025958
2025-07-20 17:30,0.015575
2025-07-20 17:45,0.0
2025-07-20 18:00,0.000756
2025-07-20 18:15,0.0
2025-07-20 18:30,0.002477
2025-07-20 18:45,0.0
2025-07-20 19:00,0.145281
2025-07-20 19:15,0.199016
2025-07-20 19:30,0.855245
2025-07-20 19:45,0.432299
2025-07-20 20:00,0.888534
2025-07-20 20:15,0.005192
2025-07-20 20:30,0.005833
2025-07-20 20:45,0.005696
2025-07-20 21:00,0.005192
2025-07-20 21:15,0.010355
2025-07-20 21:30,0.010355
2025-07-20 21:45,0.0
2025-07-20 22:00,0.005192
2025-07-20 22:15,0.0
2025-07-20 22:30,0.0
2025-07-20 22:45,0.024878
2025-07-20 23:00,0.0
2025-07-20 23:15,0.0
2025-07-20 23:30,0.0
2025-07-20 23:45,0.005192
2025-07-21 00:00,0.00023
2025-07-21 00:15,0.0
2025-07-21 00:30,0.011463
2025-07-21 00:45,0.010355
2025-07-21 01:00,0.002477
2025-07-21 01:15,0.015784
2025-07-21 01:30,0.01263
2025-07-21 01:45,0.0
2025-07-21 02:00,0.0
2025-07-21 02:15,0.0
2025-07-21 02:30,0.011705
2025-07-21 02:45,0.001253
2025-07-21 03:00,0.016202
2025-07-21 03:15,0.0
2025-07-21 03:30,0.000418
2025-07-21 03:45,0.0
2025-07-21 04:00,0.000612
2025-07-21 04:15,0.006581
2025-07-21 04:30,0.005696
2025-07-21 04:45,0.000554
2025-07-21 05:00,0.0
2025-07-21 05:15,0.0
2025-07-21 05:30,0.000504
2025-07-21 05:45,0.006207
2025-07-21 06:00,0.00072
2025-07-21 06:15,0.0
2025-07-21 06:30,0.0
2025-07-21 06:45,0.001332
2025-07-21 07:00,0.005192
2025-07-21 07:15,0.00023
2025-07-21 07:30,0.005177
2025-07-21 07:45,0.0
2025-07-21 08:00,0.005192
2025-07-21 08:15,0.0
2025-07-21 08:30,0.000374
2025-07-21 08:45,0.0
2025-07-21 09:00,0.00023
2025-07-21 09:15,0.0
2025-07-21 09:30,0.0
2025-07-21 09:45,0.0
2025-07-21 10:00,0.0
2025-07-21 10:15,0.0
2025-07-21 10:30,0.00108
2025-07-21 10:45,0.000324
2025-07-21 11:00,0.0
2025-07-21 11:15,0.0
2025-07-21 11:30,0.005192
2025-07-21 11:45,0.0
2025-07-21 12:00,0.016382
2025-07-21 12:15,0.005512
2025-07-21 12:30,0.000648
2025-07-21 12:45,0.001804
2025-07-21 13:00,0.001689
2025-07-21 13:15,0.010095
2025-07-21 13:30,0.000335
2025-07-21 13:45,0.016922
2025-07-21 14:00,0.006905
2025-07-21 14:15,0.013652
2025-07-21 14:30,0.00939
2025-07-21 14:45,0.026592
2025-07-21 15:00,0.089011
2025-07-21 15:15,0.028097
2025-07-21 15:30,0.169554
2025-07-21 15:45,0.334961
2025-07-21 16:00,0.359663
2025-07-21 16:15,0.646771
2025-07-21 16:30,0.514268
2025-07-21 16:45,0.566343
2025-07-21 17:00,0.214638
2025-07-21 17:15,0.002574
2025-07-21 17:30,0.007183
2025-07-21 17:45,0.004738
2025-07-21 18:00,0.010635
2025-07-21 18:15,0.015132
2025-07-21 18:30,0.010232
2025-07-21 18:45,0.020047
2025-07-21 19:00,0.201399
2025-07-21 19:15,0.292542
2025-07-21 19:30,0.606573
2025-07-21 19:45,0.378431
2025-07-21 20:00,0.675264
2025-07-21 20:15,0.041047
2025-07-21 20:30,0.011989
2025-07-21 20:45,0.007121
2025-07-21 21:00,0.0
2025-07-21 21:15,0.0
2025-07-21 21:30,0.000209
2025-07-21 21:45,0.005753
2025-07-21 22:00,0.005192
2025-07-21 22:15,0.022711
2025-07-21 22:30,0.015852
2025-07-21 22:45,0.005192
2025-07-21 23:00,0.001588
2025-07-21 23:15,0.03919
2025-07-21 23:30,0.000713
2025-07-21 23:45,0.000824
2025-07-22 00:00,0.017174
2025-07-22 00:15,0.010819
2025-07-22 00:30,0.013444
2025-07-22 00:45,0.000486
2025-07-22 01:00,0.0
2025-07-22 01:15,0.005401
2025-07-22 01:30,0.000266
2025-07-22 01:45,0.000392
2025-07-22 02:00,0.001624
2025-07-22 02:15,0.015035
2025-07-22 02:30,0.0
2025-07-22 02:45,0.0
2025-07-22 03:00,0.005192
2025-07-22 03:15,0.000601
2025-07-22 03:30,0.005606
2025-07-22 03:45,0.000266
2025-07-22 04:00,0.007345
2025-07-22 04:15,0.01029
2025-07-22 04:30,0.0
2025-07-22 04:45,0.0
2025-07-22 05:00,0.000648
2025-07-22 05:15,0.000461
2025-07-22 05:30,0.0
2025-07-22 05:45,0.001058
2025-07-22 06:00,0.000436
2025-07-22 06:15,0.001203
2025-07-22 06:30,0.000904
2025-07-22 06:45,0.005516
2025-07-22 07:00,0.010657
2025-07-22 07:15,0.00135
2025-07-22 07:30,0.0
2025-07-22 07:45,0.00971
2025-07-22 08:00,0.0
2025-07-22 08:15,0.0
2025-07-22 08:30,0.004486
2025-07-22 08:45,0.000943
2025-07-22 09:00,0.026174
2025-07-22 09:15,0.000418
2025-07-22 09:30,0.005512
2025-07-22 09:45,0.0
2025-07-22 10:00,0.00243
2025-07-22 10:15,0.004486
2025-07-22 10:30,0.000209
2025-07-22 10:45,0.0
2025-07-22 11:00,0.0
2025-07-22 11:15,0.009321
2025-07-22 11:30,0.001066
2025-07-22 11:45,0.004486
2025-07-22 12:00,0.00108
2025-07-22 12:15,0.04998
2025-07-22 12:30,0.014207
2025-07-22 12:45,0.009282
2025-07-22 13:00,0.01497
2025-07-22 13:15,0.018833
2025-07-22 13:30,0.01865
2025-07-22 13:45,0.011013
2025-07-22 14:00,0.017656
2025-07-22 14:15,0.057033
2025-07-22 14:30,0.005192
2025-07-22 14:45,0.011852
2025-07-22 15:00,0.0
2025-07-22 15:15,0.017386
2025-07-22 15:30,0.11677
2025-07-22 15:45,0.381855
2025-07-22 16:00,0.429279
2025-07-22 16:15,0.506355
2025-07-22 16:30,0.425794
2025-07-22 16:45,0.571992
2025-07-22 17:00,0.274119
2025-07-22 17:15,0.029199
2025-07-22 17:30,0.000763
2025-07-22 17:45,0.070599
2025-07-22 18:00,0.004317
2025-07-22 18:15,0.013894
2025-07-22 18:30,0.010869
2025-07-22 18:45,0.019442
2025-07-22 19:00,0.444087
2025-07-22 19:15,0.413009
2025-07-22 19:30,0.546041
2025-07-22 19:45,0.671664
2025-07-22 20:00,0.734987
2025-07-22 20:15,0.012151
2025-07-22 20:30,0.045904
2025-07-22 20:45,0.015204
2025-07-22 21:00,0.00386
2025-07-22 21:15,0.009721
2025-07-22 21:30,0.097569
2025-07-22 21:45,0.006272
2025-07-22 22:00,0.000504
2025-07-22 22:15,0.000335
2025-07-22 22:30,0.0
2025-07-22 22:45,0.0
2025-07-22 23:00,0.032489
2025-07-22 23:15,0.007582
2025-07-22 23:30,0.005393
2025-07-22 23:45,0.000767
2025-07-23 00:00,0.001293
2025-07-23 00:00,0.000312
2025-07-23 00:15,0.002739
2025-07-23 00:30,0.000111
2025-07-23 00:45,0.053577
2025-07-23 01:00,0.001251
2025-07-23 01:15,0.003798
2025-07-23 01:30,0.00239
2025-07-23 01:45,0.001432
2025-07-23 02:00,0.002503
2025-07-23 02:15,0.001312
2025-07-23 02:30,0.005127
2025-07-23 02:45,0.001479
2025-07-23 03:00,0.002091
2025-07-23 03:15,0.001417
2025-07-23 03:30,0.0
2025-07-23 03:45,0.001251
2025-07-23 04:00,0.0
2025-07-23 04:15,0.00136
2025-07-23 04:30,0.001303
2025-07-23 04:45,0.00089
2025-07-23 05:00,6.1e-05
2025-07-23 05:15,0.0
2025-07-23 05:30,0.001302
2025-07-23 05:45,0.004714
2025-07-23 06:00,5e-05
2025-07-23 06:15,0.0
2025-07-23 06:30,0.0
2025-07-23 06:45,0.0
2025-07-23 07:00,0.001428
2025-07-23 07:15,0.001675
2025-07-23 07:30,0.001132
2025-07-23 07:45,0.016412
2025-07-23 08:00,0.000452
2025-07-23 08:15,0.0
2025-07-23 08:30,0.000575
2025-07-23 08:45,0.0
2025-07-23 09:00,0.001221
2025-07-23 09:15,0.009381
2025-07-23 09:30,0.000691
2025-07-23 09:45,0.0
2025-07-23 10:00,0.0
2025-07-23 10:15,0.001251
2025-07-23 10:30,0.001569
2025-07-23 10:45,0.000121
2025-07-23 11:00,0.0
2025-07-23 11:15,6.1e-05
2025-07-23 11:30,0.007804
2025-07-23 11:45,0.001179
2025-07-23 12:00,0.001251
2025-07-23 12:15,5e-05
2025-07-23 12:30,0.002502
2025-07-23 12:45,0.010084
2025-07-23 13:00,0.0051
2025-07-23 13:15,0.002741
2025-07-23 13:30,0.001092
2025-07-23 13:45,0.000201
2025-07-23 14:00,0.0
2025-07-23 14:15,0.000575
2025-07-23 14:30,0.002233
2025-07-23 14:45,0.005343
2025-07-23 15:00,0.006562
2025-07-23 15:15,0.000488
2025-07-23 15:30,0.042826
2025-07-23 15:45,0.050562
2025-07-23 16:00,0.059478
2025-07-23 16:15,0.078088
2025-07-23 16:30,0.098321
2025-07-23 16:45,0.144775
2025-07-23 17:00,0.121564
2025-07-23 17:15,0.037827
2025-07-23 17:30,0.001317
2025-07-23 17:45,0.005331
2025-07-23 18:00,1.0
2025-07-23 18:15,0.227312
2025-07-23 18:30,0.519933
2025-07-23 18:45,0.002886
2025-07-23 19:00,0.053438
2025-07-23 19:15,0.124276
2025-07-23 19:30,0.156389
2025-07-23 19:45,0.151766
2025-07-23 20:00,0.202096
2025-07-23 20:15,0.000163
2025-07-23 20:30,0.040449
2025-07-23 20:45,0.025356
2025-07-23 21:00,0.002786
2025-07-23 21:15,0.001307
2025-07-23 21:30,0.000376
2025-07-23 21:45,0.0
2025-07-23 22:00,0.0
2025-07-23 22:15,0.0
2025-07-23 22:30,0.0
2025-07-23 22:45,0.0
2025-07-23 23:00,0.000348
2025-07-23 23:15,0.001332
2025-07-23 23:30,0.0
2025-07-23 23:45,0.000101
2025-07-24 00:00,5.6e-05
2025-07-24 00:15,0.001666
2025-07-24 00:30,0.0
2025-07-24 00:45,0.002617
2025-07-24 01:00,0.001251
2025-07-24 01:15,0.001316
2025-07-24 01:30,0.003799
2025-07-24 01:45,0.001459
2025-07-24 02:00,0.001362
2025-07-24 02:15,0.001316
2025-07-24 02:30,0.001352
2025-07-24 02:45,0.001251
2025-07-24 03:00,0.001337
2025-07-24 03:15,0.0
2025-07-24 03:30,0.000456
2025-07-24 03:45,0.0
2025-07-24 04:00,0.000116
2025-07-24 04:15,0.001208
2025-07-24 04:30,0.0
2025-07-24 04:45,0.000125
2025-07-24 05:00,0.0
2025-07-24 05:15,0.002503
2025-07-24 05:30,0.0
2025-07-24 05:45,0.001179
2025-07-24 06:00,0.0
2025-07-24 06:15,5e-05
2025-07-24 06:30,6.1e-05
2025-07-24 06:45,0.003744
2025-07-24 07:00,6.1e-05
2025-07-24 07:15,0.0
2025-07-24 07:30,0.001265
2025-07-24 07:45,9e-05
2025-07-24 08:00,8.4e-05
2025-07-24 08:15,5e-05
2025-07-24 08:30,0.001092
2025-07-24 08:45,0.0
2025-07-24 09:00,0.0
2025-07-24 09:15,0.0
2025-07-24 09:30,0.000157
2025-07-24 09:45,0.0
2025-07-24 10:00,0.000542
2025-07-24 10:15,0.000362
2025-07-24 10:30,0.001654
2025-07-24 10:45,0.0
2025-07-24 11:00,5.6e-05
2025-07-24 11:15,0.000448
2025-07-24 11:30,0.0
2025-07-24 11:45,0.0
2025-07-24 12:00,0.0
2025-07-24 12:15,6.4e-05
2025-07-24 12:30,5e-05
2025-07-24 12:45,0.000639
2025-07-24 13:00,0.001093
2025-07-24 13:15,0.002768
2025-07-24 13:30,0.001248
2025-07-24 13:45,0.002438
2025-07-24 14:00,0.0
2025-07-24 14:15,0.005469
2025-07-24 14:30,0.001702
2025-07-24 14:45,0.002087
2025-07-24 15:00,0.000101
2025-07-24 15:15,0.004742
2025-07-24 15:30,0.029937
2025-07-24 15:45,0.034811
2025-07-24 16:00,0.09174
2025-07-24 16:15,0.06663
2025-07-24 16:30,0.077959
2025-07-24 16:45,0.170901
2025-07-24 17:00,0.058422
2025-07-24 17:15,0.002272
2025-07-24 17:30,5.6e-05
2025-07-24 17:45,0.000277
2025-07-24 18:00,0.000298
2025-07-24 18:15,0.001211
2025-07-24 18:30,0.002029
2025-07-24 18:45,0.0
2025-07-24 19:00,0.063475
2025-07-24 19:15,0.078068
2025-07-24 19:30,0.142245
2025-07-24 19:45,0.117952
2025-07-24 20:00,0.13434
2025-07-24 20:15,0.004325
2025-07-24 20:30,0.008073
2025-07-24 20:45,0.0
2025-07-24 21:00,0.000581
2025-07-24 21:15,0.000804
2025-07-24 21:30,0.001251
2025-07-24 21:45,5.6e-05
2025-07-24 22:00,0.001307
2025-07-24 22:15,0.001092
2025-07-24 22:30,0.002582
2025-07-24 22:45,0.002735
2025-07-24 23:00,0.003605
2025-07-24 23:15,0.001182
2025-07-24 23:30,0.000989
2025-07-24 23:45,0.001307
2025-07-25 00:00,0.000784
2025-07-25 00:15,0.0
2025-07-25 00:30,0.000111
2025-07-25 00:45,0.012479
2025-07-25 01:00,0.002925
2025-07-25 01:15,0.004992
2025-07-25 01:30,0.001373
2025-07-25 01:45,0.00027
2025-07-25 02:00,0.004045
2025-07-25 02:15,0.010536
2025-07-25 02:30,0.005006
2025-07-25 02:45,0.000222
2025-07-25 03:00,0.000354
2025-07-25 03:15,8.2e-05
2025-07-25 03:30,0.001251
2025-07-25 03:45,0.002503
2025-07-25 04:00,0.00031
2025-07-25 04:15,0.000908
2025-07-25 04:30,0.000448
2025-07-25 04:45,6.1e-05
2025-07-25 05:00,0.004403
2025-07-25 05:15,0.002496
2025-07-25 05:30,0.0
2025-07-25 05:45,0.001243
2025-07-25 06:00,5e-05
2025-07-25 06:15,0.000181
2025-07-25 06:30,5.6e-05
2025-07-25 06:45,0.0
2025-07-25 07:00,0.0
2025-07-25 07:15,0.000295
2025-07-25 07:30,6.1e-05
2025-07-25 07:45,0.000154
2025-07-25 08:00,0.0
2025-07-25 08:15,0.0
2025-07-25 08:30,0.0
2025-07-25 08:45,0.001092
2025-07-25 09:00,5e-05
2025-07-25 09:15,0.0
2025-07-25 09:30,0.000574
2025-07-25 09:45,5e-05
2025-07-25 10:00,0.0
2025-07-25 10:15,0.0
2025-07-25 10:30,0.000419
2025-07-25 10:45,0.0
2025-07-25 11:00,0.000341
2025-07-25 11:15,5.6e-05
2025-07-25 11:30,0.00121
2025-07-25 11:45,0.000739
2025-07-25 12:00,0.0
2025-07-25 12:15,0.000266
2025-07-25 12:30,0.001272
2025-07-25 12:45,0.001081
2025-07-25 13:00,0.001591
2025-07-25 13:15,0.001763
2025-07-25 13:30,0.000649
2025-07-25 13:45,0.001657
2025-07-25 14:00,0.029679
2025-07-25 14:15,0.000905
2025-07-25 14:30,5.6e-05
2025-07-25 14:45,0.001159
2025-07-25 15:00,0.002525
2025-07-25 15:15,0.018213
2025-07-25 15:30,0.028484
2025-07-25 15:45,0.069161
2025-07-25 16:00,0.075069
2025-07-25 16:15,0.099802
2025-07-25 16:30,0.056496
2025-07-25 16:45,0.094411
2025-07-25 17:00,0.064246
2025-07-25 17:15,0.005453
2025-07-25 17:30,0.0
2025-07-25 17:45,5.6e-05
2025-07-25 18:00,0.006681
2025-07-25 18:15,0.001251
2025-07-25 18:30,0.004695
2025-07-25 18:45,0.000111
2025-07-25 19:00,0.065033
2025-07-25 19:15,0.07022
2025-07-25 19:30,0.134907
2025-07-25 19:45,0.097845
2025-07-25 20:00,0.164829
2025-07-25 20:15,0.001357
2025-07-25 20:30,0.012257
2025-07-25 20:45,0.001618
2025-07-25 21:00,0.003816
2025-07-25 21:15,0.003098
2025-07-25 21:30,0.000304
2025-07-25 21:45,0.001081
2025-07-25 22:00,0.001307
2025-07-25 22:15,0.001282
2025-07-25 22:30,0.0
2025-07-25 22:45,0.002503
2025-07-25 23:00,0.003628
2025-07-25 23:15,0.0
2025-07-25 23:30,0.001092
2025-07-25 23:45,0.0
2025-07-26 00:00,0.0
2025-07-26 00:15,0.001352
2025-07-26 00:30,5e-05
2025-07-26 00:45,0.0
2025-07-26 01:00,0.001316
2025-07-26 01:15,0.003229
2025-07-26 01:30,0.003744
2025-07-26 01:45,0.000129
2025-07-26 02:00,0.0
2025-07-26 02:15,0.00287
2025-07-26 02:30,0.001366
2025-07-26 02:45,0.00044
2025-07-26 03:00,0.003921
2025-07-26 03:15,0.002503
2025-07-26 03:30,0.0
2025-07-26 03:45,0.000297
2025-07-26 04:00,7.7e-05
2025-07-26 04:15,0.001251
2025-07-26 04:30,0.002612
2025-07-26 04:45,0.000134
2025-07-26 05:00,0.0
2025-07-26 05:15,0.000528
2025-07-26 05:30,0.0
2025-07-26 05:45,0.008497
2025-07-26 06:00,0.0
2025-07-26 06:15,0.0
2025-07-26 06:30,0.0
2025-07-26 06:45,0.000222
2025-07-26 07:00,0.001575
2025-07-26 07:15,0.001285
2025-07-26 07:30,0.0
2025-07-26 07:45,0.0
2025-07-26 08:00,6.1e-05
2025-07-26 08:15,0.0
2025-07-26 08:30,0.000305
2025-07-26 08:45,0.0
2025-07-26 09:00,0.003617
2025-07-26 09:15,0.0
2025-07-26 09:30,5.6e-05
2025-07-26 09:45,0.0
2025-07-26 10:00,0.001092
2025-07-26 10:15,0.001073
2025-07-26 10:30,0.000673
2025-07-26 10:45,0.0
2025-07-26 11:00,0.002399
2025-07-26 11:15,0.0
2025-07-26 11:30,0.0
2025-07-26 11:45,5e-05
2025-07-26 12:00,0.000163
2025-07-26 12:15,0.0
2025-07-26 12:30,0.001251
2025-07-26 12:45,0.004147
2025-07-26 13:00,0.0
2025-07-26 13:15,0.0
2025-07-26 13:30,0.0
2025-07-26 13:45,0.0
2025-07-26 14:00,0.004846
2025-07-26 14:15,0.003382
2025-07-26 14:30,5e-05
2025-07-26 14:45,5.6e-05
2025-07-26 15:00,0.000442
2025-07-26 15:15,0.0
2025-07-26 15:30,0.06503
2025-07-26 15:45,0.041738
2025-07-26 16:00,0.051428
2025-07-26 16:15,0.061297
2025-07-26 16:30,0.093516
2025-07-26 16:45,0.141601
2025-07-26 17:00,0.030707
2025-07-26 17:15,0.002503
2025-07-26 17:30,0.001251
2025-07-26 17:45,0.0
2025-07-26 18:00,0.000826
2025-07-26 18:15,5.6e-05
2025-07-26 18:30,0.0
2025-07-26 18:45,0.000115
2025-07-26 19:00,0.028503
2025-07-26 19:15,0.097543
2025-07-26 19:30,0.160709
2025-07-26 19:45,0.122762
2025-07-26 20:00,0.114407
2025-07-26 20:15,0.0
2025-07-26 20:30,0.005108
2025-07-26 20:45,6.4e-05
2025-07-26 21:00,0.0
2025-07-26 21:15,6.4e-05
2025-07-26 21:30,0.0002
2025-07-26 21:45,0.002651
2025-07-26 22:00,0.001251
2025-07-26 22:15,0.0
2025-07-26 22:30,0.0
2025-07-26 22:45,0.001302
2025-07-26 23:00,6.4e-05
2025-07-26 23:15,0.001248
2025-07-26 23:30,0.0
2025-07-26 23:45,0.003236
2025-07-27 00:00,0.001875
2025-07-27 00:15,0.005122
2025-07-27 00:30,0.002065
2025-07-27 00:45,0.000331
2025-07-27 01:00,0.0
2025-07-27 01:15,0.000277
2025-07-27 01:30,0.00234
2025-07-27 01:45,8.1e-05
2025-07-27 02:00,5e-05
2025-07-27 02:15,0.005042
2025-07-27 02:30,0.000439
2025-07-27 02:45,0.000391
2025-07-27 03:00,0.001238
2025-07-27 03:15,5.6e-05
2025-07-27 03:30,0.001194
2025-07-27 03:45,0.0
2025-07-27 04:00,0.0
2025-07-27 04:15,0.0
2025-07-27 04:30,8.9e-05
2025-07-27 04:45,0.0
2025-07-27 05:00,0.001441
2025-07-27 05:15,0.001248
2025-07-27 05:30,0.0
2025-07-27 05:45,0.003813
2025-07-27 06:00,0.001251
2025-07-27 06:15,0.0
2025-07-27 06:30,0.0
2025-07-27 06:45,0.000155
2025-07-27 07:00,0.000728
2025-07-27 07:15,0.001666
2025-07-27 07:30,0.000614
2025-07-27 07:45,0.001362
2025-07-27 08:00,6.3e-05
2025-07-27 08:15,0.0
2025-07-27 08:30,0.0
2025-07-27 08:45,0.0
2025-07-27 09:00,7.7e-05
2025-07-27 09:15,5.6e-05
2025-07-27 09:30,5.6e-05
2025-07-27 09:45,5.6e-05
2025-07-27 10:00,0.0
2025-07-27 10:15,8.4e-05
2025-07-27 10:30,0.0
2025-07-27 10:45,0.0
2025-07-27 11:00,0.0
2025-07-27 11:15,0.003754
2025-07-27 11:30,0.0
2025-07-27 11:45,0.001251
2025-07-27 12:00,0.0
2025-07-27 12:15,0.0
2025-07-27 12:30,0.000246
2025-07-27 12:45,0.000776
2025-07-27 13:00,0.002774
2025-07-27 13:15,8.8e-05
2025-07-27 13:30,0.0
2025-07-27 13:45,0.002503
2025-07-27 14:00,0.001166
2025-07-27 14:15,0.001425
2025-07-27 14:30,0.0
2025-07-27 14:45,0.002949
2025-07-27 15:00,0.001828
2025-07-27 15:15,0.0
2025-07-27 15:30,0.038839
2025-07-27 15:45,0.040871
2025-07-27 16:00,0.058678
2025-07-27 16:15,0.114776
2025-07-27 16:30,0.088611
2025-07-27 16:45,0.106323
2025-07-27 17:00,0.064422
2025-07-27 17:15,0.001403
2025-07-27 17:30,0.0
2025-07-27 17:45,0.002774
2025-07-27 18:00,0.002588
2025-07-27 18:15,0.00022
2025-07-27 18:30,5e-05
2025-07-27 18:45,0.0
2025-07-27 19:00,0.023185
2025-07-27 19:15,0.041718
2025-07-27 19:30,0.166241
2025-07-27 19:45,0.132632
2025-07-27 20:00,0.137601
2025-07-27 20:15,0.000272
2025-07-27 20:30,0.0
2025-07-27 20:45,0.006424
2025-07-27 21:00,0.0
2025-07-27 21:15,0.00134
2025-07-27 21:30,0.001251
2025-07-27 21:45,0.001251
2025-07-27 22:00,0.0
2025-07-27 22:15,0.003595
2025-07-27 22:30,0.0
2025-07-27 22:45,0.006257
2025-07-27 23:00,0.0
2025-07-27 23:15,5.6e-05
2025-07-27 23:30,0.002399
2025-07-27 23:45,5e-05
2025-07-28 00:00,0.0
2025-07-28 00:15,0.00121
2025-07-28 00:30,0.00022
2025-07-28 00:45,0.005006
2025-07-28 01:00,0.002503
2025-07-28 01:15,6.1e-05
2025-07-28 01:30,0.004995
2025-07-28 01:45,0.0
2025-07-28 02:00,0.0
2025-07-28 02:15,0.001205
2025-07-28 02:30,0.00012
2025-07-28 02:45,0.0
2025-07-28 03:00,0.002191
2025-07-28 03:15,6.1e-05
2025-07-28 03:30,0.001251
2025-07-28 03:45,0.0
2025-07-28 04:00,0.000222
2025-07-28 04:15,0.00012
2025-07-28 04:30,0.0
2025-07-28 04:45,0.001251
2025-07-28 05:00,0.0
2025-07-28 05:15,0.0
2025-07-28 05:30,0.0
2025-07-28 05:45,0.001371
2025-07-28 06:00,0.0
2025-07-28 06:15,0.000131
2025-07-28 06:30,8.4e-05
2025-07-28 06:45,0.0
2025-07-28 07:00,5e-05
2025-07-28 07:15,0.001264
2025-07-28 07:30,0.001428
2025-07-28 07:45,0.001087
2025-07-28 08:00,0.0
2025-07-28 08:15,0.000184
2025-07-28 08:30,0.0
2025-07-28 08:45,0.0002
2025-07-28 09:00,0.0
2025-07-28 09:15,0.000595
2025-07-28 09:30,0.0
2025-07-28 09:45,0.000776
2025-07-28 10:00,0.000353
2025-07-28 10:15,0.000101
2025-07-28 10:30,5e-05
2025-07-28 10:45,0.0
2025-07-28 11:00,0.0
2025-07-28 11:15,0.000519
2025-07-28 11:30,0.00027
2025-07-28 11:45,9e-05
2025-07-28 12:00,0.0
2025-07-28 12:15,0.002388
2025-07-28 12:30,0.0
2025-07-28 12:45,0.001595
2025-07-28 13:00,0.001251
2025-07-28 13:15,0.00231
2025-07-28 13:30,0.000817
2025-07-28 13:45,0.000281
2025-07-28 14:00,0.004279
2025-07-28 14:15,6.4e-05
2025-07-28 14:30,0.004851
2025-07-28 14:45,0.001307
2025-07-28 15:00,0.001422
2025-07-28 15:15,0.0024
2025-07-28 15:30,0.012254
2025-07-28 15:45,0.055347
2025-07-28 16:00,0.059365
2025-07-28 16:15,0.067391
2025-07-28 16:30,0.098995
2025-07-28 16:45,0.10965
2025-07-28 17:00,0.067365
2025-07-28 17:15,0.018403
2025-07-28 17:30,0.000121
2025-07-28 17:45,0.0
2025-07-28 18:00,0.001033
2025-07-28 18:15,0.008711
2025-07-28 18:30,0.000326
2025-07-28 18:45,0.0
2025-07-28 19:00,0.0
2025-07-28 19:15,0.0
2025-07-28 19:30,0.00034
2025-07-28 19:45,0.000604
2025-07-28 20:00,0.0
2025-07-28 20:15,0.004599
2025-07-28 20:30,0.004288
2025-07-28 20:45,0.004262
2025-07-28 21:00,0.003058
2025-07-28 21:15,0.002213
2025-07-28 21:30,0.002805
2025-07-28 21:45,0.002597
2025-07-28 22:00,6.1e-05
2025-07-28 22:15,0.002347
2025-07-28 22:30,0.000166
2025-07-28 22:45,0.0
2025-07-28 23:00,0.00241
2025-07-28 23:15,0.007837
2025-07-28 23:30,0.002656
2025-07-28 23:45,0.035779
2025-07-29 00:00,0.005772
2025-07-29 00:15,0.001251
2025-07-29 00:30,0.002622
2025-07-29 00:45,5e-05
2025-07-29 01:00,6.1e-05
2025-07-29 01:15,0.197013
2025-07-29 01:30,0.007594
2025-07-29 01:45,0.001461
2025-07-29 02:00,8e-05
2025-07-29 02:15,0.002968
2025-07-29 02:30,0.251256
2025-07-29 02:45,0.0
2025-07-29 03:00,0.005205
2025-07-29 03:15,0.064154
2025-07-29 03:30,0.0
2025-07-29 03:45,0.0
2025-07-29 04:00,0.001312
2025-07-29 04:15,0.000243
2025-07-29 04:30,0.000134
2025-07-29 04:45,0.000197
2025-07-29 05:00,0.001333
2025-07-29 05:15,0.0
2025-07-29 05:30,0.001319
2025-07-29 05:45,0.002617
2025-07-29 06:00,0.0
2025-07-29 06:15,0.0
2025-07-29 06:30,0.0
2025-07-29 06:45,0.0
2025-07-29 07:00,0.0
2025-07-29 07:15,0.0
2025-07-29 07:30,0.0
2025-07-29 07:45,0.005127
2025-07-29 08:00,0.0
2025-07-29 08:15,0.0
2025-07-29 08:30,0.0
2025-07-29 08:45,0.0
2025-07-29 09:00,0.002635
2025-07-29 09:15,0.0
2025-07-29 09:30,0.00084
2025-07-29 09:45,0.000243
2025-07-29 10:00,0.0
2025-07-29 10:15,0.000288
2025-07-29 10:30,0.001496
2025-07-29 10:45,0.001307
2025-07-29 11:00,0.000569
2025-07-29 11:15,8.4e-05
2025-07-29 11:30,0.0
2025-07-29 11:45,0.002378
2025-07-29 12:00,0.000224
2025-07-29 12:15,0.00332
2025-07-29 12:30,0.00444
2025-07-29 12:45,0.001605
2025-07-29 13:00,0.00258
2025-07-29 13:15,0.002122
2025-07-29 13:30,0.000131
2025-07-29 13:45,0.005489
2025-07-29 14:00,0.00171
2025-07-29 14:15,0.000162
2025-07-29 14:30,0.001339
2025-07-29 14:45,0.003026
2025-07-29 15:00,6.1e-05
2025-07-29 15:15,0.002711
2025-07-29 15:30,0.009165
2025-07-29 15:45,0.002558
2025-07-29 16:00,0.006622
2025-07-29 16:15,0.029555
2025-07-29 16:30,0.0
2025-07-29 16:45,0.002716
2025-07-29 17:00,0.017697
2025-07-29 17:15,0.008566
2025-07-29 17:30,0.0
2025-07-29 17:45,0.090517
2025-07-29 18:00,0.010721
2025-07-29 18:15,0.002529
2025-07-29 18:30,0.004056
2025-07-29 18:45,0.003244
2025-07-29 19:00,0.068689
2025-07-29 19:15,0.004923
2025-07-29 19:30,0.030173
2025-07-29 19:45,0.00491
2025-07-29 20:00,0.085429
2025-07-29 20:15,0.0
2025-07-29 20:30,0.001449
2025-07-29 20:45,0.21472
2025-07-29 21:00,0.010511
2025-07-29 21:15,0.001092
2025-07-29 21:30,6.6e-05
2025-07-29 21:45,0.034133
2025-07-29 22:00,0.0
2025-07-29 22:15,0.00172
2025-07-29 22:30,0.0
2025-07-29 22:45,0.029074
2025-07-29 23:00,0.000177
2025-07-29 23:15,0.019964
2025-07-29 23:30,8.1e-05
2025-07-29 23:45,0.004364
2025-07-30 00:00,0.001302
2025-07-30 00:00,0.004647
2025-07-30 00:15,0.000397
2025-07-30 00:30,0.004468
2025-07-30 00:45,0.021979
2025-07-30 01:00,0.124012
2025-07-30 01:15,0.035624
2025-07-30 01:30,0.005905
2025-07-30 01:45,0.000359
2025-07-30 02:00,0.004455
2025-07-30 02:15,0.004455
2025-07-30 02:30,0.000198
2025-07-30 02:45,0.22239
2025-07-30 03:00,0.008173
2025-07-30 03:15,1.0
2025-07-30 03:30,0.0
2025-07-30 03:45,0.000288
2025-07-30 04:00,0.004152
2025-07-30 04:15,0.008935
2025-07-30 04:30,0.920141
2025-07-30 04:45,0.06626
2025-07-30 05:00,0.000217
2025-07-30 05:15,0.005549
2025-07-30 05:30,0.0
2025-07-30 05:45,0.000229
2025-07-30 06:00,0.004468
2025-07-30 06:15,0.0
2025-07-30 06:30,0.000198
2025-07-30 06:45,0.005407
2025-07-30 07:00,0.000198
2025-07-30 07:15,0.000214
2025-07-30 07:30,0.000313
2025-07-30 07:45,0.000511
2025-07-30 08:00,0.0
2025-07-30 08:15,0.001128
2025-07-30 08:30,0.000313
2025-07-30 08:45,0.047986
2025-07-30 09:00,0.016024
2025-07-30 09:15,0.0
2025-07-30 09:30,0.0
2025-07-30 09:45,0.0
2025-07-30 10:00,0.001614
2025-07-30 10:15,0.0
2025-07-30 10:30,0.0
2025-07-30 10:45,0.000474
2025-07-30 11:00,0.04697
2025-07-30 11:15,0.022903
2025-07-30 11:30,0.0
2025-07-30 11:45,0.000397
2025-07-30 12:00,0.001066
2025-07-30 12:15,0.002863
2025-07-30 12:30,0.021099
2025-07-30 12:45,0.068224
2025-07-30 13:00,0.003817
2025-07-30 13:15,0.008564
2025-07-30 13:30,0.010243
2025-07-30 13:45,0.008564
2025-07-30 14:00,0.044442
2025-07-30 14:15,0.029762
2025-07-30 14:30,0.005565
2025-07-30 14:45,0.006922
2025-07-30 15:00,0.000929
2025-07-30 15:15,0.002897
2025-07-30 15:30,0.009626
2025-07-30 15:45,0.018999
2025-07-30 16:00,0.00158
2025-07-30 16:15,0.005035
2025-07-30 16:30,0.000421
2025-07-30 16:45,0.000242
2025-07-30 17:00,0.004756
2025-07-30 17:15,0.004077
2025-07-30 17:30,0.008762
2025-07-30 17:45,0.044334
2025-07-30 18:00,0.000486
2025-07-30 18:15,0.005326
2025-07-30 18:30,0.108998
2025-07-30 18:45,0.132334
2025-07-30 19:00,0.334195
2025-07-30 19:15,0.107251
2025-07-30 19:30,0.046468
2025-07-30 19:45,0.015622
2025-07-30 20:00,0.083267
2025-07-30 20:15,0.291324
2025-07-30 20:30,0.657703
2025-07-30 20:45,0.100868
2025-07-30 21:00,0.00932
2025-07-30 21:15,0.016216
2025-07-30 21:30,0.012523
2025-07-30 21:45,0.070988
2025-07-30 22:00,0.009115
2025-07-30 22:15,0.0
2025-07-30 22:30,0.00066
2025-07-30 22:45,0.004647
2025-07-30 23:00,0.008935
2025-07-30 23:15,0.00018
2025-07-30 23:30,0.0
2025-07-30 23:45,0.014079
2025-07-31 00:00,0.0
2025-07-31 00:15,0.017871
2025-07-31 00:30,0.0
2025-07-31 00:45,0.008911
2025-07-31 01:00,0.249989
2025-07-31 01:15,0.062784
2025-07-31 01:30,0.042564
2025-07-31 01:45,0.004468
2025-07-31 02:00,0.572082
2025-07-31 02:15,0.017821
2025-07-31 02:30,0.007987
2025-07-31 02:45,0.0
2025-07-31 03:00,0.674127
2025-07-31 03:15,0.0
2025-07-31 03:30,0.0
2025-07-31 03:45,0.00391
2025-07-31 04:00,0.475669
2025-07-31 04:15,0.0
2025-07-31 04:30,0.000868
2025-07-31 04:45,0.354656
2025-07-31 05:00,0.000301
2025-07-31 05:15,0.0
2025-07-31 05:30,0.0
2025-07-31 05:45,0.035506
2025-07-31 06:00,0.0
2025-07-31 06:15,0.0
2025-07-31 06:30,0.0
2025-07-31 06:45,0.005131
2025-07-31 07:00,0.001413
2025-07-31 07:15,0.000375
2025-07-31 07:30,0.000217
2025-07-31 07:45,0.017821
2025-07-31 08:00,0.0
2025-07-31 08:15,0.0
2025-07-31 08:30,0.0
2025-07-31 08:45,0.000418
2025-07-31 09:00,0.001252
2025-07-31 09:15,0.004753
2025-07-31 09:30,0.0
2025-07-31 09:45,0.004468
2025-07-31 10:00,0.0
2025-07-31 10:15,0.062663
2025-07-31 10:30,0.0
2025-07-31 10:45,0.0
2025-07-31 11:00,0.0
2025-07-31 11:15,0.000332
2025-07-31 11:30,0.002039
2025-07-31 11:45,0.019742
2025-07-31 12:00,0.005447
2025-07-31 12:15,0.000198
2025-07-31 12:30,0.014485
2025-07-31 12:45,0.006537
2025-07-31 13:00,0.00018
2025-07-31 13:15,0.005481
2025-07-31 13:30,0.009877
2025-07-31 13:45,0.005187
2025-07-31 14:00,0.021273
2025-07-31 14:15,0.011619
2025-07-31 14:30,0.001772
2025-07-31 14:45,0.008328
2025-07-31 15:00,0.011464
2025-07-31 15:15,0.029542
2025-07-31 15:30,0.00018
2025-07-31 15:45,0.000424
2025-07-31 16:00,0.00386
2025-07-31 16:15,0.023451
2025-07-31 16:30,0.00132
2025-07-31 16:45,0.045148
2025-07-31 17:00,0.008328
2025-07-31 17:15,0.01683
2025-07-31 17:30,0.038128
2025-07-31 17:45,0.0
2025-07-31 18:00,0.001286
2025-07-31 18:15,0.00018
2025-07-31 18:30,0.003898
2025-07-31 18:45,0.019848
2025-07-31 19:00,0.074604
2025-07-31 19:15,0.302598
2025-07-31 19:30,0.002857
2025-07-31 19:45,0.062629
2025-07-31 20:00,0.016176
2025-07-31 20:15,0.001103
2025-07-31 20:30,0.00396
2025-07-31 20:45,0.202811
2025-07-31 21:00,0.267897
2025-07-31 21:15,0.12707
2025-07-31 21:30,0.306536
2025-07-31 21:45,0.006339
2025-07-31 22:00,0.012951
2025-07-31 22:15,0.207685
2025-07-31 22:30,0.651522
2025-07-31 22:45,0.006869
2025-07-31 23:00,0.000607
2025-07-31 23:15,0.001438
2025-07-31 23:30,0.51195
2025-07-31 23:45,0.241633
2025-08-01 00:00,0.252146
2025-08-01 00:15,0.010076
2025-08-01 00:30,0.806815
2025-08-01 00:45,0.033858
2025-08-01 01:00,0.009295
2025-08-01 01:15,0.0
2025-08-01 01:30,0.026986
2025-08-01 01:45,0.0
2025-08-01 02:00,0.004468
2025-08-01 02:15,0.0
2025-08-01 02:30,0.004468
2025-08-01 02:45,0.000607
2025-08-01 03:00,0.004468
2025-08-01 03:15,0.004468
2025-08-01 03:30,0.004468
2025-08-01 03:45,0.0
2025-08-01 04:00,0.0
2025-08-01 04:15,0.00018
2025-08-01 04:30,0.000576
2025-08-01 04:45,0.0
2025-08-01 05:00,0.001617
2025-08-01 05:15,0.0
2025-08-01 05:30,0.000521
2025-08-01 05:45,0.010376
2025-08-01 06:00,0.0
2025-08-01 06:15,0.000387
2025-08-01 06:30,0.0
2025-08-01 06:45,0.03586
2025-08-01 07:00,0.0
2025-08-01 07:15,0.008746
2025-08-01 07:30,0.0
2025-08-01 07:45,0.000428
2025-08-01 08:00,0.0
2025-08-01 08:15,0.000276
2025-08-01 08:30,0.000418
2025-08-01 08:45,0.000378
2025-08-01 09:00,0.004421
2025-08-01 09:15,0.0
2025-08-01 09:30,0.0
2025-08-01 09:45,0.0
2025-08-01 10:00,0.000198
2025-08-01 10:15,0.019665
2025-08-01 10:30,0.004096
2025-08-01 10:45,0.000198
2025-08-01 11:00,0.009949
2025-08-01 11:15,0.00053
2025-08-01 11:30,0.000644
2025-08-01 11:45,0.0
2025-08-01 12:00,0.009103
2025-08-01 12:15,0.001097
2025-08-01 12:30,0.008049
2025-08-01 12:45,0.013651
2025-08-01 13:00,0.00391
2025-08-01 13:15,0.000933
2025-08-01 13:30,0.0
2025-08-01 13:45,0.000276
2025-08-01 14:00,0.009313
2025-08-01 14:15,0.005927
2025-08-01 14:30,0.008935
2025-08-01 14:45,0.004468
2025-08-01 15:00,0.008743
2025-08-01 15:15,0.012976
2025-08-01 15:30,0.096952
2025-08-01 15:45,0.102107
2025-08-01 16:00,0.204134
2025-08-01 16:15,0.355867
2025-08-01 16:30,0.256948
2025-08-01 16:45,0.709925
2025-08-01 17:00,0.255455
2025-08-01 17:15,0.065715
2025-08-01 17:30,0.008836
2025-08-01 17:45,0.013403
2025-08-01 18:00,0.004647
2025-08-01 18:15,0.049331
2025-08-01 18:30,0.004313
2025-08-01 18:45,0.015219
2025-08-01 19:00,0.117518
2025-08-01 19:15,0.250519
2025-08-01 19:30,0.648728
2025-08-01 19:45,0.422146
2025-08-01 20:00,0.352946
2025-08-01 20:15,0.026363
2025-08-01 20:30,0.004647
2025-08-01 20:45,0.032067
2025-08-01 21:00,0.004468
2025-08-01 21:15,0.013378
2025-08-01 21:30,0.013713
2025-08-01 21:45,0.004468
2025-08-01 22:00,0.004815
2025-08-01 22:15,0.009152
2025-08-01 22:30,0.001252
2025-08-01 22:45,0.004468
2025-08-01 23:00,0.009134
2025-08-01 23:15,0.001744
2025-08-01 23:30,0.004468
2025-08-01 23:45,0.00018
2025-08-02 00:00,0.008935
2025-08-02 00:15,0.004468
2025-08-02 00:30,0.013403
2025-08-02 00:45,0.017583
2025-08-02 01:00,0.022735
2025-08-02 01:15,0.005335
2025-08-02 01:30,0.028981
2025-08-02 01:45,0.0
2025-08-02 02:00,0.004685
2025-08-02 02:15,0.018159
2025-08-02 02:30,0.006314
2025-08-02 02:45,0.0058
2025-08-02 03:00,0.009366
2025-08-02 03:15,0.001298
2025-08-02 03:30,0.0
2025-08-02 03:45,0.009224
2025-08-02 04:00,0.000576
2025-08-02 04:15,0.004353
2025-08-02 04:30,0.008935
2025-08-02 04:45,0.0
2025-08-02 05:00,0.004468
2025-08-02 05:15,0.0
2025-08-02 05:30,0.000734
2025-08-02 05:45,0.000765
2025-08-02 06:00,0.000217
2025-08-02 06:15,0.00018
2025-08-02 06:30,0.0
2025-08-02 06:45,0.019234
2025-08-02 07:00,0.019216
2025-08-02 07:15,0.009803
2025-08-02 07:30,0.019309
2025-08-02 07:45,0.0
2025-08-02 08:00,0.0
2025-08-02 08:15,0.0
2025-08-02 08:30,0.000313
2025-08-02 08:45,0.004455
2025-08-02 09:00,0.000301
2025-08-02 09:15,0.0
2025-08-02 09:30,0.000229
2025-08-02 09:45,0.0
2025-08-02 10:00,0.008681
2025-08-02 10:15,0.000198
2025-08-02 10:30,0.0
2025-08-02 10:45,0.0
2025-08-02 11:00,0.000799
2025-08-02 11:15,0.004703
2025-08-02 11:30,0.013874
2025-08-02 11:45,0.008378
2025-08-02 12:00,0.009103
2025-08-02 12:15,0.004468
2025-08-02 12:30,0.000703
2025-08-02 12:45,0.0
2025-08-02 13:00,0.0
2025-08-02 13:15,0.004647
2025-08-02 13:30,0.005112
2025-08-02 13:45,0.001735
2025-08-02 14:00,0.005639
2025-08-02 14:15,0.000229
2025-08-02 14:30,0.0
2025-08-02 14:45,0.000582
2025-08-02 15:00,0.0
2025-08-02 15:15,0.001084
2025-08-02 15:30,0.142017
2025-08-02 15:45,0.101872
2025-08-02 16:00,0.292349
2025-08-02 16:15,0.341228
2025-08-02 16:30,0.267278
2025-08-02 16:45,0.425681
2025-08-02 17:00,0.168857
2025-08-02 17:15,0.008911
2025-08-02 17:30,0.004468
2025-08-02 17:45,0.0
2025-08-02 18:00,0.001242
2025-08-02 18:15,0.0
2025-08-02 18:30,0.0
2025-08-02 18:45,0.000198
2025-08-02 19:00,0.203366
2025-08-02 19:15,0.288055
2025-08-02 19:30,0.516752
2025-08-02 19:45,0.543094
2025-08-02 20:00,0.469637
2025-08-02 20:15,0.000725
2025-08-02 20:30,0.0
2025-08-02 20:45,0.031813
2025-08-02 21:00,0.017694
2025-08-02 21:15,0.017821
2025-08-02 21:30,0.0
2025-08-02 21:45,0.004468
2025-08-02 22:00,0.013282
2025-08-02 22:15,0.005004
2025-08-02 22:30,0.009344
2025-08-02 22:45,0.004455
2025-08-02 23:00,0.0
2025-08-02 23:15,0.000592
2025-08-02 23:30,0.004833
2025-08-02 23:45,0.000198
2025-08-03 00:00,0.003898
2025-08-03 00:15,0.009152
2025-08-03 00:30,0.0
2025-08-03 00:45,0.000198
2025-08-03 01:00,0.0
2025-08-03 01:15,0.008781
2025-08-03 01:30,0.004468
2025-08-03 01:45,0.004666
2025-08-03 02:00,0.005766
2025-08-03 02:15,0.017821
2025-08-03 02:30,0.0
2025-08-03 02:45,0.008935
2025-08-03 03:00,0.001118
2025-08-03 03:15,0.0
2025-08-03 03:30,0.000418
2025-08-03 03:45,0.0
2025-08-03 04:00,0.000868
2025-08-03 04:15,0.0
2025-08-03 04:30,0.000468
2025-08-03 04:45,0.0
2025-08-03 05:00,0.000198
2025-08-03 05:15,0.0
2025-08-03 05:30,0.000217
2025-08-03 05:45,0.0
2025-08-03 06:00,0.0014
2025-08-03 06:15,0.004564
2025-08-03 06:30,0.017697
2025-08-03 06:45,0.013038
2025-08-03 07:00,0.0
2025-08-03 07:15,0.002999
2025-08-03 07:30,0.0
2025-08-03 07:45,0.000198
2025-08-03 08:00,0.000217
2025-08-03 08:15,0.0
2025-08-03 08:30,0.0
2025-08-03 08:45,0.000455
2025-08-03 09:00,0.0
2025-08-03 09:15,0.00018
2025-08-03 09:30,0.008781
2025-08-03 09:45,0.00027
2025-08-03 10:00,0.002194
2025-08-03 10:15,0.0
2025-08-03 10:30,0.0
2025-08-03 10:45,0.000929
2025-08-03 11:00,0.0
2025-08-03 11:15,0.0
2025-08-03 11:30,0.004647
2025-08-03 11:45,0.004871
2025-08-03 12:00,0.000198
2025-08-03 12:15,0.0
2025-08-03 12:30,0.004468
2025-08-03 12:45,0.0
2025-08-03 13:00,0.000731
2025-08-03 13:15,0.001335
2025-08-03 13:30,0.0
2025-08-03 13:45,0.0
2025-08-03 14:00,0.000229
2025-08-03 14:15,0.000242
2025-08-03 14:30,0.0
2025-08-03 14:45,0.0
2025-08-03 15:00,0.0
2025-08-03 15:15,0.0
2025-08-03 15:30,0.06618
2025-08-03 15:45,0.056284
2025-08-03 16:00,0.242364
2025-08-03 16:15,0.212193
2025-08-03 16:30,0.220258
2025-08-03 16:45,0.393038
2025-08-03 17:00,0.188866
2025-08-03 17:15,0.0
2025-08-03 17:30,0.004647
2025-08-03 17:45,0.0
2025-08-03 18:00,0.0
2025-08-03 18:15,0.0
2025-08-03 18:30,0.0
2025-08-03 18:45,0.0
2025-08-03 19:00,0.130407
2025-08-03 19:15,0.229243
2025-08-03 19:30,0.484936
2025-08-03 19:45,0.663076
2025-08-03 20:00,0.541341
2025-08-03 20:15,0.0
2025-08-03 20:30,0.000198
2025-08-03 20:45,0.036362
2025-08-03 21:00,0.0
2025-08-03 21:15,0.035841
2025-08-03 21:30,0.0
2025-08-03 21:45,0.006286
2025-08-03 22:00,0.0
2025-08-03 22:15,0.000198
2025-08-03 22:30,0.018134
2025-08-03 22:45,0.001456
2025-08-03 23:00,0.008911
2025-08-03 23:15,0.0
2025-08-03 23:30,0.013986
2025-08-03 23:45,0.004703
2025-08-04 00:00,0.01485
2025-08-04 00:15,0.004468
2025-08-04 00:30,0.000706
2025-08-04 00:45,0.004468
2025-08-04 01:00,0.004455
2025-08-04 01:15,0.013825
2025-08-04 01:30,0.022831
2025-08-04 01:45,0.0
2025-08-04 02:00,0.005397
2025-08-04 02:15,0.001171
2025-08-04 02:30,0.038035
2025-08-04 02:45,0.009165
2025-08-04 03:00,0.004771
2025-08-04 03:15,0.008935
2025-08-04 03:30,0.000254
2025-08-04 03:45,0.009369
2025-08-04 04:00,0.005738
2025-08-04 04:15,0.00092
2025-08-04 04:30,0.000217
2025-08-04 04:45,0.005912
2025-08-04 05:00,0.0
2025-08-04 05:15,0.000929
2025-08-04 05:30,0.002593
2025-08-04 05:45,0.01683
2025-08-04 06:00,0.004468
2025-08-04 06:15,0.0
2025-08-04 06:30,0.0
2025-08-04 06:45,0.004902
2025-08-04 07:00,0.0
2025-08-04 07:15,0.000229
2025-08-04 07:30,0.0
2025-08-04 07:45,0.001016
2025-08-04 08:00,0.004468
2025-08-04 08:15,0.0
2025-08-04 08:30,0.004455
2025-08-04 08:45,0.001385
2025-08-04 09:00,0.0
2025-08-04 09:15,0.006243
2025-08-04 09:30,0.00018
2025-08-04 09:45,0.004703
2025-08-04 10:00,0.048649
2025-08-04 10:15,0.038561
2025-08-04 10:30,0.022131
2025-08-04 10:45,0.000217
2025-08-04 11:00,0.0
2025-08-04 11:15,0.0
2025-08-04 11:30,0.000198
2025-08-04 11:45,0.004468
2025-08-04 12:00,0.009406
2025-08-04 12:15,0.017189
2025-08-04 12:30,0.000632
2025-08-04 12:45,0.005063
2025-08-04 13:00,0.00018
2025-08-04 13:15,0.002076
2025-08-04 13:30,0.016656
2025-08-04 13:45,0.004722
2025-08-04 14:00,0.017301
2025-08-04 14:15,0.000198
2025-08-04 14:30,0.004468
2025-08-04 14:45,0.000818
2025-08-04 15:00,0.001995
2025-08-04 15:15,0.00822
2025-08-04 15:30,0.157716
2025-08-04 15:45,0.07527
2025-08-04 16:00,0.210873
2025-08-04 16:15,0.19663
2025-08-04 16:30,0.303968
2025-08-04 16:45,0.569823
2025-08-04 17:00,0.217079
2025-08-04 17:15,0.006463
2025-08-04 17:30,0.004468
2025-08-04 17:45,0.008582
2025-08-04 18:00,0.004238
2025-08-04 18:15,0.035649
2025-08-04 18:30,0.000198
2025-08-04 18:45,0.004666
2025-08-04 19:00,0.104363
2025-08-04 19:15,0.175853
2025-08-04 19:30,0.458833
2025-08-04 19:45,0.418837
2025-08-04 20:00,0.404089
2025-08-04 20:15,0.005664
2025-08-04 20:30,0.00018
2025-08-04 20:45,0.010376
2025-08-04 21:00,0.005413
2025-08-04 21:15,0.009357
2025-08-04 21:30,0.0
2025-08-04 21:45,0.015876
2025-08-04 22:00,0.000991
2025-08-04 22:15,0.000285
2025-08-04 22:30,0.008935
2025-08-04 22:45,0.022289
2025-08-04 23:00,0.008935
2025-08-04 23:15,0.004468
2025-08-04 23:30,0.0
2025-08-04 23:45,0.001481
2025-08-05 00:00,0.013571
2025-08-05 00:15,0.008458
2025-08-05 00:30,0.0
2025-08-05 00:45,0.0
2025-08-05 01:00,0.02496
2025-08-05 01:15,0.040327
2025-08-05 01:30,0.004468
2025-08-05 01:45,0.002525
2025-08-05 02:00,0.012179
2025-08-05 02:15,0.009416
2025-08-05 02:30,0.0
2025-08-05 02:45,0.004768
2025-08-05 03:00,0.0
2025-08-05 03:15,0.003352
2025-08-05 03:30,0.0
2025-08-05 03:45,0.0
2025-08-05 04:00,0.0181
2025-08-05 04:15,0.000527
2025-08-05 04:30,0.0
2025-08-05 04:45,0.00338
2025-08-05 05:00,0.004468
2025-08-05 05:15,0.0
2025-08-05 05:30,0.008923
2025-08-05 05:45,0.021037
2025-08-05 06:00,0.0
2025-08-05 06:15,0.0
2025-08-05 06:30,0.00479
2025-08-05 06:45,0.004973
2025-08-05 07:00,0.003074
2025-08-05 07:15,0.004703
2025-08-05 07:30,0.000617
2025-08-05 07:45,0.00018
2025-08-05 08:00,0.000301
2025-08-05 08:15,0.0
2025-08-05 08:30,0.0
2025-08-05 08:45,0.0
2025-08-05 09:00,0.000558
2025-08-05 09:15,0.0
2025-08-05 09:30,0.000564
2025-08-05 09:45,0.0
2025-08-05 10:00,0.00018
2025-08-05 10:15,0.0
2025-08-05 10:30,0.0
2025-08-05 10:45,0.0
2025-08-05 11:00,0.0
2025-08-05 11:15,0.001249
2025-08-05 11:30,0.005025
2025-08-05 11:45,0.104989
2025-08-05 12:00,0.076063
2025-08-05 12:15,0.008155
2025-08-05 12:30,0.004285
2025-08-05 12:45,0.032061
2025-08-05 13:00,0.039314
2025-08-05 13:15,0.005208
2025-08-05 13:30,0.008935
2025-08-05 13:45,0.000638
2025-08-05 14:00,0.003898
2025-08-05 14:15,0.000483
2025-08-05 14:30,0.004468
2025-08-05 14:45,0.013633
2025-08-05 15:00,0.0
2025-08-05 15:15,0.006798
2025-08-05 15:30,0.104258
2025-08-05 15:45,0.264697
2025-08-05 16:00,0.199555
2025-08-05 16:15,0.280662
2025-08-05 16:30,0.262798
2025-08-05 16:45,0.332175
2025-08-05 17:00,0.25687
2025-08-05 17:15,0.036668
2025-08-05 17:30,0.011265
2025-08-05 17:45,0.00018
2025-08-05 18:00,0.005385
2025-08-05 18:15,0.026422
2025-08-05 18:30,0.009964
2025-08-05 18:45,0.000868
2025-08-05 19:00,0.184934
2025-08-05 19:15,0.194133
2025-08-05 19:30,0.542025
2025-08-05 19:45,0.313637
2025-08-05 20:00,0.64549
2025-08-05 20:15,0.005013
2025-08-05 20:30,0.004118
2025-08-05 20:45,0.005977
2025-08-05 21:00,0.00497
2025-08-05 21:15,0.0
2025-08-05 21:30,0.023584
2025-08-05 21:45,0.062728
2025-08-05 22:00,0.009543
2025-08-05 22:15,0.001413
2025-08-05 22:30,0.0
2025-08-05 22:45,0.00018
2025-08-05 23:00,0.009729
2025-08-05 23:15,0.0
2025-08-05 23:30,0.004468
2025-08-05 23:45,0.000582
2025-08-06 00:00,0.000948
2025-08-06 00:00,0.001257
2025-08-06 00:15,0.005921
2025-08-06 00:30,0.007987
2025-08-06 00:45,0.0
2025-08-06 01:00,0.01181
2025-08-06 01:15,0.007387
2025-08-06 01:30,0.0
2025-08-06 01:45,0.006734
2025-08-06 02:00,0.005921
2025-08-06 02:15,0.012073
2025-08-06 02:30,0.0
2025-08-06 02:45,0.002378
2025-08-06 03:00,0.007005
2025-08-06 03:15,0.000657
2025-08-06 03:30,0.005921
2025-08-06 03:45,0.000407
2025-08-06 04:00,0.019727
2025-08-06 04:15,0.000653
2025-08-06 04:30,0.0
2025-08-06 04:45,0.000238
2025-08-06 05:00,0.004115
2025-08-06 05:15,0.0
2025-08-06 05:30,0.000772
2025-08-06 05:45,0.011153
2025-08-06 06:00,0.002702
2025-08-06 06:15,0.002148
2025-08-06 06:30,0.0
2025-08-06 06:45,0.018282
2025-08-06 07:00,0.006233
2025-08-06 07:15,0.018705
2025-08-06 07:30,0.002308
2025-08-06 07:45,0.006209
2025-08-06 08:00,0.00078
2025-08-06 08:15,0.000287
2025-08-06 08:30,0.0
2025-08-06 08:45,0.0
2025-08-06 09:00,0.0
2025-08-06 09:15,0.000415
2025-08-06 09:30,0.003901
2025-08-06 09:45,0.005166
2025-08-06 10:00,0.002123
2025-08-06 10:15,0.0
2025-08-06 10:30,0.005429
2025-08-06 10:45,0.000476
2025-08-06 11:00,0.310435
2025-08-06 11:15,0.061826
2025-08-06 11:30,0.006734
2025-08-06 11:45,0.001232
2025-08-06 12:00,0.006406
2025-08-06 12:15,0.038941
2025-08-06 12:30,0.004961
2025-08-06 12:45,0.017222
2025-08-06 13:00,0.000287
2025-08-06 13:15,0.002694
2025-08-06 13:30,0.007186
2025-08-06 13:45,0.0006
2025-08-06 14:00,0.02015
2025-08-06 14:15,0.017686
2025-08-06 14:30,0.006197
2025-08-06 14:45,0.016553
2025-08-06 15:00,0.055494
2025-08-06 15:15,0.018972
2025-08-06 15:30,0.321892
2025-08-06 15:45,0.153866
2025-08-06 16:00,0.306673
2025-08-06 16:15,0.325891
2025-08-06 16:30,0.271884
2025-08-06 16:45,0.647812
2025-08-06 17:00,0.359884
2025-08-06 17:15,0.082653
2025-08-06 17:30,0.017731
2025-08-06 17:45,0.007979
2025-08-06 18:00,0.027431
2025-08-06 18:15,0.007482
2025-08-06 18:30,0.008989
2025-08-06 18:45,0.001474
2025-08-06 19:00,0.300653
2025-08-06 19:15,0.276951
2025-08-06 19:30,0.767796
2025-08-06 19:45,0.618032
2025-08-06 20:00,0.851624
2025-08-06 20:15,0.005864
2025-08-06 20:30,0.000501
2025-08-06 20:45,0.047478
2025-08-06 21:00,0.0
2025-08-06 21:15,0.006057
2025-08-06 21:30,0.007987
2025-08-06 21:45,0.007663
2025-08-06 22:00,0.005145
2025-08-06 22:15,0.000238
2025-08-06 22:30,0.01859
2025-08-06 22:45,0.000949
2025-08-06 23:00,0.012262
2025-08-06 23:15,0.007667
2025-08-06 23:30,0.000287
2025-08-06 23:45,0.0
2025-08-07 00:00,0.0
2025-08-07 00:15,0.0
2025-08-07 00:30,0.0
2025-08-07 00:45,0.006796
2025-08-07 01:00,0.165151
2025-08-07 01:15,0.048932
2025-08-07 01:30,0.125389
2025-08-07 01:45,0.001043
2025-08-07 02:00,0.005654
2025-08-07 02:15,0.017374
2025-08-07 02:30,0.000493
2025-08-07 02:45,0.005182
2025-08-07 03:00,0.001597
2025-08-07 03:15,0.019509
2025-08-07 03:30,0.012796
2025-08-07 03:45,0.010414
2025-08-07 04:00,0.005786
2025-08-07 04:15,0.002554
2025-08-07 04:30,0.0
2025-08-07 04:45,0.000378
2025-08-07 05:00,0.000936
2025-08-07 05:15,0.006283
2025-08-07 05:30,0.001819
2025-08-07 05:45,0.023579
2025-08-07 06:00,0.003753
2025-08-07 06:15,0.005338
2025-08-07 06:30,0.0
2025-08-07 06:45,0.030675
2025-08-07 07:00,0.006233
2025-08-07 07:15,0.0
2025-08-07 07:30,0.001889
2025-08-07 07:45,0.011325
2025-08-07 08:00,0.001166
2025-08-07 08:15,0.006242
2025-08-07 08:30,0.005117
2025-08-07 08:45,0.000238
2025-08-07 09:00,0.012533
2025-08-07 09:15,0.0
2025-08-07 09:30,0.001811
2025-08-07 09:45,0.000452
2025-08-07 10:00,0.0
2025-08-07 10:15,0.000825
2025-08-07 10:30,0.0
2025-08-07 10:45,0.006143
2025-08-07 11:00,0.000772
2025-08-07 11:15,0.0
2025-08-07 11:30,0.0
2025-08-07 11:45,0.000263
2025-08-07 12:00,0.000263
2025-08-07 12:15,0.011826
2025-08-07 12:30,0.007219
2025-08-07 12:45,0.000304
2025-08-07 13:00,0.001137
2025-08-07 13:15,0.000263
2025-08-07 13:30,0.002484
2025-08-07 13:45,0.000772
2025-08-07 14:00,0.000628
2025-08-07 14:15,0.000263
2025-08-07 14:30,0.01953
2025-08-07 14:45,0.001548
2025-08-07 15:00,0.011925
2025-08-07 15:15,0.00071
2025-08-07 15:30,0.217618
2025-08-07 15:45,0.150306
2025-08-07 16:00,0.264041
2025-08-07 16:15,0.112876
2025-08-07 16:30,0.487235
2025-08-07 16:45,0.513175
2025-08-07 17:00,0.324396
2025-08-07 17:15,0.008878
2025-08-07 17:30,0.012385
2025-08-07 17:45,0.016155
2025-08-07 18:00,0.001844
2025-08-07 18:15,0.034132
2025-08-07 18:30,0.018988
2025-08-07 18:45,0.02293
2025-08-07 19:00,0.228734
2025-08-07 19:15,0.327255
2025-08-07 19:30,0.664783
2025-08-07 19:45,0.60832
2025-08-07 20:00,0.591246
2025-08-07 20:15,0.021041
2025-08-07 20:30,0.011613
2025-08-07 20:45,0.016401
2025-08-07 21:00,0.014233
2025-08-07 21:15,0.01098
2025-08-07 21:30,0.002948
2025-08-07 21:45,0.0
2025-08-07 22:00,0.011843
2025-08-07 22:15,0.020154
2025-08-07 22:30,0.005921
2025-08-07 22:45,0.000263
2025-08-07 23:00,0.006303
2025-08-07 23:15,0.000772
2025-08-07 23:30,0.002107
2025-08-07 23:45,0.042821
2025-08-08 00:00,0.001495
2025-08-08 00:15,0.000394
2025-08-08 00:30,0.005921
2025-08-08 00:45,0.023456
2025-08-08 01:00,0.006324
2025-08-08 01:15,0.005761
2025-08-08 01:30,0.006546
2025-08-08 01:45,0.002858
2025-08-08 02:00,0.0
2025-08-08 02:15,0.007683
2025-08-08 02:30,0.0
2025-08-08 02:45,0.0
2025-08-08 03:00,0.0
2025-08-08 03:15,0.001593
2025-08-08 03:30,0.000801
2025-08-08 03:45,0.000238
2025-08-08 04:00,0.001536
2025-08-08 04:15,0.005921
2025-08-08 04:30,0.000788
2025-08-08 04:45,0.002217
2025-08-08 05:00,0.004706
2025-08-08 05:15,0.0
2025-08-08 05:30,0.0
2025-08-08 05:45,0.089601
2025-08-08 06:00,0.002702
2025-08-08 06:15,0.0
2025-08-08 06:30,0.0
2025-08-08 06:45,0.005334
2025-08-08 07:00,0.005338
2025-08-08 07:15,0.015259
2025-08-08 07:30,0.005117
2025-08-08 07:45,0.011342
2025-08-08 08:00,0.000238
2025-08-08 08:15,0.003901
2025-08-08 08:30,0.011564
2025-08-08 08:45,0.0
2025-08-08 09:00,0.006184
2025-08-08 09:15,0.005905
2025-08-08 09:30,0.001577
2025-08-08 09:45,0.0
2025-08-08 10:00,0.0
2025-08-08 10:15,0.005117
2025-08-08 10:30,0.005921
2025-08-08 10:45,0.005117
2025-08-08 11:00,0.0
2025-08-08 11:15,0.000329
2025-08-08 11:30,0.00726
2025-08-08 11:45,0.001265
2025-08-08 12:00,0.000263
2025-08-08 12:15,0.013863
2025-08-08 12:30,0.017723
2025-08-08 12:45,0.021756
2025-08-08 13:00,0.014652
2025-08-08 13:15,0.010443
2025-08-08 13:30,0.024749
2025-08-08 13:45,0.000263
2025-08-08 14:00,0.017247
2025-08-08 14:15,0.011843
2025-08-08 14:30,0.005117
2025-08-08 14:45,0.000887
2025-08-08 15:00,0.006722
2025-08-08 15:15,0.018011
2025-08-08 15:30,0.112971
2025-08-08 15:45,0.098389
2025-08-08 16:00,0.298058
2025-08-08 16:15,0.404418
2025-08-08 16:30,0.415702
2025-08-08 16:45,0.550938
2025-08-08 17:00,0.344854
2025-08-08 17:15,0.005921
2025-08-08 17:30,0.006168
2025-08-08 17:45,0.030276
2025-08-08 18:00,0.006611
2025-08-08 18:15,0.000715
2025-08-08 18:30,0.000973
2025-08-08 18:45,0.022454
2025-08-08 19:00,0.233465
2025-08-08 19:15,0.263433
2025-08-08 19:30,0.57271
2025-08-08 19:45,0.622479
2025-08-08 20:00,0.619293
2025-08-08 20:15,0.005404
2025-08-08 20:30,0.000287
2025-08-08 20:45,0.019727
2025-08-08 21:00,0.0
2025-08-08 21:15,0.006652
2025-08-08 21:30,0.000238
2025-08-08 21:45,0.013646
2025-08-08 22:00,0.02362
2025-08-08 22:15,0.019423
2025-08-08 22:30,0.000435
2025-08-08 22:45,0.005379
2025-08-08 23:00,0.0
2025-08-08 23:15,0.00616
2025-08-08 23:30,0.0
2025-08-08 23:45,0.000415
2025-08-09 00:00,0.008069
2025-08-09 00:15,0.022881
2025-08-09 00:30,0.010775
2025-08-09 00:45,0.023542
2025-08-09 01:00,0.001495
2025-08-09 01:15,0.037873
2025-08-09 01:30,0.01213
2025-08-09 01:45,0.005704
2025-08-09 02:00,0.005921
2025-08-09 02:15,0.005905
2025-08-09 02:30,0.006513
2025-08-09 02:45,0.000764
2025-08-09 03:00,0.001014
2025-08-09 03:15,0.000977
2025-08-09 03:30,0.000415
2025-08-09 03:45,0.0
2025-08-09 04:00,0.005921
2025-08-09 04:15,0.019969
2025-08-09 04:30,0.005733
2025-08-09 04:45,0.0
2025-08-09 05:00,0.000788
2025-08-09 05:15,0.001257
2025-08-09 05:30,0.005921
2025-08-09 05:45,0.012106
2025-08-09 06:00,0.0
2025-08-09 06:15,0.005515
2025-08-09 06:30,0.0
2025-08-09 06:45,0.002295
2025-08-09 07:00,0.00202
2025-08-09 07:15,0.0
2025-08-09 07:30,0.005117
2025-08-09 07:45,0.001889
2025-08-09 08:00,0.000263
2025-08-09 08:15,0.0
2025-08-09 08:30,0.0
2025-08-09 08:45,0.001289
2025-08-09 09:00,0.0
2025-08-09 09:15,0.0
2025-08-09 09:30,0.0
2025-08-09 09:45,0.000645
2025-08-09 10:00,0.0
2025-08-09 10:15,0.0
2025-08-09 10:30,0.005355
2025-08-09 10:45,0.000957
2025-08-09 11:00,0.0
2025-08-09 11:15,0.000263
2025-08-09 11:30,0.000378
2025-08-09 11:45,0.000386
2025-08-09 12:00,0.0
2025-08-09 12:15,0.011038
2025-08-09 12:30,0.003692
2025-08-09 12:45,0.000636
2025-08-09 13:00,0.000386
2025-08-09 13:15,0.005921
2025-08-09 13:30,0.005121
2025-08-09 13:45,0.000382
2025-08-09 14:00,0.006398
2025-08-09 14:15,0.005117
2025-08-09 14:30,0.0
2025-08-09 14:45,0.011182
2025-08-09 15:00,0.008221
2025-08-09 15:15,0.003642
2025-08-09 15:30,0.2356
2025-08-09 15:45,0.237263
2025-08-09 16:00,0.323181
2025-08-09 16:15,0.356714
2025-08-09 16:30,0.355765
2025-08-09 16:45,0.678531
2025-08-09 17:00,0.418544
2025-08-09 17:15,0.0
2025-08-09 17:30,0.012106
2025-08-09 17:45,0.001051
2025-08-09 18:00,0.0
2025-08-09 18:15,0.005338
2025-08-09 18:30,0.0
2025-08-09 18:45,0.000365
2025-08-09 19:00,0.304513
2025-08-09 19:15,0.205788
2025-08-09 19:30,0.67293
2025-08-09 19:45,0.682892
2025-08-09 20:00,0.480628
2025-08-09 20:15,0.0
2025-08-09 20:30,0.000398
2025-08-09 20:45,0.060775
2025-08-09 21:00,0.001544
2025-08-09 21:15,0.005117
2025-08-09 21:30,0.000497
2025-08-09 21:45,0.000501
2025-08-09 22:00,0.007277
2025-08-09 22:15,0.0
2025-08-09 22:30,0.0
2025-08-09 22:45,0.005921
2025-08-09 23:00,0.0
2025-08-09 23:15,0.00616
2025-08-09 23:30,0.038694
2025-08-09 23:45,0.04724
2025-08-10 00:00,0.005921
2025-08-10 00:15,0.0
2025-08-10 00:30,0.000304
2025-08-10 00:45,0.000329
2025-08-10 01:00,0.000526
2025-08-10 01:15,0.04198
2025-08-10 01:30,0.006303
2025-08-10 01:45,0.011843
2025-08-10 02:00,0.000624
2025-08-10 02:15,0.018898
2025-08-10 02:30,0.011843
2025-08-10 02:45,0.00632
2025-08-10 03:00,0.001265
2025-08-10 03:15,0.006164
2025-08-10 03:30,0.0
2025-08-10 03:45,0.005556
2025-08-10 04:00,0.01126
2025-08-10 04:15,0.0
2025-08-10 04:30,0.000382
2025-08-10 04:45,0.001347
2025-08-10 05:00,0.00039
2025-08-10 05:15,0.000936
2025-08-10 05:30,0.0
2025-08-10 05:45,0.011153
2025-08-10 06:00,0.00542
2025-08-10 06:15,0.007182
2025-08-10 06:30,0.000682
2025-08-10 06:45,0.045466
2025-08-10 07:00,0.018339
2025-08-10 07:15,0.0
2025-08-10 07:30,0.0
2025-08-10 07:45,0.0
2025-08-10 08:00,0.000567
2025-08-10 08:15,0.00841
2025-08-10 08:30,0.0
2025-08-10 08:45,0.0
2025-08-10 09:00,0.0
2025-08-10 09:15,0.000263
2025-08-10 09:30,0.0
2025-08-10 09:45,0.0
2025-08-10 10:00,0.0
2025-08-10 10:15,0.000452
2025-08-10 10:30,0.005404
2025-08-10 10:45,0.000764
2025-08-10 11:00,0.0
2025-08-10 11:15,0.0
2025-08-10 11:30,0.008184
2025-08-10 11:45,0.000554
2025-08-10 12:00,0.0
2025-08-10 12:15,0.005921
2025-08-10 12:30,0.001815
2025-08-10 12:45,0.006258
2025-08-10 13:00,0.0
2025-08-10 13:15,0.0
2025-08-10 13:30,0.000534
2025-08-10 13:45,0.004291
2025-08-10 14:00,0.0
2025-08-10 14:15,0.010233
2025-08-10 14:30,0.0
2025-08-10 14:45,0.0
2025-08-10 15:00,0.011843
2025-08-10 15:15,0.005921
2025-08-10 15:30,0.048373
2025-08-10 15:45,0.129951
2025-08-10 16:00,0.396209
2025-08-10 16:15,0.23121
2025-08-10 16:30,0.331845
2025-08-10 16:45,0.437757
2025-08-10 17:00,0.278356
2025-08-10 17:15,0.008689
2025-08-10 17:30,0.006299
2025-08-10 17:45,0.029073
2025-08-10 18:00,0.008767
2025-08-10 18:15,0.005174
2025-08-10 18:30,0.005117
2025-08-10 18:45,0.000263
2025-08-10 19:00,0.163007
2025-08-10 19:15,0.451703
2025-08-10 19:30,0.712335
2025-08-10 19:45,0.491699
2025-08-10 20:00,0.755699
2025-08-10 20:15,0.000575
2025-08-10 20:30,0.005355
2025-08-10 20:45,0.054147
2025-08-10 21:00,0.00253
2025-08-10 21:15,0.017715
2025-08-10 21:30,0.01815
2025-08-10 21:45,0.017547
2025-08-10 22:00,0.00632
2025-08-10 22:15,0.005921
2025-08-10 22:30,0.010233
2025-08-10 22:45,0.0
2025-08-10 23:00,0.001277
2025-08-10 23:15,0.005117
2025-08-10 23:30,0.000287
2025-08-10 23:45,0.014064
2025-08-11 00:00,0.017945
2025-08-11 00:15,0.012512
2025-08-11 00:30,0.000526
2025-08-11 00:45,0.005921
2025-08-11 01:00,0.000238
2025-08-11 01:15,0.100668
2025-08-11 01:30,0.022864
2025-08-11 01:45,0.000263
2025-08-11 02:00,0.006209
2025-08-11 02:15,0.009469
2025-08-11 02:30,0.000238
2025-08-11 02:45,0.0
2025-08-11 03:00,0.000304
2025-08-11 03:15,0.001749
2025-08-11 03:30,0.010619
2025-08-11 03:45,0.011038
2025-08-11 04:00,0.008295
2025-08-11 04:15,0.000238
2025-08-11 04:30,0.0
2025-08-11 04:45,0.011843
2025-08-11 05:00,0.006209
2025-08-11 05:15,0.000255
2025-08-11 05:30,0.004496
2025-08-11 05:45,0.00115
2025-08-11 06:00,0.0
2025-08-11 06:15,0.000263
2025-08-11 06:30,0.003334
2025-08-11 06:45,0.011826
2025-08-11 07:00,0.000435
2025-08-11 07:15,0.006233
2025-08-11 07:30,0.0
2025-08-11 07:45,0.005921
2025-08-11 08:00,0.000386
2025-08-11 08:15,0.0
2025-08-11 08:30,0.006878
2025-08-11 08:45,0.000682
2025-08-11 09:00,0.0
2025-08-11 09:15,0.0
2025-08-11 09:30,0.0
2025-08-11 09:45,0.005117
2025-08-11 10:00,0.022663
2025-08-11 10:15,0.008751
2025-08-11 10:30,0.001946
2025-08-11 10:45,0.02518
2025-08-11 11:00,0.000645
2025-08-11 11:15,0.04623
2025-08-11 11:30,0.008796
2025-08-11 11:45,0.020162
2025-08-11 12:00,0.000263
2025-08-11 12:15,0.003462
2025-08-11 12:30,0.002004
2025-08-11 12:45,0.005338
2025-08-11 13:00,0.001905
2025-08-11 13:15,0.006016
2025-08-11 13:30,0.00864
2025-08-11 13:45,0.011087
2025-08-11 14:00,0.022322
2025-08-11 14:15,0.053408
2025-08-11 14:30,0.0
2025-08-11 14:45,0.021288
2025-08-11 15:00,0.019932
2025-08-11 15:15,0.010044
2025-08-11 15:30,0.115726
2025-08-11 15:45,0.192783
2025-08-11 16:00,0.339779
2025-08-11 16:15,0.391396
2025-08-11 16:30,0.421562
2025-08-11 16:45,0.559155
2025-08-11 17:00,0.212547
2025-08-11 17:15,0.014545
2025-08-11 17:30,0.015654
2025-08-11 17:45,0.203981
2025-08-11 18:00,0.056405
2025-08-11 18:15,0.218903
2025-08-11 18:30,0.007946
2025-08-11 18:45,0.010007
2025-08-11 19:00,0.266398
2025-08-11 19:15,0.321797
2025-08-11 19:30,0.459821
2025-08-11 19:45,0.708496
2025-08-11 20:00,0.669785
2025-08-11 20:15,0.01691
2025-08-11 20:30,0.061017
2025-08-11 20:45,0.040629
2025-08-11 21:00,0.019842
2025-08-11 21:15,0.000238
2025-08-11 21:30,0.01181
2025-08-11 21:45,0.01774
2025-08-11 22:00,0.00616
2025-08-11 22:15,0.008673
2025-08-11 22:30,0.006209
2025-08-11 22:45,0.0
2025-08-11 23:00,0.012467
2025-08-11 23:15,0.0
2025-08-11 23:30,0.0
2025-08-11 23:45,0.012048
2025-08-12 00:00,0.0
2025-08-12 00:15,0.027492
2025-08-12 00:30,0.000739
2025-08-12 00:45,0.0
2025-08-12 01:00,0.012681
2025-08-12 01:15,0.054229
2025-08-12 01:30,0.00154
2025-08-12 01:45,0.023924
2025-08-12 02:00,0.02399
2025-08-12 02:15,0.000879
2025-08-12 02:30,0.002624
2025-08-12 02:45,0.000608
2025-08-12 03:00,0.0
2025-08-12 03:15,0.0
2025-08-12 03:30,0.0
2025-08-12 03:45,0.005117
2025-08-12 04:00,0.006525
2025-08-12 04:15,0.008044
2025-08-12 04:30,0.000764
2025-08-12 04:45,0.009551
2025-08-12 05:00,0.001277
2025-08-12 05:15,0.00772
2025-08-12 05:30,0.005642
2025-08-12 05:45,0.010993
2025-08-12 06:00,0.000238
2025-08-12 06:15,0.000238
2025-08-12 06:30,0.0
2025-08-12 06:45,0.01181
2025-08-12 07:00,0.013428
2025-08-12 07:15,0.001096
2025-08-12 07:30,0.000238
2025-08-12 07:45,0.0
2025-08-12 08:00,0.000398
2025-08-12 08:15,0.0
2025-08-12 08:30,0.000772
2025-08-12 08:45,0.0
2025-08-12 09:00,0.017144
2025-08-12 09:15,0.001142
2025-08-12 09:30,0.005117
2025-08-12 09:45,0.000382
2025-08-12 10:00,0.00039
2025-08-12 10:15,0.0
2025-08-12 10:30,0.005182
2025-08-12 10:45,0.0
2025-08-12 11:00,0.029447
2025-08-12 11:15,0.0
2025-08-12 11:30,0.005166
2025-08-12 11:45,0.021493
2025-08-12 12:00,0.018475
2025-08-12 12:15,0.003289
2025-08-12 12:30,0.005921
2025-08-12 12:45,0.01188
2025-08-12 13:00,0.000435
2025-08-12 13:15,0.0
2025-08-12 13:30,0.001507
2025-08-12 13:45,0.0
2025-08-12 14:00,0.001585
2025-08-12 14:15,0.01227
2025-08-12 14:30,0.025127
2025-08-12 14:45,0.007285
2025-08-12 15:00,0.00216
2025-08-12 15:15,0.000891
2025-08-12 15:30,0.1181
2025-08-12 15:45,0.198236
2025-08-12 16:00,0.468444
2025-08-12 16:15,0.322405
2025-08-12 16:30,0.386362
2025-08-12 16:45,0.44441
2025-08-12 17:00,0.341233
2025-08-12 17:15,0.067304
2025-08-12 17:30,0.035927
2025-08-12 17:45,0.001232
2025-08-12 18:00,0.010537
2025-08-12 18:15,0.0
2025-08-12 18:30,0.025583
2025-08-12 18:45,0.018113
2025-08-12 19:00,0.261786
2025-08-12 19:15,0.28842
2025-08-12 19:30,0.634174
2025-08-12 19:45,0.597192
2025-08-12 20:00,1.0
2025-08-12 20:15,0.005921
2025-08-12 20:30,0.005379
2025-08-12 20:45,0.060602
2025-08-12 21:00,0.00616
2025-08-12 21:15,0.012483
2025-08-12 21:30,0.00818
2025-08-12 21:45,0.124986
2025-08-12 22:00,0.005921
2025-08-12 22:15,0.029927
2025-08-12 22:30,0.005404
2025-08-12 22:45,0.000337
2025-08-12 23:00,0.012467
2025-08-12 23:15,0.122366
2025-08-12 23:30,0.01057
2025-08-12 23:45,0.039273
2025-08-13 00:00,0.006693
2025-08-13 00:00,0.007618
2025-08-13 00:15,0.0
2025-08-13 00:30,0.010922
2025-08-13 00:45,0.002047
2025-08-13 01:00,0.014642
2025-08-13 01:15,0.083639
2025-08-13 01:30,0.0
2025-08-13 01:45,0.0
2025-08-13 02:00,0.001827
2025-08-13 02:15,0.000477
2025-08-13 02:30,0.0
2025-08-13 02:45,0.000421
2025-08-13 03:00,0.001253
2025-08-13 03:15,0.006576
2025-08-13 03:30,0.004431
2025-08-13 03:45,0.0
2025-08-13 04:00,0.005309
2025-08-13 04:15,0.000598
2025-08-13 04:30,0.00043
2025-08-13 04:45,0.026481
2025-08-13 05:00,0.0
2025-08-13 05:15,0.0
2025-08-13 05:30,0.002482
2025-08-13 05:45,0.012226
2025-08-13 06:00,0.005879
2025-08-13 06:15,0.003089
2025-08-13 06:30,0.005823
2025-08-13 06:45,0.026939
2025-08-13 07:00,0.0
2025-08-13 07:15,0.01267
2025-08-13 07:30,0.000299
2025-08-13 07:45,0.0
2025-08-13 08:00,0.0
2025-08-13 08:15,0.000271
2025-08-13 08:30,0.0
2025-08-13 08:45,0.000271
2025-08-13 09:00,0.0
2025-08-13 09:15,0.00093
2025-08-13 09:30,0.006169
2025-08-13 09:45,0.001402
2025-08-13 10:00,0.000472
2025-08-13 10:15,0.0
2025-08-13 10:30,0.0
2025-08-13 10:45,0.013479
2025-08-13 11:00,0.001402
2025-08-13 11:15,0.0
2025-08-13 11:30,0.005823
2025-08-13 11:45,0.001075
2025-08-13 12:00,0.000346
2025-08-13 12:15,0.014512
2025-08-13 12:30,0.007179
2025-08-13 12:45,0.0
2025-08-13 13:00,0.059925
2025-08-13 13:15,0.007174
2025-08-13 13:30,0.007945
2025-08-13 13:45,0.0
2025-08-13 14:00,0.036814
2025-08-13 14:15,0.012862
2025-08-13 14:30,0.005823
2025-08-13 14:45,0.025041
2025-08-13 15:00,0.051073
2025-08-13 15:15,0.007066
2025-08-13 15:30,0.311467
2025-08-13 15:45,0.168446
2025-08-13 16:00,0.419979
2025-08-13 16:15,0.374766
2025-08-13 16:30,0.598828
2025-08-13 16:45,0.912052
2025-08-13 17:00,0.479039
2025-08-13 17:15,0.035127
2025-08-13 17:30,0.012619
2025-08-13 17:45,0.018961
2025-08-13 18:00,0.039875
2025-08-13 18:15,0.006978
2025-08-13 18:30,0.001402
2025-08-13 18:45,0.000509
2025-08-13 19:00,0.358297
2025-08-13 19:15,0.288688
2025-08-13 19:30,0.441015
2025-08-13 19:45,0.620125
2025-08-13 20:00,0.766316
2025-08-13 20:15,0.005823
2025-08-13 20:30,0.021246
2025-08-13 20:45,0.001126
2025-08-13 21:00,0.013918
2025-08-13 21:15,0.007193
2025-08-13 21:30,0.014217
2025-08-13 21:45,0.02362
2025-08-13 22:00,0.003043
2025-08-13 22:15,0.0
2025-08-13 22:30,0.026883
2025-08-13 22:45,0.009319
2025-08-13 23:00,0.005823
2025-08-13 23:15,0.00608
2025-08-13 23:30,0.000566
2025-08-13 23:45,0.020218
2025-08-14 00:00,0.000818
2025-08-14 00:15,0.005823
2025-08-14 00:30,0.000299
2025-08-14 00:45,0.005683
2025-08-14 01:00,0.235101
2025-08-14 01:15,0.033986
2025-08-14 01:30,0.103511
2025-08-14 01:45,0.005926
2025-08-14 02:00,0.000299
2025-08-14 02:15,0.008805
2025-08-14 02:30,0.001453
2025-08-14 02:45,0.020452
2025-08-14 03:00,0.013067
2025-08-14 03:15,0.007038
2025-08-14 03:30,0.0
2025-08-14 03:45,0.005823
2025-08-14 04:00,0.000299
2025-08-14 04:15,0.000991
2025-08-14 04:30,0.007524
2025-08-14 04:45,0.006992
2025-08-14 05:00,0.0
2025-08-14 05:15,0.00079
2025-08-14 05:30,0.0
2025-08-14 05:45,0.042857
2025-08-14 06:00,0.000542
2025-08-14 06:15,0.013843
2025-08-14 06:30,0.013441
2025-08-14 06:45,0.011165
2025-08-14 07:00,0.00179
2025-08-14 07:15,0.0
2025-08-14 07:30,0.005898
2025-08-14 07:45,0.0
2025-08-14 08:00,0.000439
2025-08-14 08:15,0.003515
2025-08-14 08:30,0.000766
2025-08-14 08:45,0.00723
2025-08-14 09:00,0.0
2025-08-14 09:15,0.094341
2025-08-14 09:30,0.000421
2025-08-14 09:45,0.0
2025-08-14 10:00,0.006566
2025-08-14 10:15,0.0
2025-08-14 10:30,0.021321
2025-08-14 10:45,0.0
2025-08-14 11:00,0.005823
2025-08-14 11:15,0.0
2025-08-14 11:30,0.005823
2025-08-14 11:45,0.0
2025-08-14 12:00,0.018727
2025-08-14 12:15,0.00043
2025-08-14 12:30,0.027649
2025-08-14 12:45,0.0
2025-08-14 13:00,0.007688
2025-08-14 13:15,0.005973
2025-08-14 13:30,0.020218
2025-08-14 13:45,0.000692
2025-08-14 14:00,0.002145
2025-08-14 14:15,0.020863
2025-08-14 14:30,0.014474
2025-08-14 14:45,0.015923
2025-08-14 15:00,0.009109
2025-08-14 15:15,0.007627
2025-08-14 15:30,0.189108
2025-08-14 15:45,0.174998
2025-08-14 16:00,0.460078
2025-08-14 16:15,0.416707
2025-08-14 16:30,0.519353
2025-08-14 16:45,0.804597
2025-08-14 17:00,0.391862
2025-08-14 17:15,0.007473
2025-08-14 17:30,0.005898
2025-08-14 17:45,0.014927
2025-08-14 18:00,0.002276
2025-08-14 18:15,0.020583
2025-08-14 18:30,0.0
2025-08-14 18:45,0.012609
2025-08-14 19:00,0.339471
2025-08-14 19:15,0.253262
2025-08-14 19:30,0.647975
2025-08-14 19:45,0.768961
2025-08-14 20:00,0.676129
2025-08-14 20:15,0.006365
2025-08-14 20:30,0.007445
2025-08-14 20:45,0.257403
2025-08-14 21:00,0.085606
2025-08-14 21:15,0.037992
2025-08-14 21:30,0.015133
2025-08-14 21:45,0.032781
2025-08-14 22:00,0.000299
2025-08-14 22:15,0.006094
2025-08-14 22:30,0.012834
2025-08-14 22:45,0.013479
2025-08-14 23:00,0.005772
2025-08-14 23:15,0.022737
2025-08-14 23:30,0.0
2025-08-14 23:45,0.006739
2025-08-15 00:00,0.0
2025-08-15 00:15,0.006295
2025-08-15 00:30,0.007179
2025-08-15 00:45,0.012563
2025-08-15 01:00,0.015582
2025-08-15 01:15,0.055578
2025-08-15 01:30,0.020816
2025-08-15 01:45,0.008698
2025-08-15 02:00,0.034351
2025-08-15 02:15,0.020872
2025-08-15 02:30,0.013946
2025-08-15 02:45,0.007763
2025-08-15 03:00,0.014189
2025-08-15 03:15,0.019302
2025-08-15 03:30,0.021545
2025-08-15 03:45,0.0
2025-08-15 04:00,0.006739
2025-08-15 04:15,0.001678
2025-08-15 04:30,0.001327
2025-08-15 04:45,0.007394
2025-08-15 05:00,0.001402
2025-08-15 05:15,0.014039
2025-08-15 05:30,0.001561
2025-08-15 05:45,0.008174
2025-08-15 06:00,0.0
2025-08-15 06:15,0.013479
2025-08-15 06:30,0.0
2025-08-15 06:45,0.006721
2025-08-15 07:00,0.000299
2025-08-15 07:15,0.021148
2025-08-15 07:30,0.0
2025-08-15 07:45,0.0
2025-08-15 08:00,0.0
2025-08-15 08:15,0.006721
2025-08-15 08:30,0.00716
2025-08-15 08:45,0.00057
2025-08-15 09:00,0.007394
2025-08-15 09:15,0.006029
2025-08-15 09:30,0.0
2025-08-15 09:45,0.009179
2025-08-15 10:00,0.008529
2025-08-15 10:15,0.000271
2025-08-15 10:30,0.008141
2025-08-15 10:45,0.03393
2025-08-15 11:00,0.243363
2025-08-15 11:15,0.0
2025-08-15 11:30,0.007926
2025-08-15 11:45,0.006739
2025-08-15 12:00,0.005823
2025-08-15 12:15,0.000299
2025-08-15 12:30,0.013806
2025-08-15 12:45,0.030014
2025-08-15 13:00,0.020807
2025-08-15 13:15,0.0
2025-08-15 13:30,0.043067
2025-08-15 13:45,0.025817
2025-08-15 14:00,0.079292
2025-08-15 14:15,0.001005
2025-08-15 14:30,0.012862
2025-08-15 14:45,0.007983
2025-08-15 15:00,0.008913
2025-08-15 15:15,0.009908
2025-08-15 15:30,0.266975
2025-08-15 15:45,0.168567
2025-08-15 16:00,0.436579
2025-08-15 16:15,0.430817
2025-08-15 16:30,0.416371
2025-08-15 16:45,0.666198
2025-08-15 17:00,0.305878
2025-08-15 17:15,0.001089
2025-08-15 17:30,0.048208
2025-08-15 17:45,0.008249
2025-08-15 18:00,0.020517
2025-08-15 18:15,0.0
2025-08-15 18:30,0.011675
2025-08-15 18:45,0.00487
2025-08-15 19:00,0.404911
2025-08-15 19:15,0.271877
2025-08-15 19:30,0.933901
2025-08-15 19:45,0.525504
2025-08-15 20:00,0.945123
2025-08-15 20:15,0.027247
2025-08-15 20:30,0.013245
2025-08-15 20:45,0.011763
2025-08-15 21:00,0.012544
2025-08-15 21:15,0.032584
2025-08-15 21:30,0.020218
2025-08-15 21:45,0.014666
2025-08-15 22:00,0.010997
2025-08-15 22:15,0.004431
2025-08-15 22:30,0.011609
2025-08-15 22:45,0.000804
2025-08-15 23:00,0.000271
2025-08-15 23:15,0.001402
2025-08-15 23:30,0.000865
2025-08-15 23:45,0.020218
2025-08-16 00:00,0.006169
2025-08-16 00:15,0.002225
2025-08-16 00:30,0.003655
2025-08-16 00:45,0.006739
2025-08-16 01:00,0.00702
2025-08-16 01:15,0.000795
2025-08-16 01:30,0.0305
2025-08-16 01:45,0.000907
2025-08-16 02:00,0.002028
2025-08-16 02:15,0.032762
2025-08-16 02:30,0.006169
2025-08-16 02:45,0.020704
2025-08-16 03:00,0.010824
2025-08-16 03:15,0.000299
2025-08-16 03:30,0.012226
2025-08-16 03:45,0.018386
2025-08-16 04:00,0.004804
2025-08-16 04:15,0.0
2025-08-16 04:30,0.0
2025-08-16 04:45,0.012563
2025-08-16 05:00,0.0
2025-08-16 05:15,0.020162
2025-08-16 05:30,0.007847
2025-08-16 05:45,0.011647
2025-08-16 06:00,0.013479
2025-08-16 06:15,0.001902
2025-08-16 06:30,0.002122
2025-08-16 06:45,0.0
2025-08-16 07:00,0.005529
2025-08-16 07:15,0.002299
2025-08-16 07:30,0.000271
2025-08-16 07:45,0.000327
2025-08-16 08:00,0.000393
2025-08-16 08:15,0.001341
2025-08-16 08:30,0.000271
2025-08-16 08:45,0.0
2025-08-16 09:00,0.006552
2025-08-16 09:15,0.000299
2025-08-16 09:30,0.008123
2025-08-16 09:45,0.0
2025-08-16 10:00,0.000654
2025-08-16 10:15,0.006333
2025-08-16 10:30,0.000327
2025-08-16 10:45,0.000453
2025-08-16 11:00,0.0
2025-08-16 11:15,0.013479
2025-08-16 11:30,0.0
2025-08-16 11:45,0.0
2025-08-16 12:00,0.005823
2025-08-16 12:15,0.005823
2025-08-16 12:30,0.000734
2025-08-16 12:45,0.006094
2025-08-16 13:00,0.005823
2025-08-16 13:15,0.008716
2025-08-16 13:30,0.006295
2025-08-16 13:45,0.007197
2025-08-16 14:00,0.000925
2025-08-16 14:15,0.0
2025-08-16 14:30,0.030967
2025-08-16 14:45,0.0
2025-08-16 15:00,0.007179
2025-08-16 15:15,0.005823
2025-08-16 15:30,0.138684
2025-08-16 15:45,0.165226
2025-08-16 16:00,0.363134
2025-08-16 16:15,0.329554
2025-08-16 16:30,0.572684
2025-08-16 16:45,0.709087
2025-08-16 17:00,0.377711
2025-08-16 17:15,0.005823
2025-08-16 17:30,0.007179
2025-08-16 17:45,0.002131
2025-08-16 18:00,0.01375
2025-08-16 18:15,0.005823
2025-08-16 18:30,0.0
2025-08-16 18:45,0.005823
2025-08-16 19:00,0.362624
2025-08-16 19:15,0.272312
2025-08-16 19:30,0.891689
2025-08-16 19:45,0.724636
2025-08-16 20:00,0.726926
2025-08-16 20:15,0.013479
2025-08-16 20:30,0.006739
2025-08-16 20:45,0.0
2025-08-16 21:00,0.016993
2025-08-16 21:15,0.026041
2025-08-16 21:30,0.0
2025-08-16 21:45,0.001112
2025-08-16 22:00,0.014474
2025-08-16 22:15,0.0
2025-08-16 22:30,0.000435
2025-08-16 22:45,0.000439
2025-08-16 23:00,0.006295
2025-08-16 23:15,0.006094
2025-08-16 23:30,0.001187
2025-08-16 23:45,0.00602
2025-08-17 00:00,0.001309
2025-08-17 00:15,0.006076
2025-08-17 00:30,0.000299
2025-08-17 00:45,0.000327
2025-08-17 01:00,0.006739
2025-08-17 01:15,0.026238
2025-08-17 01:30,0.012193
2025-08-17 01:45,0.000435
2025-08-17 02:00,0.010016
2025-08-17 02:15,0.006543
2025-08-17 02:30,0.013479
2025-08-17 02:45,0.0
2025-08-17 03:00,0.000916
2025-08-17 03:15,0.001458
2025-08-17 03:30,0.0
2025-08-17 03:45,0.011918
2025-08-17 04:00,0.07174
2025-08-17 04:15,0.00057
2025-08-17 04:30,0.018732
2025-08-17 04:45,0.012198
2025-08-17 05:00,0.007052
2025-08-17 05:15,0.013282
2025-08-17 05:30,0.005823
2025-08-17 05:45,0.025686
2025-08-17 06:00,0.003043
2025-08-17 06:15,0.015703
2025-08-17 06:30,0.008137
2025-08-17 06:45,0.0
2025-08-17 07:00,0.001281
2025-08-17 07:15,0.005823
2025-08-17 07:30,0.0
2025-08-17 07:45,0.0
2025-08-17 08:00,0.0
2025-08-17 08:15,0.0
2025-08-17 08:30,0.002313
2025-08-17 08:45,0.003351
2025-08-17 09:00,0.000299
2025-08-17 09:15,0.005823
2025-08-17 09:30,0.000449
2025-08-17 09:45,0.000813
2025-08-17 10:00,0.000327
2025-08-17 10:15,0.023293
2025-08-17 10:30,0.0
2025-08-17 10:45,0.000416
2025-08-17 11:00,0.030163
2025-08-17 11:15,0.006739
2025-08-17 11:30,0.001654
2025-08-17 11:45,0.008202
2025-08-17 12:00,0.007066
2025-08-17 12:15,0.008885
2025-08-17 12:30,0.005823
2025-08-17 12:45,0.020564
2025-08-17 13:00,0.007211
2025-08-17 13:15,0.059289
2025-08-17 13:30,0.0
2025-08-17 13:45,0.007123
2025-08-17 14:00,0.015951
2025-08-17 14:15,0.000327
2025-08-17 14:30,0.0
2025-08-17 14:45,0.012838
2025-08-17 15:00,0.00115
2025-08-17 15:15,0.0
2025-08-17 15:30,0.186897
2025-08-17 15:45,0.142302
2025-08-17 16:00,0.189982
2025-08-17 16:15,0.458723
2025-08-17 16:30,0.524415
2025-08-17 16:45,0.521475
2025-08-17 17:00,0.333723
2025-08-17 17:15,0.0
2025-08-17 17:30,0.006763
2025-08-17 17:45,0.008319
2025-08-17 18:00,0.0
2025-08-17 18:15,0.010076
2025-08-17 18:30,0.005823
2025-08-17 18:45,0.000654
2025-08-17 19:00,0.299596
2025-08-17 19:15,0.310032
2025-08-17 19:30,0.557696
2025-08-17 19:45,1.0
2025-08-17 20:00,0.94917
2025-08-17 20:15,0.010048
2025-08-17 20:30,0.000435
2025-08-17 20:45,0.013441
2025-08-17 21:00,0.006739
2025-08-17 21:15,0.0
2025-08-17 21:30,0.020218
2025-08-17 21:45,0.0
2025-08-17 22:00,0.000449
2025-08-17 22:15,0.000271
2025-08-17 22:30,0.006739
2025-08-17 22:45,0.000271
2025-08-17 23:00,0.022667
2025-08-17 23:15,0.005823
2025-08-17 23:30,0.013376
2025-08-17 23:45,0.027775
2025-08-18 00:00,0.007066
2025-08-18 00:15,0.008908
2025-08-18 00:30,0.000271
2025-08-18 00:45,0.019573
2025-08-18 01:00,0.000299
2025-08-18 01:15,0.007398
2025-08-18 01:30,0.020508
2025-08-18 01:45,0.0
2025-08-18 02:00,0.0
2025-08-18 02:15,0.006375
2025-08-18 02:30,0.000327
2025-08-18 02:45,0.006739
2025-08-18 03:00,0.005823
2025-08-18 03:15,0.0
2025-08-18 03:30,0.0
2025-08-18 03:45,0.0
2025-08-18 04:00,0.026911
2025-08-18 04:15,0.000327
2025-08-18 04:30,0.007235
2025-08-18 04:45,0.000654
2025-08-18 05:00,0.0
2025-08-18 05:15,0.0
2025-08-18 05:30,0.005823
2025-08-18 05:45,0.025822
2025-08-18 06:00,0.008922
2025-08-18 06:15,0.0
2025-08-18 06:30,0.005823
2025-08-18 06:45,0.086443
2025-08-18 07:00,0.011791
2025-08-18 07:15,0.005823
2025-08-18 07:30,0.000523
2025-08-18 07:45,0.000439
2025-08-18 08:00,0.009833
2025-08-18 08:15,0.018993
2025-08-18 08:30,0.006739
2025-08-18 08:45,0.0
2025-08-18 09:00,0.001224
2025-08-18 09:15,0.005505
2025-08-18 09:30,0.000734
2025-08-18 09:45,0.026883
2025-08-18 10:00,0.000299
2025-08-18 10:15,0.0
2025-08-18 10:30,0.0
2025-08-18 10:45,0.011647
2025-08-18 11:00,0.001411
2025-08-18 11:15,0.005823
2025-08-18 11:30,0.006122
2025-08-18 11:45,0.027864
2025-08-18 12:00,0.00509
2025-08-18 12:15,0.002169
2025-08-18 12:30,0.000715
2025-08-18 12:45,0.00895
2025-08-18 13:00,0.006945
2025-08-18 13:15,0.000598
2025-08-18 13:30,0.008688
2025-08-18 13:45,0.0
2025-08-18 14:00,0.008684
2025-08-18 14:15,0.030505
2025-08-18 14:30,0.030967
2025-08-18 14:45,0.050293
2025-08-18 15:00,0.014189
2025-08-18 15:15,0.01188
2025-08-18 15:30,0.221972
2025-08-18 15:45,0.245897
2025-08-18 16:00,0.451474
2025-08-18 16:15,0.449834
2025-08-18 16:30,0.415221
2025-08-18 16:45,0.927489
2025-08-18 17:00,0.311448
2025-08-18 17:15,0.016451
2025-08-18 17:30,0.025873
2025-08-18 17:45,0.009735
2025-08-18 18:00,0.014292
2025-08-18 18:15,0.012432
2025-08-18 18:30,0.09372
2025-08-18 18:45,0.053073
2025-08-18 19:00,0.148452
2025-08-18 19:15,0.346052
2025-08-18 19:30,0.703171
2025-08-18 19:45,0.510455
2025-08-18 20:00,0.789361
2025-08-18 20:15,0.012156
2025-08-18 20:30,0.0
2025-08-18 20:45,0.00701
2025-08-18 21:00,0.038468
2025-08-18 21:15,0.0
2025-08-18 21:30,0.0
2025-08-18 21:45,0.018545
2025-08-18 22:00,0.009357
2025-08-18 22:15,0.000327
2025-08-18 22:30,0.0
2025-08-18 22:45,0.056756
2025-08-18 23:00,0.0
2025-08-18 23:15,0.000879
2025-08-18 23:30,0.006076
2025-08-18 23:45,0.014862
2025-08-19 00:00,0.028855
2025-08-19 00:15,0.0
2025-08-19 00:30,0.000383
2025-08-19 00:45,0.006739
2025-08-19 01:00,0.012619
2025-08-19 01:15,0.011109
2025-08-19 01:30,0.040436
2025-08-19 01:45,0.020938
2025-08-19 02:00,0.013479
2025-08-19 02:15,0.037669
2025-08-19 02:30,0.027742
2025-08-19 02:45,0.006739
2025-08-19 03:00,0.015685
2025-08-19 03:15,0.012563
2025-08-19 03:30,0.007085
2025-08-19 03:45,0.00329
2025-08-19 04:00,0.003225
2025-08-19 04:15,0.0
2025-08-19 04:30,0.006739
2025-08-19 04:45,0.0
2025-08-19 05:00,0.0
2025-08-19 05:15,0.0
2025-08-19 05:30,0.005823
2025-08-19 05:45,0.007034
2025-08-19 06:00,0.006333
2025-08-19 06:15,0.005823
2025-08-19 06:30,0.0
2025-08-19 06:45,0.000327
2025-08-19 07:00,0.0
2025-08-19 07:15,0.008394
2025-08-19 07:30,0.007207
2025-08-19 07:45,0.006721
2025-08-19 08:00,0.00294
2025-08-19 08:15,0.006281
2025-08-19 08:30,0.006739
2025-08-19 08:45,0.0
2025-08-19 09:00,0.005823
2025-08-19 09:15,0.012918
2025-08-19 09:30,0.0
2025-08-19 09:45,0.006721
2025-08-19 10:00,0.006739
2025-08-19 10:15,0.053924
2025-08-19 10:30,0.006739
2025-08-19 10:45,0.193235
2025-08-19 11:00,0.190094
2025-08-19 11:15,0.081582
2025-08-19 11:30,0.01833
2025-08-19 11:45,0.00658
2025-08-19 12:00,0.024396
2025-08-19 12:15,0.0
2025-08-19 12:30,0.086438
2025-08-19 12:45,0.017755
2025-08-19 13:00,0.007431
2025-08-19 13:15,0.0
2025-08-19 13:30,0.019096
2025-08-19 13:45,0.006978
2025-08-19 14:00,0.08204
2025-08-19 14:15,0.019648
2025-08-19 14:30,0.027149
2025-08-19 14:45,0.005823
2025-08-19 15:00,0.012563
2025-08-19 15:15,0.01253
2025-08-19 15:30,0.142246
2025-08-19 15:45,0.288548
2025-08-19 16:00,0.397461
2025-08-19 16:15,0.328236
2025-08-19 16:30,0.352034
2025-08-19 16:45,0.57324
2025-08-19 17:00,0.263338
2025-08-19 17:15,0.023293
2025-08-19 17:30,0.000327
2025-08-19 17:45,0.021854
2025-08-19 18:00,0.047404
2025-08-19 18:15,0.000832
2025-08-19 18:30,0.022859
2025-08-19 18:45,0.012357
2025-08-19 19:00,0.299419
2025-08-19 19:15,0.280846
2025-08-19 19:30,0.711873
2025-08-19 19:45,0.892068
2025-08-19 20:00,0.49885
2025-08-19 20:15,0.005823
2025-08-19 20:30,0.000453
2025-08-19 20:45,0.000453
2025-08-19 21:00,0.012988
2025-08-19 21:15,0.014021
2025-08-19 21:30,0.0
2025-08-19 21:45,0.012773
2025-08-19 22:00,0.004795
2025-08-19 22:15,0.000444
2025-08-19 22:30,0.021344
2025-08-19 22:45,0.000449
2025-08-19 23:00,0.000472
2025-08-19 23:15,0.000481
2025-08-19 23:30,0.020564
2025-08-19 23:45,0.000944
2025-08-20 00:00,0.027453
2025-08-20 00:00,0.030004
2025-08-20 00:15,0.014384
2025-08-20 00:30,0.006365
2025-08-20 00:45,0.0
2025-08-20 01:00,0.01469
2025-08-20 01:15,0.031874
2025-08-20 01:30,0.016039
2025-08-20 01:45,0.008888
2025-08-20 02:00,0.015446
2025-08-20 02:15,0.009909
2025-08-20 02:30,0.007366
2025-08-20 02:45,0.00712
2025-08-20 03:00,0.008755
2025-08-20 03:15,0.01373
2025-08-20 03:30,0.0
2025-08-20 03:45,0.0
2025-08-20 04:00,0.009634
2025-08-20 04:15,0.0
2025-08-20 04:30,0.0
2025-08-20 04:45,0.0
2025-08-20 05:00,0.006365
2025-08-20 05:15,0.0
2025-08-20 05:30,0.007529
2025-08-20 05:45,0.006937
2025-08-20 06:00,0.00259
2025-08-20 06:15,0.0
2025-08-20 06:30,0.0
2025-08-20 06:45,0.007345
2025-08-20 07:00,0.007437
2025-08-20 07:15,0.005532
2025-08-20 07:30,0.0
2025-08-20 07:45,0.0
2025-08-20 08:00,0.0
2025-08-20 08:15,0.008173
2025-08-20 08:30,0.001532
2025-08-20 08:45,0.0
2025-08-20 09:00,0.007754
2025-08-20 09:15,0.0
2025-08-20 09:30,0.000358
2025-08-20 09:45,0.0
2025-08-20 10:00,0.0
2025-08-20 10:15,0.000327
2025-08-20 10:30,0.000296
2025-08-20 10:45,0.0
2025-08-20 11:00,0.0
2025-08-20 11:15,0.008821
2025-08-20 11:30,0.0
2025-08-20 11:45,0.000378
2025-08-20 12:00,0.015028
2025-08-20 12:15,0.008173
2025-08-20 12:30,0.007182
2025-08-20 12:45,0.011534
2025-08-20 13:00,0.007325
2025-08-20 13:15,0.014333
2025-08-20 13:30,0.017137
2025-08-20 13:45,0.003366
2025-08-20 14:00,0.074035
2025-08-20 14:15,0.043683
2025-08-20 14:30,0.01443
2025-08-20 14:45,0.029708
2025-08-20 15:00,0.027322
2025-08-20 15:15,0.0
2025-08-20 15:30,0.179923
2025-08-20 15:45,0.181348
2025-08-20 16:00,0.475919
2025-08-20 16:15,0.405
2025-08-20 16:30,0.487805
2025-08-20 16:45,0.58244
2025-08-20 17:00,0.653926
2025-08-20 17:15,0.003075
2025-08-20 17:30,0.022649
2025-08-20 17:45,0.003744
2025-08-20 18:00,0.011176
2025-08-20 18:15,0.029294
2025-08-20 18:30,0.012811
2025-08-20 18:45,0.022506
2025-08-20 19:00,0.43247
2025-08-20 19:15,0.340629
2025-08-20 19:30,0.835222
2025-08-20 19:45,0.705858
2025-08-20 20:00,0.548446
2025-08-20 20:15,0.014568
2025-08-20 20:30,0.057766
2025-08-20 20:45,0.032609
2025-08-20 21:00,0.016305
2025-08-20 21:15,0.006365
2025-08-20 21:30,0.007366
2025-08-20 21:45,0.000296
2025-08-20 22:00,0.022097
2025-08-20 22:15,0.015058
2025-08-20 22:30,0.033845
2025-08-20 22:45,0.014731
2025-08-20 23:00,0.025116
2025-08-20 23:15,0.006426
2025-08-20 23:30,0.029759
2025-08-20 23:45,0.000358
2025-08-21 00:00,0.0
2025-08-21 00:15,0.000909
2025-08-21 00:30,0.000378
2025-08-21 00:45,0.007345
2025-08-21 01:00,0.10457
2025-08-21 01:15,0.118709
2025-08-21 01:30,0.077549
2025-08-21 01:45,0.0
2025-08-21 02:00,0.014966
2025-08-21 02:15,0.022884
2025-08-21 02:30,0.0
2025-08-21 02:45,0.007284
2025-08-21 03:00,0.016866
2025-08-21 03:15,0.007069
2025-08-21 03:30,0.0
2025-08-21 03:45,0.003039
2025-08-21 04:00,0.000511
2025-08-21 04:15,0.000378
2025-08-21 04:30,0.0
2025-08-21 04:45,0.000495
2025-08-21 05:00,0.008551
2025-08-21 05:15,0.0
2025-08-21 05:30,0.000296
2025-08-21 05:45,0.009296
2025-08-21 06:00,0.007366
2025-08-21 06:15,0.0
2025-08-21 06:30,0.0
2025-08-21 06:45,0.000358
2025-08-21 07:00,0.0
2025-08-21 07:15,0.000654
2025-08-21 07:30,0.000797
2025-08-21 07:45,0.005578
2025-08-21 08:00,0.0
2025-08-21 08:15,0.00096
2025-08-21 08:30,0.0
2025-08-21 08:45,0.0
2025-08-21 09:00,0.000572
2025-08-21 09:15,0.0
2025-08-21 09:30,0.001532
2025-08-21 09:45,0.0
2025-08-21 10:00,0.001844
2025-08-21 10:15,0.0
2025-08-21 10:30,0.0
2025-08-21 10:45,0.0
2025-08-21 11:00,0.0
2025-08-21 11:15,0.007366
2025-08-21 11:30,0.044071
2025-08-21 11:45,0.000419
2025-08-21 12:00,0.000838
2025-08-21 12:15,0.017336
2025-08-21 12:30,0.006804
2025-08-21 12:45,0.017306
2025-08-21 13:00,0.019717
2025-08-21 13:15,0.021423
2025-08-21 13:30,0.015068
2025-08-21 13:45,0.050998
2025-08-21 14:00,0.030086
2025-08-21 14:15,0.023149
2025-08-21 14:30,0.040649
2025-08-21 14:45,0.010134
2025-08-21 15:00,0.000327
2025-08-21 15:15,0.014813
2025-08-21 15:30,0.158668
2025-08-21 15:45,0.192958
2025-08-21 16:00,0.327594
2025-08-21 16:15,0.356321
2025-08-21 16:30,0.370567
2025-08-21 16:45,0.711227
2025-08-21 17:00,0.348332
2025-08-21 17:15,0.013025
2025-08-21 17:30,0.010252
2025-08-21 17:45,0.009348
2025-08-21 18:00,0.00096
2025-08-21 18:15,0.043254
2025-08-21 18:30,0.006426
2025-08-21 18:45,0.0
2025-08-21 19:00,0.323666
2025-08-21 19:15,0.578946
2025-08-21 19:30,0.900492
2025-08-21 19:45,0.780067
2025-08-21 20:00,0.780721
2025-08-21 20:15,0.03527
2025-08-21 20:30,0.0
2025-08-21 20:45,0.01538
2025-08-21 21:00,0.030678
2025-08-21 21:15,0.007366
2025-08-21 21:30,0.007366
2025-08-21 21:45,0.00048
2025-08-21 22:00,0.02982
2025-08-21 22:15,0.029463
2025-08-21 22:30,0.014731
2025-08-21 22:45,0.007366
2025-08-21 23:00,0.014731
2025-08-21 23:15,0.0
2025-08-21 23:30,0.015232
2025-08-21 23:45,0.000388
2025-08-22 00:00,0.058762
2025-08-22 00:15,0.0
2025-08-22 00:30,0.008658
2025-08-22 00:45,0.007366
2025-08-22 01:00,0.021428
2025-08-22 01:15,0.030913
2025-08-22 01:30,0.016417
2025-08-22 01:45,0.001083
2025-08-22 02:00,0.012852
2025-08-22 02:15,0.050804
2025-08-22 02:30,0.007366
2025-08-22 02:45,0.001011
2025-08-22 03:00,0.021617
2025-08-22 03:15,0.007366
2025-08-22 03:30,0.0
2025-08-22 03:45,0.022352
2025-08-22 04:00,0.0
2025-08-22 04:15,0.01465
2025-08-22 04:30,0.0
2025-08-22 04:45,0.000506
2025-08-22 05:00,0.000296
2025-08-22 05:15,0.023119
2025-08-22 05:30,0.000521
2025-08-22 05:45,0.007693
2025-08-22 06:00,0.0
2025-08-22 06:15,0.0
2025-08-22 06:30,0.01469
2025-08-22 06:45,0.001844
2025-08-22 07:00,0.010814
2025-08-22 07:15,0.000296
2025-08-22 07:30,0.005425
2025-08-22 07:45,0.006426
2025-08-22 08:00,0.00214
2025-08-22 08:15,0.0
2025-08-22 08:30,0.004485
2025-08-22 08:45,0.0
2025-08-22 09:00,0.000531
2025-08-22 09:15,0.0
2025-08-22 09:30,0.0
2025-08-22 09:45,0.000327
2025-08-22 10:00,0.0
2025-08-22 10:15,0.000296
2025-08-22 10:30,0.000603
2025-08-22 10:45,0.007948
2025-08-22 11:00,0.0
2025-08-22 11:15,0.000521
2025-08-22 11:30,0.047238
2025-08-22 11:45,0.0
2025-08-22 12:00,0.018966
2025-08-22 12:15,0.014251
2025-08-22 12:30,0.0
2025-08-22 12:45,0.008081
2025-08-22 13:00,0.0
2025-08-22 13:15,0.000776
2025-08-22 13:30,0.014088
2025-08-22 13:45,0.007662
2025-08-22 14:00,0.047417
2025-08-22 14:15,0.026469
2025-08-22 14:30,0.010921
2025-08-22 14:45,0.037104
2025-08-22 15:00,0.011283
2025-08-22 15:15,0.036828
2025-08-22 15:30,0.168001
2025-08-22 15:45,0.355018
2025-08-22 16:00,0.615396
2025-08-22 16:15,0.687613
2025-08-22 16:30,0.443386
2025-08-22 16:45,0.8772
2025-08-22 17:00,0.49208
2025-08-22 17:15,0.024304
2025-08-22 17:30,0.029228
2025-08-22 17:45,0.002758
2025-08-22 18:00,0.001338
2025-08-22 18:15,0.0
2025-08-22 18:30,0.007958
2025-08-22 18:45,0.007366
2025-08-22 19:00,0.327936
2025-08-22 19:15,0.399779
2025-08-22 19:30,0.612301
2025-08-22 19:45,0.602892
2025-08-22 20:00,1.0
2025-08-22 20:15,0.002534
2025-08-22 20:30,0.013536
2025-08-22 20:45,0.029401
2025-08-22 21:00,0.001221
2025-08-22 21:15,0.00047
2025-08-22 21:30,0.0
2025-08-22 21:45,0.007366
2025-08-22 22:00,0.003233
2025-08-22 22:15,0.000296
2025-08-22 22:30,0.007999
2025-08-22 22:45,0.017648
2025-08-22 23:00,0.007754
2025-08-22 23:15,0.006446
2025-08-22 23:30,0.0
2025-08-22 23:45,0.000715
2025-08-23 00:00,0.007366
2025-08-23 00:15,0.014731
2025-08-23 00:30,0.014731
2025-08-23 00:45,0.012729
2025-08-23 01:00,0.000623
2025-08-23 01:15,0.007672
2025-08-23 01:30,0.004996
2025-08-23 01:45,0.001318
2025-08-23 02:00,0.013087
2025-08-23 02:15,0.023915
2025-08-23 02:30,0.014731
2025-08-23 02:45,0.010236
2025-08-23 03:00,0.008275
2025-08-23 03:15,0.007366
2025-08-23 03:30,0.0
2025-08-23 03:45,0.000378
2025-08-23 04:00,0.00046
2025-08-23 04:15,0.007866
2025-08-23 04:30,0.0
2025-08-23 04:45,0.000593
2025-08-23 05:00,0.000327
2025-08-23 05:15,0.022434
2025-08-23 05:30,0.000327
2025-08-23 05:45,0.023471
2025-08-23 06:00,0.0
2025-08-23 06:15,0.00426
2025-08-23 06:30,0.004485
2025-08-23 06:45,0.011059
2025-08-23 07:00,0.000296
2025-08-23 07:15,0.0
2025-08-23 07:30,0.0
2025-08-23 07:45,0.0
2025-08-23 08:00,0.00096
2025-08-23 08:15,0.00711
2025-08-23 08:30,0.00711
2025-08-23 08:45,0.020989
2025-08-23 09:00,0.00096
2025-08-23 09:15,0.0
2025-08-23 09:30,0.0
2025-08-23 09:45,0.000358
2025-08-23 10:00,0.007366
2025-08-23 10:15,0.007366
2025-08-23 10:30,0.0
2025-08-23 10:45,0.008367
2025-08-23 11:00,0.0
2025-08-23 11:15,0.000378
2025-08-23 11:30,0.000715
2025-08-23 11:45,0.0
2025-08-23 12:00,0.007366
2025-08-23 12:15,0.007366
2025-08-23 12:30,0.0
2025-08-23 12:45,0.001594
2025-08-23 13:00,0.005271
2025-08-23 13:15,0.0
2025-08-23 13:30,0.0
2025-08-23 13:45,0.007841
2025-08-23 14:00,0.074178
2025-08-23 14:15,0.051406
2025-08-23 14:30,0.010206
2025-08-23 14:45,0.000358
2025-08-23 15:00,0.0
2025-08-23 15:15,0.007366
2025-08-23 15:30,0.16892
2025-08-23 15:45,0.122448
2025-08-23 16:00,0.479116
2025-08-23 16:15,0.535191
2025-08-23 16:30,0.660336
2025-08-23 16:45,0.505197
2025-08-23 17:00,0.303045
2025-08-23 17:15,0.007366
2025-08-23 17:30,0.01469
2025-08-23 17:45,0.0
2025-08-23 18:00,0.007366
2025-08-23 18:15,0.008581
2025-08-23 18:30,0.008101
2025-08-23 18:45,0.006804
2025-08-23 19:00,0.424645
2025-08-23 19:15,0.195859
2025-08-23 19:30,0.514872
2025-08-23 19:45,0.602218
2025-08-23 20:00,0.779285
2025-08-23 20:15,0.007345
2025-08-23 20:30,0.0
2025-08-23 20:45,0.038662
2025-08-23 21:00,0.044153
2025-08-23 21:15,0.008873
2025-08-23 21:30,0.029463
2025-08-23 21:45,0.014731
2025-08-23 22:00,0.007723
2025-08-23 22:15,0.00711
2025-08-23 22:30,0.007366
2025-08-23 22:45,0.000684
2025-08-23 23:00,0.000439
2025-08-23 23:15,0.01066
2025-08-23 23:30,0.0
2025-08-23 23:45,0.000296
2025-08-24 00:00,0.0
2025-08-24 00:15,0.0
2025-08-24 00:30,0.0
2025-08-24 00:45,0.000736
2025-08-24 01:00,0.000889
2025-08-24 01:15,0.029442
2025-08-24 01:30,0.010134
2025-08-24 01:45,0.007958
2025-08-24 02:00,0.0
2025-08-24 02:15,0.018486
2025-08-24 02:30,0.0
2025-08-24 02:45,0.000296
2025-08-24 03:00,0.001532
2025-08-24 03:15,0.0
2025-08-24 03:30,0.007989
2025-08-24 03:45,0.0
2025-08-24 04:00,0.007366
2025-08-24 04:15,0.0
2025-08-24 04:30,0.002799
2025-08-24 04:45,0.003994
2025-08-24 05:00,0.0
2025-08-24 05:15,0.022036
2025-08-24 05:30,0.0
2025-08-24 05:45,0.013873
2025-08-24 06:00,0.0
2025-08-24 06:15,0.002636
2025-08-24 06:30,0.00047
2025-08-24 06:45,0.000358
2025-08-24 07:00,0.0
2025-08-24 07:15,0.0
2025-08-24 07:30,0.0
2025-08-24 07:45,0.0
2025-08-24 08:00,0.0
2025-08-24 08:15,0.000378
2025-08-24 08:30,0.0
2025-08-24 08:45,0.0
2025-08-24 09:00,0.0
2025-08-24 09:15,0.000378
2025-08-24 09:30,0.0007
2025-08-24 09:45,0.0
2025-08-24 10:00,0.0
2025-08-24 10:15,0.0
2025-08-24 10:30,0.000327
2025-08-24 10:45,0.010134
2025-08-24 11:00,0.0
2025-08-24 11:15,0.000419
2025-08-24 11:30,0.022097
2025-08-24 11:45,0.007366
2025-08-24 12:00,0.014731
2025-08-24 12:15,0.007764
2025-08-24 12:30,0.014742
2025-08-24 12:45,0.002513
2025-08-24 13:00,0.008541
2025-08-24 13:15,0.005236
2025-08-24 13:30,0.007662
2025-08-24 13:45,0.007662
2025-08-24 14:00,0.066128
2025-08-24 14:15,0.007366
2025-08-24 14:30,0.014731
2025-08-24 14:45,0.0
2025-08-24 15:00,0.00711
2025-08-24 15:15,0.022455
2025-08-24 15:30,0.229398
2025-08-24 15:45,0.192621
2025-08-24 16:00,0.323129
2025-08-24 16:15,0.625316
2025-08-24 16:30,0.515219
2025-08-24 16:45,0.543042
2025-08-24 17:00,0.343306
2025-08-24 17:15,0.007662
2025-08-24 17:30,0.007366
2025-08-24 17:45,0.007366
2025-08-24 18:00,0.016162
2025-08-24 18:15,0.029463
2025-08-24 18:30,0.014731
2025-08-24 18:45,0.0
2025-08-24 19:00,0.340941
2025-08-24 19:15,0.367885
2025-08-24 19:30,0.827366
2025-08-24 19:45,0.829021
2025-08-24 20:00,0.799804
2025-08-24 20:15,0.0
2025-08-24 20:30,0.007366
2025-08-24 20:45,0.016632
2025-08-24 21:00,0.022393
2025-08-24 21:15,0.0
2025-08-24 21:30,0.019426
2025-08-24 21:45,0.017949
2025-08-24 22:00,0.007366
2025-08-24 22:15,0.007366
2025-08-24 22:30,0.014532
2025-08-24 22:45,0.007366
2025-08-24 23:00,0.017101
2025-08-24 23:15,0.005997
2025-08-24 23:30,0.014731
2025-08-24 23:45,0.00047
2025-08-25 00:00,0.007764
2025-08-25 00:15,0.007366
2025-08-25 00:30,0.022393
2025-08-25 00:45,0.022097
2025-08-25 01:00,0.022097
2025-08-25 01:15,0.029422
2025-08-25 01:30,0.036747
2025-08-25 01:45,0.021157
2025-08-25 02:00,0.007366
2025-08-25 02:15,0.022414
2025-08-25 02:30,0.022424
2025-08-25 02:45,0.002814
2025-08-25 03:00,0.007785
2025-08-25 03:15,0.0019
2025-08-25 03:30,0.007366
2025-08-25 03:45,0.004485
2025-08-25 04:00,0.007366
2025-08-25 04:15,0.000296
2025-08-25 04:30,0.000296
2025-08-25 04:45,0.009286
2025-08-25 05:00,0.007366
2025-08-25 05:15,0.0
2025-08-25 05:30,0.001098
2025-08-25 05:45,0.001073
2025-08-25 06:00,0.0
2025-08-25 06:15,0.0
2025-08-25 06:30,0.0
2025-08-25 06:45,0.015651
2025-08-25 07:00,0.037482
2025-08-25 07:15,0.000358
2025-08-25 07:30,0.0
2025-08-25 07:45,0.0
2025-08-25 08:00,0.0
2025-08-25 08:15,0.004495
2025-08-25 08:30,0.000623
2025-08-25 08:45,0.007366
2025-08-25 09:00,0.000756
2025-08-25 09:15,0.0
2025-08-25 09:30,0.0
2025-08-25 09:45,0.0
2025-08-25 10:00,0.0
2025-08-25 10:15,0.000358
2025-08-25 10:30,0.001537
2025-08-25 10:45,0.007366
2025-08-25 11:00,0.0
2025-08-25 11:15,0.00047
2025-08-25 11:30,0.008796
2025-08-25 11:45,0.014731
2025-08-25 12:00,0.022679
2025-08-25 12:15,0.014731
2025-08-25 12:30,0.023323
2025-08-25 12:45,0.014731
2025-08-25 13:00,0.0
2025-08-25 13:15,0.024917
2025-08-25 13:30,0.022516
2025-08-25 13:45,0.058302
2025-08-25 14:00,0.051866
2025-08-25 14:15,0.015058
2025-08-25 14:30,0.022582
2025-08-25 14:45,0.026367
2025-08-25 15:00,0.020738
2025-08-25 15:15,0.009153
2025-08-25 15:30,0.150225
2025-08-25 15:45,0.239057
2025-08-25 16:00,0.303341
2025-08-25 16:15,0.262503
2025-08-25 16:30,0.877996
2025-08-25 16:45,0.683664
2025-08-25 17:00,0.479412
2025-08-25 17:15,0.021137
2025-08-25 17:30,0.02746
2025-08-25 17:45,0.036788
2025-08-25 18:00,0.002615
2025-08-25 18:15,0.007662
2025-08-25 18:30,0.011115
2025-08-25 18:45,0.018889
2025-08-25 19:00,0.315232
2025-08-25 19:15,0.379562
2025-08-25 19:30,0.97704
2025-08-25 19:45,0.732879
2025-08-25 20:00,0.622353
2025-08-25 20:15,0.011493
2025-08-25 20:30,0.002258
2025-08-25 20:45,0.015058
2025-08-25 21:00,0.015671
2025-08-25 21:15,0.022393
2025-08-25 21:30,0.028426
2025-08-25 21:45,0.014149
2025-08-25 22:00,0.0
2025-08-25 22:15,0.000715
2025-08-25 22:30,0.01373
2025-08-25 22:45,0.007309
2025-08-25 23:00,0.000541
2025-08-25 23:15,0.043888
2025-08-25 23:30,0.007723
2025-08-25 23:45,0.008346
2025-08-26 00:00,0.0
2025-08-26 00:15,0.066965
2025-08-26 00:30,0.00189
2025-08-26 00:45,0.000848
2025-08-26 01:00,0.007723
2025-08-26 01:15,0.063768
2025-08-26 01:30,0.088541
2025-08-26 01:45,0.01917
2025-08-26 02:00,0.022475
2025-08-26 02:15,0.007345
2025-08-26 02:30,0.011202
2025-08-26 02:45,0.023956
2025-08-26 03:00,0.016938
2025-08-26 03:15,0.015355
2025-08-26 03:30,0.02269
2025-08-26 03:45,0.014731
2025-08-26 04:00,0.010262
2025-08-26 04:15,0.007366
2025-08-26 04:30,0.001185
2025-08-26 04:45,0.000327
2025-08-26 05:00,0.000378
2025-08-26 05:15,0.014711
2025-08-26 05:30,0.000327
2025-08-26 05:45,0.001788
2025-08-26 06:00,0.000541
2025-08-26 06:15,0.000593
2025-08-26 06:30,0.0
2025-08-26 06:45,0.008142
2025-08-26 07:00,0.030617
2025-08-26 07:15,0.000296
2025-08-26 07:30,0.000541
2025-08-26 07:45,0.006753
2025-08-26 08:00,0.000358
2025-08-26 08:15,0.0
2025-08-26 08:30,0.000327
2025-08-26 08:45,0.000996
2025-08-26 09:00,0.0
2025-08-26 09:15,0.007366
2025-08-26 09:30,0.000654
2025-08-26 09:45,0.0
2025-08-26 10:00,0.000327
2025-08-26 10:15,0.007366
2025-08-26 10:30,0.00309
2025-08-26 10:45,0.000654
2025-08-26 11:00,0.0019
2025-08-26 11:15,0.0
2025-08-26 11:30,0.022715
2025-08-26 11:45,0.029442
2025-08-26 12:00,0.006845
2025-08-26 12:15,0.020095
2025-08-26 12:30,0.059242
2025-08-26 12:45,0.021453
2025-08-26 13:00,0.025734
2025-08-26 13:15,0.043775
2025-08-26 13:30,0.056474
2025-08-26 13:45,0.012325
2025-08-26 14:00,0.050058
2025-08-26 14:15,0.007366
2025-08-26 14:30,0.058609
2025-08-26 14:45,0.023282
2025-08-26 15:00,0.022398
2025-08-26 15:15,0.008786
2025-08-26 15:30,0.214406
2025-08-26 15:45,0.211015
2025-08-26 16:00,0.480924
2025-08-26 16:15,0.727286
2025-08-26 16:30,0.577506
2025-08-26 16:45,0.609052
2025-08-26 17:00,0.412396
2025-08-26 17:15,0.026725
2025-08-26 17:30,0.043218
2025-08-26 17:45,0.000812
2025-08-26 18:00,0.062118
2025-08-26 18:15,0.029463
2025-08-26 18:30,0.004878
2025-08-26 18:45,0.01586
2025-08-26 19:00,0.471526
2025-08-26 19:15,0.60185
2025-08-26 19:30,0.84598
2025-08-26 19:45,0.634337
2025-08-26 20:00,0.963555
2025-08-26 20:15,0.002789
2025-08-26 20:30,0.128087
2025-08-26 20:45,0.022557
2025-08-26 21:00,0.014711
2025-08-26 21:15,0.01373
2025-08-26 21:30,0.014731
2025-08-26 21:45,0.019844
2025-08-26 22:00,0.000827
2025-08-26 22:15,0.014088
2025-08-26 22:30,0.008898
2025-08-26 22:45,0.001318
2025-08-26 23:00,0.011033
2025-08-26 23:15,0.000358
2025-08-26 23:30,0.0
2025-08-26 23:45,0.015089
2025-08-27 00:00,0.004398
2025-08-27 00:00,0.004015
2025-08-27 00:15,0.037969
2025-08-27 00:30,0.014016
2025-08-27 00:45,0.000886
2025-08-27 01:00,0.0
2025-08-27 01:15,0.049277
2025-08-27 01:30,0.102512
2025-08-27 01:45,0.000326
2025-08-27 02:00,0.007554
2025-08-27 02:15,0.015187
2025-08-27 02:30,0.003082
2025-08-27 02:45,0.000998
2025-08-27 03:00,0.012608
2025-08-27 03:15,0.014063
2025-08-27 03:30,0.000625
2025-08-27 03:45,0.0
2025-08-27 04:00,0.001147
2025-08-27 04:15,0.002551
2025-08-27 04:30,0.019976
2025-08-27 04:45,0.0
2025-08-27 05:00,0.000326
2025-08-27 05:15,0.000765
2025-08-27 05:30,0.0
2025-08-27 05:45,0.014525
2025-08-27 06:00,0.00027
2025-08-27 06:15,0.006705
2025-08-27 06:30,0.0
2025-08-27 06:45,0.000625
2025-08-27 07:00,0.000909
2025-08-27 07:15,0.013
2025-08-27 07:30,0.000625
2025-08-27 07:45,0.0
2025-08-27 08:00,0.006705
2025-08-27 08:15,0.053912
2025-08-27 08:30,0.002658
2025-08-27 08:45,0.002611
2025-08-27 09:00,0.0
2025-08-27 09:15,0.000298
2025-08-27 09:30,0.000429
2025-08-27 09:45,0.00027
2025-08-27 10:00,0.007078
2025-08-27 10:15,0.000326
2025-08-27 10:30,0.000522
2025-08-27 10:45,0.00027
2025-08-27 11:00,0.0
2025-08-27 11:15,0.0
2025-08-27 11:30,0.020787
2025-08-27 11:45,0.013448
2025-08-27 12:00,0.020241
2025-08-27 12:15,0.00027
2025-08-27 12:30,0.026238
2025-08-27 12:45,0.006136
2025-08-27 13:00,0.043616
2025-08-27 13:15,0.004933
2025-08-27 13:30,0.057316
2025-08-27 13:45,0.072059
2025-08-27 14:00,0.02116
2025-08-27 14:15,0.009125
2025-08-27 14:30,0.010855
2025-08-27 14:45,0.026536
2025-08-27 15:00,0.02047
2025-08-27 15:15,0.000298
2025-08-27 15:30,0.304604
2025-08-27 15:45,0.216789
2025-08-27 16:00,0.52966
2025-08-27 16:15,0.727518
2025-08-27 16:30,0.59529
2025-08-27 16:45,0.878608
2025-08-27 17:00,0.274538
2025-08-27 17:15,0.013448
2025-08-27 17:30,0.027762
2025-08-27 17:45,0.053175
2025-08-27 18:00,0.00761
2025-08-27 18:15,0.000569
2025-08-27 18:30,0.0
2025-08-27 18:45,0.019826
2025-08-27 19:00,0.207538
2025-08-27 19:15,0.290084
2025-08-27 19:30,0.688943
2025-08-27 19:45,0.524438
2025-08-27 20:00,0.681608
2025-08-27 20:15,0.00581
2025-08-27 20:30,0.028397
2025-08-27 20:45,0.056812
2025-08-27 21:00,0.006724
2025-08-27 21:15,0.015975
2025-08-27 21:30,0.007181
2025-08-27 21:45,0.020997
2025-08-27 22:00,0.00027
2025-08-27 22:15,0.00027
2025-08-27 22:30,0.013126
2025-08-27 22:45,0.028425
2025-08-27 23:00,0.000727
2025-08-27 23:15,0.00027
2025-08-27 23:30,0.005866
2025-08-27 23:45,0.001096
2025-08-28 00:00,0.0
2025-08-28 00:15,0.020409
2025-08-28 00:30,0.008435
2025-08-28 00:45,0.001133
2025-08-28 01:00,0.003297
2025-08-28 01:15,0.07835
2025-08-28 01:30,0.061904
2025-08-28 01:45,0.008057
2025-08-28 02:00,0.013541
2025-08-28 02:15,0.013741
2025-08-28 02:30,0.007712
2025-08-28 02:45,0.00726
2025-08-28 03:00,0.014483
2025-08-28 03:15,0.020862
2025-08-28 03:30,0.006491
2025-08-28 03:45,0.005101
2025-08-28 04:00,0.012515
2025-08-28 04:15,0.005101
2025-08-28 04:30,0.0
2025-08-28 04:45,0.0
2025-08-28 05:00,0.001473
2025-08-28 05:15,0.013448
2025-08-28 05:30,0.0
2025-08-28 05:45,0.006677
2025-08-28 06:00,0.006994
2025-08-28 06:15,0.0
2025-08-28 06:30,0.0
2025-08-28 06:45,0.007908
2025-08-28 07:00,0.006789
2025-08-28 07:15,0.006789
2025-08-28 07:30,0.000298
2025-08-28 07:45,0.0
2025-08-28 08:00,0.0
2025-08-28 08:15,0.0
2025-08-28 08:30,0.020442
2025-08-28 08:45,0.008188
2025-08-28 09:00,0.00027
2025-08-28 09:15,0.000597
2025-08-28 09:30,0.0
2025-08-28 09:45,0.009265
2025-08-28 10:00,0.0
2025-08-28 10:15,0.001753
2025-08-28 10:30,0.001021
2025-08-28 10:45,0.00027
2025-08-28 11:00,0.0067
2025-08-28 11:15,0.0
2025-08-28 11:30,0.013448
2025-08-28 11:45,0.006724
2025-08-28 12:00,0.002765
2025-08-28 12:15,0.018698
2025-08-28 12:30,0.007274
2025-08-28 12:45,0.014613
2025-08-28 13:00,0.007321
2025-08-28 13:15,0.008696
2025-08-28 13:30,0.007358
2025-08-28 13:45,0.018549
2025-08-28 14:00,0.027417
2025-08-28 14:15,0.025851
2025-08-28 14:30,0.014683
2025-08-28 14:45,0.033162
2025-08-28 15:00,0.012841
2025-08-28 15:15,0.019556
2025-08-28 15:30,0.262154
2025-08-28 15:45,0.181617
2025-08-28 16:00,0.240248
2025-08-28 16:15,0.596982
2025-08-28 16:30,0.434566
2025-08-28 16:45,0.718668
2025-08-28 17:00,0.379055
2025-08-28 17:15,0.000947
2025-08-28 17:30,0.001595
2025-08-28 17:45,0.012646
2025-08-28 18:00,0.014874
2025-08-28 18:15,0.016105
2025-08-28 18:30,0.012683
2025-08-28 18:45,0.060915
2025-08-28 19:00,0.393282
2025-08-28 19:15,0.27839
2025-08-28 19:30,0.632998
2025-08-28 19:45,0.724706
2025-08-28 20:00,0.535647
2025-08-28 20:15,0.006192
2025-08-28 20:30,0.049757
2025-08-28 20:45,0.02461
2025-08-28 21:00,0.000434
2025-08-28 21:15,0.007502
2025-08-28 21:30,0.004709
2025-08-28 21:45,0.013448
2025-08-28 22:00,0.00027
2025-08-28 22:15,0.013448
2025-08-28 22:30,0.027417
2025-08-28 22:45,0.053431
2025-08-28 23:00,0.020498
2025-08-28 23:15,0.001674
2025-08-28 23:30,0.0
2025-08-28 23:45,0.0
2025-08-29 00:00,0.0
2025-08-29 00:15,0.020251
2025-08-29 00:30,0.000326
2025-08-29 00:45,0.008123
2025-08-29 01:00,0.006724
2025-08-29 01:15,0.047533
2025-08-29 01:30,0.034197
2025-08-29 01:45,0.007675
2025-08-29 02:00,0.00581
2025-08-29 02:15,0.0
2025-08-29 02:30,0.000326
2025-08-29 02:45,0.003875
2025-08-29 03:00,0.003413
2025-08-29 03:15,0.006724
2025-08-29 03:30,0.0
2025-08-29 03:45,0.0
2025-08-29 04:00,0.014371
2025-08-29 04:15,0.001949
2025-08-29 04:30,0.0
2025-08-29 04:45,0.003213
2025-08-29 05:00,0.0
2025-08-29 05:15,0.014753
2025-08-29 05:30,0.015154
2025-08-29 05:45,0.058663
2025-08-29 06:00,0.0
2025-08-29 06:15,0.000769
2025-08-29 06:30,0.000998
2025-08-29 06:45,0.00069
2025-08-29 07:00,0.000835
2025-08-29 07:15,0.001404
2025-08-29 07:30,0.0
2025-08-29 07:45,0.001371
2025-08-29 08:00,0.0
2025-08-29 08:15,0.005689
2025-08-29 08:30,0.01341
2025-08-29 08:45,0.0
2025-08-29 09:00,0.000877
2025-08-29 09:15,0.0
2025-08-29 09:30,0.0
2025-08-29 09:45,0.0
2025-08-29 10:00,0.002821
2025-08-29 10:15,0.0
2025-08-29 10:30,0.0045
2025-08-29 10:45,0.0
2025-08-29 11:00,0.006491
2025-08-29 11:15,0.00581
2025-08-29 11:30,0.006192
2025-08-29 11:45,0.000737
2025-08-29 12:00,0.007032
2025-08-29 12:15,0.0
2025-08-29 12:30,0.025692
2025-08-29 12:45,0.018045
2025-08-29 13:00,0.036491
2025-08-29 13:15,0.0
2025-08-29 13:30,0.010212
2025-08-29 13:45,0.002611
2025-08-29 14:00,0.049762
2025-08-29 14:15,0.009046
2025-08-29 14:30,0.027166
2025-08-29 14:45,0.006724
2025-08-29 15:00,0.027375
2025-08-29 15:15,0.01418
2025-08-29 15:30,0.322742
2025-08-29 15:45,0.310722
2025-08-29 16:00,0.385812
2025-08-29 16:15,0.629864
2025-08-29 16:30,0.700889
2025-08-29 16:45,0.564888
2025-08-29 17:00,0.309887
2025-08-29 17:15,0.006155
2025-08-29 17:30,0.012534
2025-08-29 17:45,0.005866
2025-08-29 18:00,0.006724
2025-08-29 18:15,0.032924
2025-08-29 18:30,0.000429
2025-08-29 18:45,0.000438
2025-08-29 19:00,0.328599
2025-08-29 19:15,0.460529
2025-08-29 19:30,0.686467
2025-08-29 19:45,0.711632
2025-08-29 20:00,0.552144
2025-08-29 20:15,0.01161
2025-08-29 20:30,0.002056
2025-08-29 20:45,0.019575
2025-08-29 21:00,0.01424
2025-08-29 21:15,0.0
2025-08-29 21:30,0.01673
2025-08-29 21:45,0.006724
2025-08-29 22:00,0.01245
2025-08-29 22:15,0.0
2025-08-29 22:30,0.0
2025-08-29 22:45,0.008458
2025-08-29 23:00,0.000877
2025-08-29 23:15,0.006724
2025-08-29 23:30,0.007349
2025-08-29 23:45,0.00442
2025-08-30 00:00,0.0
2025-08-30 00:15,0.013448
2025-08-30 00:30,0.006994
2025-08-30 00:45,0.0
2025-08-30 01:00,0.006724
2025-08-30 01:15,0.020987
2025-08-30 01:30,0.027222
2025-08-30 01:45,0.0
2025-08-30 02:00,0.006724
2025-08-30 02:15,0.01341
2025-08-30 02:30,0.004448
2025-08-30 02:45,0.000298
2025-08-30 03:00,0.000326
2025-08-30 03:15,0.006211
2025-08-30 03:30,0.002882
2025-08-30 03:45,0.000345
2025-08-30 04:00,0.020153
2025-08-30 04:15,0.006649
2025-08-30 04:30,0.0
2025-08-30 04:45,0.006724
2025-08-30 05:00,0.0
2025-08-30 05:15,0.001529
2025-08-30 05:30,0.000345
2025-08-30 05:45,0.046162
2025-08-30 06:00,0.000345
2025-08-30 06:15,0.0
2025-08-30 06:30,0.0
2025-08-30 06:45,0.013709
2025-08-30 07:00,0.007834
2025-08-30 07:15,0.009256
2025-08-30 07:30,0.000522
2025-08-30 07:45,0.0
2025-08-30 08:00,0.000298
2025-08-30 08:15,0.0
2025-08-30 08:30,0.000326
2025-08-30 08:45,0.01259
2025-08-30 09:00,0.004094
2025-08-30 09:15,0.001399
2025-08-30 09:30,0.0
2025-08-30 09:45,0.0
2025-08-30 10:00,0.007078
2025-08-30 10:15,0.0
2025-08-30 10:30,0.000298
2025-08-30 10:45,0.009246
2025-08-30 11:00,0.000345
2025-08-30 11:15,0.0
2025-08-30 11:30,0.001581
2025-08-30 11:45,0.013448
2025-08-30 12:00,0.0
2025-08-30 12:15,0.001399
2025-08-30 12:30,0.007069
2025-08-30 12:45,0.000326
2025-08-30 13:00,0.0
2025-08-30 13:15,0.001399
2025-08-30 13:30,0.0
2025-08-30 13:45,0.0
2025-08-30 14:00,0.087946
2025-08-30 14:15,0.000326
2025-08-30 14:30,0.0
2025-08-30 14:45,0.0
2025-08-30 15:00,0.007339
2025-08-30 15:15,0.001096
2025-08-30 15:30,0.170165
2025-08-30 15:45,0.183324
2025-08-30 16:00,0.437588
2025-08-30 16:15,0.272757
2025-08-30 16:30,0.461681
2025-08-30 16:45,0.535246
2025-08-30 17:00,0.278021
2025-08-30 17:15,0.006724
2025-08-30 17:30,0.000298
2025-08-30 17:45,0.026037
2025-08-30 18:00,0.0
2025-08-30 18:15,0.004873
2025-08-30 18:30,0.004765
2025-08-30 18:45,0.001674
2025-08-30 19:00,0.298589
2025-08-30 19:15,0.27271
2025-08-30 19:30,0.594334
2025-08-30 19:45,1.0
2025-08-30 20:00,0.848691
2025-08-30 20:15,0.002019
2025-08-30 20:30,0.02696
2025-08-30 20:45,0.027119
2025-08-30 21:00,0.013448
2025-08-30 21:15,0.001548
2025-08-30 21:30,0.009326
2025-08-30 21:45,0.0
2025-08-30 22:00,0.001399
2025-08-30 22:15,0.003175
2025-08-30 22:30,0.033945
2025-08-30 22:45,0.006994
2025-08-30 23:00,0.006705
2025-08-30 23:15,0.0
2025-08-30 23:30,0.011732
2025-08-30 23:45,0.000597
2025-08-31 00:00,0.0
2025-08-31 00:15,0.006724
2025-08-31 00:30,0.0
2025-08-31 00:45,0.007022
2025-08-31 01:00,0.001399
2025-08-31 01:15,0.008011
2025-08-31 01:30,0.02047
2025-08-31 01:45,0.003623
2025-08-31 02:00,0.0
2025-08-31 02:15,0.00802
2025-08-31 02:30,0.0
2025-08-31 02:45,0.006733
2025-08-31 03:00,0.000643
2025-08-31 03:15,0.005866
2025-08-31 03:30,0.001399
2025-08-31 03:45,0.008123
2025-08-31 04:00,0.000434
2025-08-31 04:15,0.022335
2025-08-31 04:30,0.008981
2025-08-31 04:45,0.0
2025-08-31 05:00,0.000345
2025-08-31 05:15,0.014399
2025-08-31 05:30,0.0
2025-08-31 05:45,0.050955
2025-08-31 06:00,0.00027
2025-08-31 06:15,0.0
2025-08-31 06:30,0.000326
2025-08-31 06:45,0.000653
2025-08-31 07:00,0.007703
2025-08-31 07:15,0.029152
2025-08-31 07:30,0.0
2025-08-31 07:45,0.000345
2025-08-31 08:00,0.000415
2025-08-31 08:15,0.000434
2025-08-31 08:30,0.00027
2025-08-31 08:45,0.0
2025-08-31 09:00,0.000298
2025-08-31 09:15,0.0
2025-08-31 09:30,0.0
2025-08-31 09:45,0.0
2025-08-31 10:00,0.0
2025-08-31 10:15,0.0
2025-08-31 10:30,0.0
2025-08-31 10:45,0.0
2025-08-31 11:00,0.0
2025-08-31 11:15,0.000326
2025-08-31 11:30,0.01341
2025-08-31 11:45,0.0
2025-08-31 12:00,0.0
2025-08-31 12:15,0.001958
2025-08-31 12:30,0.000326
2025-08-31 12:45,0.0
2025-08-31 13:00,0.005185
2025-08-31 13:15,0.000681
2025-08-31 13:30,0.013448
2025-08-31 13:45,0.003119
2025-08-31 14:00,0.0
2025-08-31 14:15,0.001763
2025-08-31 14:30,0.007834
2025-08-31 14:45,0.000345
2025-08-31 15:00,0.00027
2025-08-31 15:15,0.0
2025-08-31 15:30,0.268183
2025-08-31 15:45,0.279639
2025-08-31 16:00,0.464017
2025-08-31 16:15,0.325741
2025-08-31 16:30,0.434954
2025-08-31 16:45,0.650847
2025-08-31 17:00,0.246412
2025-08-31 17:15,0.000653
2025-08-31 17:30,0.00027
2025-08-31 17:45,0.007535
2025-08-31 18:00,0.001376
2025-08-31 18:15,0.0
2025-08-31 18:30,0.020171
2025-08-31 18:45,0.006724
2025-08-31 19:00,0.354823
2025-08-31 19:15,0.344061
2025-08-31 19:30,0.863379
2025-08-31 19:45,0.570479
2025-08-31 20:00,0.691703
2025-08-31 20:15,0.0
2025-08-31 20:30,0.020605
2025-08-31 20:45,0.005866
2025-08-31 21:00,0.013429
2025-08-31 21:15,0.0
2025-08-31 21:30,0.0
2025-08-31 21:45,0.0
2025-08-31 22:00,0.000345
2025-08-31 22:15,0.010827
2025-08-31 22:30,0.00546
2025-08-31 22:45,0.027273
2025-08-31 23:00,0.001674
2025-08-31 23:15,0.0
2025-08-31 23:30,0.0
2025-08-31 23:45,0.0
2025-09-01 00:00,0.006724
2025-09-01 00:15,0.0
2025-09-01 00:30,0.009004
2025-09-01 00:45,0.007069
2025-09-01 01:00,0.0
2025-09-01 01:15,0.026821
2025-09-01 01:30,0.040231
2025-09-01 01:45,0.0
2025-09-01 02:00,0.0
2025-09-01 02:15,0.028504
2025-09-01 02:30,0.000345
2025-09-01 02:45,0.0
2025-09-01 03:00,0.013942
2025-09-01 03:15,0.007143
2025-09-01 03:30,0.0
2025-09-01 03:45,0.0
2025-09-01 04:00,0.013774
2025-09-01 04:15,0.002611
2025-09-01 04:30,0.001968
2025-09-01 04:45,0.005222
2025-09-01 05:00,0.001944
2025-09-01 05:15,0.002229
2025-09-01 05:30,0.0
2025-09-01 05:45,0.019416
2025-09-01 06:00,0.0
2025-09-01 06:15,0.00027
2025-09-01 06:30,0.002434
2025-09-01 06:45,0.013737
2025-09-01 07:00,0.000522
2025-09-01 07:15,0.0
2025-09-01 07:30,0.007349
2025-09-01 07:45,0.013247
2025-09-01 08:00,0.0
2025-09-01 08:15,0.000457
2025-09-01 08:30,0.0
2025-09-01 08:45,0.0
2025-09-01 09:00,0.0
2025-09-01 09:15,0.000298
2025-09-01 09:30,0.002467
2025-09-01 09:45,0.014156
2025-09-01 10:00,0.0
2025-09-01 10:15,0.0
2025-09-01 10:30,0.00339
2025-09-01 10:45,0.000457
2025-09-01 11:00,0.026895
2025-09-01 11:15,0.0
2025-09-01 11:30,0.0
2025-09-01 11:45,0.0
2025-09-01 12:00,0.001422
2025-09-01 12:15,0.00069
2025-09-01 12:30,0.0
2025-09-01 12:45,0.00027
2025-09-01 13:00,0.006724
2025-09-01 13:15,0.002252
2025-09-01 13:30,0.010827
2025-09-01 13:45,0.020171
2025-09-01 14:00,0.067126
2025-09-01 14:15,0.013448
2025-09-01 14:30,0.00027
2025-09-01 14:45,0.0
2025-09-01 15:00,0.012151
2025-09-01 15:15,0.000933
2025-09-01 15:30,0.246412
2025-09-01 15:45,0.129729
2025-09-01 16:00,0.263394
2025-09-01 16:15,0.530462
2025-09-01 16:30,0.463737
2025-09-01 16:45,0.73572
2025-09-01 17:00,0.318052
2025-09-01 17:15,0.020171
2025-09-01 17:30,0.001767
2025-09-01 17:45,0.000298
2025-09-01 18:00,0.0
2025-09-01 18:15,0.013448
2025-09-01 18:30,0.000989
2025-09-01 18:45,0.0
2025-09-01 19:00,0.2351
2025-09-01 19:15,0.401055
2025-09-01 19:30,0.71269
2025-09-01 19:45,0.666295
2025-09-01 20:00,0.682126
2025-09-01 20:15,0.002891
2025-09-01 20:30,0.0
2025-09-01 20:45,0.01341
2025-09-01 21:00,0.0
2025-09-01 21:15,0.002019
2025-09-01 21:30,0.009461
2025-09-01 21:45,0.006724
2025-09-01 22:00,0.020442
2025-09-01 22:15,0.0
2025-09-01 22:30,0.049519
2025-09-01 22:45,0.053977
2025-09-01 23:00,0.033824
2025-09-01 23:15,0.006724
2025-09-01 23:30,0.013448
2025-09-01 23:45,0.000326
2025-09-02 00:00,0.013448
2025-09-02 00:15,0.0
2025-09-02 00:30,0.03333
2025-09-02 00:45,0.020134
2025-09-02 01:00,0.00027
2025-09-02 01:15,0.0141
2025-09-02 01:30,0.01259
2025-09-02 01:45,0.004476
2025-09-02 02:00,0.005866
2025-09-02 02:15,0.001105
2025-09-02 02:30,0.01286
2025-09-02 02:45,0.000821
2025-09-02 03:00,0.001119
2025-09-02 03:15,0.006724
2025-09-02 03:30,0.0
2025-09-02 03:45,0.012291
2025-09-02 04:00,0.002882
2025-09-02 04:15,0.000783
2025-09-02 04:30,0.000634
2025-09-02 04:45,0.000629
2025-09-02 05:00,0.0
2025-09-02 05:15,0.013755
2025-09-02 05:30,0.0
2025-09-02 05:45,0.012935
2025-09-02 06:00,0.0
2025-09-02 06:15,0.006994
2025-09-02 06:30,0.001791
2025-09-02 06:45,0.006705
2025-09-02 07:00,0.008747
2025-09-02 07:15,0.028341
2025-09-02 07:30,0.028611
2025-09-02 07:45,0.000298
2025-09-02 08:00,0.000597
2025-09-02 08:15,0.0
2025-09-02 08:30,0.0
2025-09-02 08:45,0.0
2025-09-02 09:00,0.0
2025-09-02 09:15,0.000298
2025-09-02 09:30,0.0
2025-09-02 09:45,0.001651
2025-09-02 10:00,0.000541
2025-09-02 10:15,0.007405
2025-09-02 10:30,0.015728
2025-09-02 10:45,0.007078
2025-09-02 11:00,0.106107
2025-09-02 11:15,0.00027
2025-09-02 11:30,0.029329
2025-09-02 11:45,0.006724
2025-09-02 12:00,0.000326
2025-09-02 12:15,0.019952
2025-09-02 12:30,0.013448
2025-09-02 12:45,0.020274
2025-09-02 13:00,0.014893
2025-09-02 13:15,0.002028
2025-09-02 13:30,0.002798
2025-09-02 13:45,0.006379
2025-09-02 14:00,0.080592
2025-09-02 14:15,0.00069
2025-09-02 14:30,0.000298
2025-09-02 14:45,0.001016
2025-09-02 15:00,0.064282
2025-09-02 15:15,0.033806
2025-09-02 15:30,0.199812
2025-09-02 15:45,0.21906
2025-09-02 16:00,0.241432
2025-09-02 16:15,0.599966
2025-09-02 16:30,0.48001
2025-09-02 16:45,0.612598
2025-09-02 17:00,0.333075
2025-09-02 17:15,0.039261
2025-09-02 17:30,0.006859
2025-09-02 17:45,0.010738
2025-09-02 18:00,0.020451
2025-09-02 18:15,0.067956
2025-09-02 18:30,0.071374
2025-09-02 18:45,0.003642
2025-09-02 19:00,0.230428
2025-09-02 19:15,0.376701
2025-09-02 19:30,0.692528
2025-09-02 19:45,0.51625
2025-09-02 20:00,0.773032
2025-09-02 20:15,0.027483
2025-09-02 20:30,0.007764
2025-09-02 20:45,0.035419
2025-09-02 21:00,0.009158
2025-09-02 21:15,0.012534
2025-09-02 21:30,0.0
2025-09-02 21:45,0.015928
2025-09-02 22:00,0.00581
2025-09-02 22:15,0.001399
2025-09-02 22:30,0.0
2025-09-02 22:45,0.006435
2025-09-02 23:00,0.0
2025-09-02 23:15,0.020796
2025-09-02 23:30,0.006724
2025-09-02 23:45,0.007563
2025-09-03 00:00,0.0
2025-09-03 00:00,0.0
2025-09-03 00:15,0.0
2025-09-03 00:30,0.005631
2025-09-03 00:45,0.005514
2025-09-03 01:00,0.011905
2025-09-03 01:15,0.017137
2025-09-03 01:30,0.012845
2025-09-03 01:45,0.000349
2025-09-03 02:00,0.0
2025-09-03 02:15,0.018887
2025-09-03 02:30,0.01299
2025-09-03 02:45,0.006062
2025-09-03 03:00,0.001394
2025-09-03 03:15,0.0
2025-09-03 03:30,0.001817
2025-09-03 03:45,0.0
2025-09-03 04:00,0.0
2025-09-03 04:15,0.005561
2025-09-03 04:30,0.0
2025-09-03 04:45,0.000674
2025-09-03 05:00,0.0
2025-09-03 05:15,0.023442
2025-09-03 05:30,0.006822
2025-09-03 05:45,0.021272
2025-09-03 06:00,0.000251
2025-09-03 06:15,0.019048
2025-09-03 06:30,0.0
2025-09-03 06:45,0.004527
2025-09-03 07:00,0.0
2025-09-03 07:15,0.001406
2025-09-03 07:30,0.0
2025-09-03 07:45,0.005647
2025-09-03 08:00,0.00029
2025-09-03 08:15,0.001175
2025-09-03 08:30,0.0
2025-09-03 08:45,0.0
2025-09-03 09:00,0.0
2025-09-03 09:15,0.00036
2025-09-03 09:30,0.006101
2025-09-03 09:45,0.000251
2025-09-03 10:00,0.000274
2025-09-03 10:15,0.005514
2025-09-03 10:30,0.0
2025-09-03 10:45,0.005647
2025-09-03 11:00,0.028462
2025-09-03 11:15,0.0
2025-09-03 11:30,0.0
2025-09-03 11:45,0.017278
2025-09-03 12:00,0.037971
2025-09-03 12:15,0.007072
2025-09-03 12:30,0.044882
2025-09-03 12:45,0.034368
2025-09-03 13:00,0.018707
2025-09-03 13:15,0.06937
2025-09-03 13:30,0.011412
2025-09-03 13:45,0.012077
2025-09-03 14:00,0.040641
2025-09-03 14:15,0.018919
2025-09-03 14:30,0.02081
2025-09-03 14:45,0.079058
2025-09-03 15:00,0.054747
2025-09-03 15:15,0.016244
2025-09-03 15:30,0.179972
2025-09-03 15:45,0.221393
2025-09-03 16:00,0.305828
2025-09-03 16:15,0.378448
2025-09-03 16:30,0.442053
2025-09-03 16:45,0.754586
2025-09-03 17:00,0.291405
2025-09-03 17:15,0.013973
2025-09-03 17:30,0.006274
2025-09-03 17:45,0.028697
2025-09-03 18:00,0.01221
2025-09-03 18:15,0.051908
2025-09-03 18:30,0.016628
2025-09-03 18:45,0.023097
2025-09-03 19:00,0.18932
2025-09-03 19:15,0.221471
2025-09-03 19:30,0.384968
2025-09-03 19:45,0.393435
2025-09-03 20:00,0.435643
2025-09-03 20:15,0.002244
2025-09-03 20:30,0.013201
2025-09-03 20:45,0.011545
2025-09-03 21:00,0.034023
2025-09-03 21:15,0.01765
2025-09-03 21:30,0.003395
2025-09-03 21:45,0.011631
2025-09-03 22:00,0.044565
2025-09-03 22:15,0.006822
2025-09-03 22:30,0.011568
2025-09-03 22:45,0.00029
2025-09-03 23:00,0.006383
2025-09-03 23:15,0.011521
2025-09-03 23:30,0.011294
2025-09-03 23:45,0.0
2025-09-04 00:00,0.005874
2025-09-04 00:15,0.023363
2025-09-04 00:30,0.011521
2025-09-04 00:45,0.010526
2025-09-04 01:00,0.010801
2025-09-04 01:15,0.155634
2025-09-04 01:30,0.016941
2025-09-04 01:45,0.000834
2025-09-04 02:00,0.019862
2025-09-04 02:15,0.100808
2025-09-04 02:30,0.001492
2025-09-04 02:45,0.004077
2025-09-04 03:00,0.015179
2025-09-04 03:15,0.008796
2025-09-04 03:30,0.009837
2025-09-04 03:45,0.001073
2025-09-04 04:00,0.009359
2025-09-04 04:15,0.000337
2025-09-04 04:30,0.000838
2025-09-04 04:45,0.011842
2025-09-04 05:00,0.001347
2025-09-04 05:15,0.090102
2025-09-04 05:30,0.0
2025-09-04 05:45,0.034336
2025-09-04 06:00,0.001414
2025-09-04 06:15,0.0
2025-09-04 06:30,0.0
2025-09-04 06:45,0.011552
2025-09-04 07:00,0.000227
2025-09-04 07:15,0.011584
2025-09-04 07:30,0.000693
2025-09-04 07:45,0.0
2025-09-04 08:00,0.0
2025-09-04 08:15,0.000274
2025-09-04 08:30,0.028963
2025-09-04 08:45,0.0
2025-09-04 09:00,0.007625
2025-09-04 09:15,0.037845
2025-09-04 09:30,0.008948
2025-09-04 09:45,0.018288
2025-09-04 10:00,0.0
2025-09-04 10:15,0.000983
2025-09-04 10:30,0.0
2025-09-04 10:45,0.001414
2025-09-04 11:00,0.0
2025-09-04 11:15,0.006567
2025-09-04 11:30,0.004926
2025-09-04 11:45,0.00262
2025-09-04 12:00,0.009219
2025-09-04 12:15,0.009007
2025-09-04 12:30,0.087212
2025-09-04 12:45,0.0
2025-09-04 13:00,0.009696
2025-09-04 13:15,0.000748
2025-09-04 13:30,0.002581
2025-09-04 13:45,0.005647
2025-09-04 14:00,0.081772
2025-09-04 14:15,0.009172
2025-09-04 14:30,0.0
2025-09-04 14:45,0.013025
2025-09-04 15:00,0.00634
2025-09-04 15:15,0.009908
2025-09-04 15:30,0.09036
2025-09-04 15:45,0.10064
2025-09-04 16:00,0.323251
2025-09-04 16:15,0.354023
2025-09-04 16:30,0.28286
2025-09-04 16:45,0.431237
2025-09-04 17:00,0.294859
2025-09-04 17:15,0.028713
2025-09-04 17:30,0.020853
2025-09-04 17:45,0.174603
2025-09-04 18:00,0.010801
2025-09-04 18:15,0.005404
2025-09-04 18:30,0.011141
2025-09-04 18:45,0.05759
2025-09-04 19:00,0.223805
2025-09-04 19:15,0.369179
2025-09-04 19:30,0.395726
2025-09-04 19:45,0.43121
2025-09-04 20:00,0.459558
2025-09-04 20:15,0.0127
2025-09-04 20:30,0.005647
2025-09-04 20:45,0.032598
2025-09-04 21:00,0.065603
2025-09-04 21:15,0.02556
2025-09-04 21:30,0.006058
2025-09-04 21:45,0.000689
2025-09-04 22:00,0.0
2025-09-04 22:15,0.011294
2025-09-04 22:30,0.0
2025-09-04 22:45,0.011568
2025-09-04 23:00,0.005647
2025-09-04 23:15,0.011545
2025-09-04 23:30,0.005647
2025-09-04 23:45,0.008326
2025-09-05 00:00,0.0
2025-09-05 00:15,0.0
2025-09-05 00:30,0.006274
2025-09-05 00:45,0.0
2025-09-05 01:00,0.005647
2025-09-05 01:15,0.000909
2025-09-05 01:30,0.04072
2025-09-05 01:45,0.045552
2025-09-05 02:00,0.000227
2025-09-05 02:15,0.023955
2025-09-05 02:30,0.000227
2025-09-05 02:45,0.00029
2025-09-05 03:00,0.000548
2025-09-05 03:15,0.0
2025-09-05 03:30,0.006039
2025-09-05 03:45,0.0
2025-09-05 04:00,0.005882
2025-09-05 04:15,0.0
2025-09-05 04:30,0.0
2025-09-05 04:45,0.004926
2025-09-05 05:00,0.0
2025-09-05 05:15,0.000227
2025-09-05 05:30,0.009771
2025-09-05 05:45,0.003599
2025-09-05 06:00,0.0
2025-09-05 06:15,0.00105
2025-09-05 06:30,0.000364
2025-09-05 06:45,0.014497
2025-09-05 07:00,0.002859
2025-09-05 07:15,0.008639
2025-09-05 07:30,0.005459
2025-09-05 07:45,0.011263
2025-09-05 08:00,0.00029
2025-09-05 08:15,0.000478
2025-09-05 08:30,0.0
2025-09-05 08:45,0.0
2025-09-05 09:00,0.004926
2025-09-05 09:15,0.000251
2025-09-05 09:30,0.0
2025-09-05 09:45,0.001653
2025-09-05 10:00,0.000251
2025-09-05 10:15,0.004926
2025-09-05 10:30,0.0
2025-09-05 10:45,0.003799
2025-09-05 11:00,0.0
2025-09-05 11:15,0.006031
2025-09-05 11:30,0.003438
2025-09-05 11:45,0.000251
2025-09-05 12:00,0.020834
2025-09-05 12:15,0.014732
2025-09-05 12:30,0.026473
2025-09-05 12:45,0.001978
2025-09-05 13:00,0.049547
2025-09-05 13:15,0.003137
2025-09-05 13:30,0.021351
2025-09-05 13:45,0.000646
2025-09-05 14:00,0.111025
2025-09-05 14:15,0.010104
2025-09-05 14:30,0.019322
2025-09-05 14:45,0.022259
2025-09-05 15:00,0.125045
2025-09-05 15:15,0.011795
2025-09-05 15:30,0.160114
2025-09-05 15:45,0.397026
2025-09-05 16:00,0.334631
2025-09-05 16:15,0.327464
2025-09-05 16:30,0.31404
2025-09-05 16:45,0.575491
2025-09-05 17:00,0.406264
2025-09-05 17:15,0.0
2025-09-05 17:30,0.01539
2025-09-05 17:45,0.0
2025-09-05 18:00,0.040579
2025-09-05 18:15,0.005811
2025-09-05 18:30,0.013264
2025-09-05 18:45,0.025079
2025-09-05 19:00,0.201436
2025-09-05 19:15,0.318457
2025-09-05 19:30,0.624822
2025-09-05 19:45,0.613598
2025-09-05 20:00,0.509759
2025-09-05 20:15,0.00121
2025-09-05 20:30,0.000501
2025-09-05 20:45,0.013244
2025-09-05 21:00,0.00029
2025-09-05 21:15,0.042701
2025-09-05 21:30,0.000227
2025-09-05 21:45,0.017873
2025-09-05 22:00,0.005647
2025-09-05 22:15,0.000227
2025-09-05 22:30,0.000227
2025-09-05 22:45,0.006258
2025-09-05 23:00,0.000478
2025-09-05 23:15,0.0
2025-09-05 23:30,0.00289
2025-09-05 23:45,0.017795
2025-09-06 00:00,0.019706
2025-09-06 00:15,0.004926
2025-09-06 00:30,0.005647
2025-09-06 00:45,0.0
2025-09-06 01:00,0.005647
2025-09-06 01:15,0.029982
2025-09-06 01:30,0.033804
2025-09-06 01:45,0.006133
2025-09-06 02:00,0.001641
2025-09-06 02:15,0.016894
2025-09-06 02:30,0.006744
2025-09-06 02:45,0.006289
2025-09-06 03:00,0.015774
2025-09-06 03:15,0.001461
2025-09-06 03:30,0.0
2025-09-06 03:45,0.0
2025-09-06 04:00,0.0
2025-09-06 04:15,0.006121
2025-09-06 04:30,0.00242
2025-09-06 04:45,0.000388
2025-09-06 05:00,0.0
2025-09-06 05:15,0.002639
2025-09-06 05:30,0.001551
2025-09-06 05:45,0.005318
2025-09-06 06:00,0.0
2025-09-06 06:15,0.000364
2025-09-06 06:30,0.002275
2025-09-06 06:45,0.01149
2025-09-06 07:00,0.006172
2025-09-06 07:15,0.022768
2025-09-06 07:30,0.0
2025-09-06 07:45,0.000251
2025-09-06 08:00,0.000227
2025-09-06 08:15,0.0
2025-09-06 08:30,0.0
2025-09-06 08:45,0.0
2025-09-06 09:00,0.0
2025-09-06 09:15,0.0
2025-09-06 09:30,0.0
2025-09-06 09:45,0.0
2025-09-06 10:00,0.000251
2025-09-06 10:15,0.003199
2025-09-06 10:30,0.000611
2025-09-06 10:45,0.000227
2025-09-06 11:00,0.0
2025-09-06 11:15,0.0
2025-09-06 11:30,0.0
2025-09-06 11:45,0.022525
2025-09-06 12:00,0.003477
2025-09-06 12:15,0.000274
2025-09-06 12:30,0.011294
2025-09-06 12:45,0.001316
2025-09-06 13:00,0.002393
2025-09-06 13:15,0.000251
2025-09-06 13:30,0.005898
2025-09-06 13:45,0.0
2025-09-06 14:00,0.018069
2025-09-06 14:15,0.0
2025-09-06 14:30,0.000251
2025-09-06 14:45,0.000928
2025-09-06 15:00,0.0
2025-09-06 15:15,0.0
2025-09-06 15:30,0.186023
2025-09-06 15:45,0.155301
2025-09-06 16:00,0.263992
2025-09-06 16:15,0.508615
2025-09-06 16:30,0.388971
2025-09-06 16:45,0.551638
2025-09-06 17:00,0.482225
2025-09-06 17:15,0.0
2025-09-06 17:30,0.004926
2025-09-06 17:45,0.005647
2025-09-06 18:00,0.000439
2025-09-06 18:15,0.0
2025-09-06 18:30,0.005631
2025-09-06 18:45,0.001097
2025-09-06 19:00,0.227486
2025-09-06 19:15,0.227612
2025-09-06 19:30,0.542744
2025-09-06 19:45,0.583808
2025-09-06 20:00,0.856322
2025-09-06 20:15,0.012379
2025-09-06 20:30,0.005898
2025-09-06 20:45,0.000251
2025-09-06 21:00,0.000274
2025-09-06 21:15,0.005647
2025-09-06 21:30,0.005647
2025-09-06 21:45,0.0
2025-09-06 22:00,0.0
2025-09-06 22:15,0.011294
2025-09-06 22:30,0.0
2025-09-06 22:45,0.0
2025-09-06 23:00,0.011263
2025-09-06 23:15,0.000368
2025-09-06 23:30,0.002193
2025-09-06 23:45,0.0
2025-09-07 00:00,0.0
2025-09-07 00:15,0.006383
2025-09-07 00:30,0.006184
2025-09-07 00:45,0.0
2025-09-07 01:00,0.0
2025-09-07 01:15,0.016925
2025-09-07 01:30,0.010992
2025-09-07 01:45,0.001097
2025-09-07 02:00,0.003665
2025-09-07 02:15,0.000548
2025-09-07 02:30,0.0
2025-09-07 02:45,0.0
2025-09-07 03:00,0.005216
2025-09-07 03:15,0.006211
2025-09-07 03:30,0.000251
2025-09-07 03:45,0.005647
2025-09-07 04:00,0.006121
2025-09-07 04:15,0.001672
2025-09-07 04:30,0.001406
2025-09-07 04:45,0.002491
2025-09-07 05:00,0.000251
2025-09-07 05:15,0.000227
2025-09-07 05:30,0.0
2025-09-07 05:45,0.000548
2025-09-07 06:00,0.000305
2025-09-07 06:15,0.0
2025-09-07 06:30,0.0
2025-09-07 06:45,0.00036
2025-09-07 07:00,0.0
2025-09-07 07:15,0.004049
2025-09-07 07:30,0.00029
2025-09-07 07:45,0.000736
2025-09-07 08:00,0.0
2025-09-07 08:15,0.0
2025-09-07 08:30,0.00049
2025-09-07 08:45,0.000724
2025-09-07 09:00,0.002628
2025-09-07 09:15,0.000274
2025-09-07 09:30,0.0
2025-09-07 09:45,0.000227
2025-09-07 10:00,0.001958
2025-09-07 10:15,0.000227
2025-09-07 10:30,0.000681
2025-09-07 10:45,0.0
2025-09-07 11:00,0.001841
2025-09-07 11:15,0.005631
2025-09-07 11:30,0.000478
2025-09-07 11:45,0.0
2025-09-07 12:00,0.0
2025-09-07 12:15,0.0
2025-09-07 12:30,0.0
2025-09-07 12:45,0.00029
2025-09-07 13:00,0.001582
2025-09-07 13:15,0.001371
2025-09-07 13:30,0.005361
2025-09-07 13:45,0.0
2025-09-07 14:00,0.089988
2025-09-07 14:15,0.00542
2025-09-07 14:30,0.000364
2025-09-07 14:45,0.001386
2025-09-07 15:00,0.000587
2025-09-07 15:15,0.005647
2025-09-07 15:30,0.122484
2025-09-07 15:45,0.11081
2025-09-07 16:00,0.334881
2025-09-07 16:15,0.3064
2025-09-07 16:30,0.443565
2025-09-07 16:45,0.498622
2025-09-07 17:00,0.289862
2025-09-07 17:15,0.011294
2025-09-07 17:30,0.005631
2025-09-07 17:45,0.015829
2025-09-07 18:00,0.006148
2025-09-07 18:15,0.0
2025-09-07 18:30,0.022588
2025-09-07 18:45,0.00038
2025-09-07 19:00,0.270172
2025-09-07 19:15,0.246734
2025-09-07 19:30,0.402242
2025-09-07 19:45,0.597589
2025-09-07 20:00,0.850468
2025-09-07 20:15,0.005898
2025-09-07 20:30,0.0
2025-09-07 20:45,0.012116
2025-09-07 21:00,0.007981
2025-09-07 21:15,0.0
2025-09-07 21:30,0.028235
2025-09-07 21:45,0.000736
2025-09-07 22:00,0.001696
2025-09-07 22:15,0.0
2025-09-07 22:30,0.006007
2025-09-07 22:45,0.012242
2025-09-07 23:00,0.0
2025-09-07 23:15,0.001504
2025-09-07 23:30,0.005874
2025-09-07 23:45,0.01622
2025-09-08 00:00,0.0
2025-09-08 00:15,0.000384
2025-09-08 00:30,0.001097
2025-09-08 00:45,0.012438
2025-09-08 01:00,0.000251
2025-09-08 01:15,0.029504
2025-09-08 01:30,0.011263
2025-09-08 01:45,0.011545
2025-09-08 02:00,0.009649
2025-09-08 02:15,0.006994
2025-09-08 02:30,0.0013
2025-09-08 02:45,0.0
2025-09-08 03:00,0.000893
2025-09-08 03:15,0.0
2025-09-08 03:30,0.0
2025-09-08 03:45,0.001406
2025-09-08 04:00,0.005647
2025-09-08 04:15,0.0
2025-09-08 04:30,0.000666
2025-09-08 04:45,0.001386
2025-09-08 05:00,0.001676
2025-09-08 05:15,0.005776
2025-09-08 05:30,0.001402
2025-09-08 05:45,0.0
2025-09-08 06:00,0.002076
2025-09-08 06:15,0.005647
2025-09-08 06:30,0.00092
2025-09-08 06:45,0.017121
2025-09-08 07:00,0.0
2025-09-08 07:15,0.011576
2025-09-08 07:30,0.000658
2025-09-08 07:45,0.001437
2025-09-08 08:00,0.005921
2025-09-08 08:15,0.000501
2025-09-08 08:30,0.000227
2025-09-08 08:45,0.005197
2025-09-08 09:00,0.000701
2025-09-08 09:15,0.008087
2025-09-08 09:30,0.0
2025-09-08 09:45,0.002628
2025-09-08 10:00,0.015351
2025-09-08 10:15,0.0
2025-09-08 10:30,0.010573
2025-09-08 10:45,0.008212
2025-09-08 11:00,0.0
2025-09-08 11:15,0.0
2025-09-08 11:30,0.004926
2025-09-08 11:45,0.000752
2025-09-08 12:00,0.005647
2025-09-08 12:15,0.0
2025-09-08 12:30,0.005631
2025-09-08 12:45,0.00316
2025-09-08 13:00,0.018484
2025-09-08 13:15,0.000227
2025-09-08 13:30,0.010393
2025-09-08 13:45,0.006262
2025-09-08 14:00,0.017184
2025-09-08 14:15,0.029649
2025-09-08 14:30,0.000251
2025-09-08 14:45,0.002733
2025-09-08 15:00,0.006509
2025-09-08 15:15,0.014842
2025-09-08 15:30,0.216184
2025-09-08 15:45,0.175704
2025-09-08 16:00,0.367338
2025-09-08 16:15,0.298246
2025-09-08 16:30,0.401412
2025-09-08 16:45,0.49868
2025-09-08 17:00,0.354258
2025-09-08 17:15,0.005964
2025-09-08 17:30,0.011059
2025-09-08 17:45,0.006822
2025-09-08 18:00,0.007264
2025-09-08 18:15,0.019706
2025-09-08 18:30,0.027452
2025-09-08 18:45,0.005858
2025-09-08 19:00,0.336546
2025-09-08 19:15,0.242501
2025-09-08 19:30,1.0
2025-09-08 19:45,0.411774
2025-09-08 20:00,0.697031
2025-09-08 20:15,0.010526
2025-09-08 20:30,0.000227
2025-09-08 20:45,0.014928
2025-09-08 21:00,0.0
2025-09-08 21:15,0.000251
2025-09-08 21:30,0.016612
2025-09-08 21:45,0.0
2025-09-08 22:00,0.0
2025-09-08 22:15,0.011521
2025-09-08 22:30,0.005996
2025-09-08 22:45,0.0
2025-09-08 23:00,0.005945
2025-09-08 23:15,0.000736
2025-09-08 23:30,0.015406
2025-09-08 23:45,0.02556
2025-09-09 00:00,0.005874
2025-09-09 00:15,0.007116
2025-09-09 00:30,0.005858
2025-09-09 00:45,0.00038
2025-09-09 01:00,0.000251
2025-09-09 01:15,0.034282
2025-09-09 01:30,0.001711
2025-09-09 01:45,0.006446
2025-09-09 02:00,0.000364
2025-09-09 02:15,0.002483
2025-09-09 02:30,0.016941
2025-09-09 02:45,0.0
2025-09-09 03:00,0.005584
2025-09-09 03:15,0.005874
2025-09-09 03:30,0.0
2025-09-09 03:45,0.005647
2025-09-09 04:00,0.001378
2025-09-09 04:15,0.0
2025-09-09 04:30,0.0
2025-09-09 04:45,0.011388
2025-09-09 05:00,0.0
2025-09-09 05:15,0.005921
2025-09-09 05:30,0.001175
2025-09-09 05:45,0.03779
2025-09-09 06:00,0.00372
2025-09-09 06:15,0.0
2025-09-09 06:30,0.0
2025-09-09 06:45,0.003438
2025-09-09 07:00,0.011889
2025-09-09 07:15,0.0
2025-09-09 07:30,0.024037
2025-09-09 07:45,0.005318
2025-09-09 08:00,0.000815
2025-09-09 08:15,0.0
2025-09-09 08:30,0.001241
2025-09-09 08:45,0.0
2025-09-09 09:00,0.0
2025-09-09 09:15,0.0
2025-09-09 09:30,0.0
2025-09-09 09:45,0.018249
2025-09-09 10:00,0.0017
2025-09-09 10:15,0.000736
2025-09-09 10:30,0.010139
2025-09-09 10:45,0.000689
2025-09-09 11:00,0.004926
2025-09-09 11:15,0.005647
2025-09-09 11:30,0.011717
2025-09-09 11:45,0.004464
2025-09-09 12:00,0.000877
2025-09-09 12:15,0.007049
2025-09-09 12:30,0.00029
2025-09-09 12:45,0.006031
2025-09-09 13:00,0.000556
2025-09-09 13:15,0.005921
2025-09-09 13:30,0.001026
2025-09-09 13:45,0.011169
2025-09-09 14:00,0.005428
2025-09-09 14:15,0.023457
2025-09-09 14:30,0.018218
2025-09-09 14:45,0.000251
2025-09-09 15:00,0.033741
2025-09-09 15:15,0.005443
2025-09-09 15:30,0.124046
2025-09-09 15:45,0.09092
2025-09-09 16:00,0.300522
2025-09-09 16:15,0.500615
2025-09-09 16:30,0.490245
2025-09-09 16:45,0.56216
2025-09-09 17:00,0.339244
2025-09-09 17:15,0.007515
2025-09-09 17:30,0.0
2025-09-09 17:45,0.004069
2025-09-09 18:00,0.011537
2025-09-09 18:15,0.002534
2025-09-09 18:30,0.002005
2025-09-09 18:45,0.002749
2025-09-09 19:00,0.231896
2025-09-09 19:15,0.286052
2025-09-09 19:30,0.461505
2025-09-09 19:45,0.609909
2025-09-09 20:00,0.522557
2025-09-09 20:15,0.002647
2025-09-09 20:30,0.007347
2025-09-09 20:45,0.027311
2025-09-09 21:00,0.04343
2025-09-09 21:15,0.006211
2025-09-09 21:30,0.024679
2025-09-09 21:45,0.021014
2025-09-09 22:00,0.00029
2025-09-09 22:15,0.001175
2025-09-09 22:30,0.000274
2025-09-09 22:45,0.005451
2025-09-09 23:00,0.073772
2025-09-09 23:15,0.0
2025-09-09 23:30,0.005815
2025-09-09 23:45,0.014353
2025-09-10 00:00,0.000454
2025-09-10 00:00,0.000436
2025-09-10 00:15,0.000627
2025-09-10 00:30,0.012208
2025-09-10 00:45,0.010142
2025-09-10 01:00,0.001213
2025-09-10 01:15,0.017039
2025-09-10 01:30,0.00382
2025-09-10 01:45,0.00024
2025-09-10 02:00,0.006506
2025-09-10 02:15,0.0
2025-09-10 02:30,0.011585
2025-09-10 02:45,0.0
2025-09-10 03:00,0.000372
2025-09-10 03:15,0.0
2025-09-10 03:30,0.005417
2025-09-10 03:45,0.005417
2025-09-10 04:00,0.017583
2025-09-10 04:15,0.000353
2025-09-10 04:30,0.0
2025-09-10 04:45,0.003388
2025-09-10 05:00,0.0
2025-09-10 05:15,0.000706
2025-09-10 05:30,0.0016
2025-09-10 05:45,0.0
2025-09-10 06:00,0.0
2025-09-10 06:15,0.0
2025-09-10 06:30,0.000496
2025-09-10 06:45,0.0
2025-09-10 07:00,0.007667
2025-09-10 07:15,0.002021
2025-09-10 07:30,0.0
2025-09-10 07:45,0.000346
2025-09-10 08:00,0.000924
2025-09-10 08:15,0.000218
2025-09-10 08:30,0.004988
2025-09-10 08:45,0.011261
2025-09-10 09:00,0.0
2025-09-10 09:15,0.0
2025-09-10 09:30,0.0
2025-09-10 09:45,0.0
2025-09-10 10:00,0.0
2025-09-10 10:15,0.0
2025-09-10 10:30,0.0
2025-09-10 10:45,0.000218
2025-09-10 11:00,0.011059
2025-09-10 11:15,0.0
2025-09-10 11:30,0.000481
2025-09-10 11:45,0.004346
2025-09-10 12:00,0.001311
2025-09-10 12:15,0.011566
2025-09-10 12:30,0.015123
2025-09-10 12:45,0.012982
2025-09-10 13:00,0.010127
2025-09-10 13:15,0.000218
2025-09-10 13:30,0.038037
2025-09-10 13:45,0.015994
2025-09-10 14:00,0.032733
2025-09-10 14:15,0.005075
2025-09-10 14:30,0.008951
2025-09-10 14:45,0.028184
2025-09-10 15:00,0.009939
2025-09-10 15:15,0.004286
2025-09-10 15:30,0.154757
2025-09-10 15:45,0.104629
2025-09-10 16:00,0.408682
2025-09-10 16:15,0.299688
2025-09-10 16:30,0.244297
2025-09-10 16:45,0.531052
2025-09-10 17:00,0.376711
2025-09-10 17:15,0.00568
2025-09-10 17:30,0.011096
2025-09-10 17:45,0.004725
2025-09-10 18:00,0.09206
2025-09-10 18:15,0.005725
2025-09-10 18:30,0.007145
2025-09-10 18:45,0.017745
2025-09-10 19:00,0.250563
2025-09-10 19:15,0.311798
2025-09-10 19:30,0.488275
2025-09-10 19:45,0.502992
2025-09-10 20:00,0.627567
2025-09-10 20:15,0.045455
2025-09-10 20:30,0.00873
2025-09-10 20:45,0.061949
2025-09-10 21:00,0.064718
2025-09-10 21:15,0.005995
2025-09-10 21:30,0.004143
2025-09-10 21:45,0.011757
2025-09-10 22:00,0.010732
2025-09-10 22:15,0.005417
2025-09-10 22:30,0.000342
2025-09-10 22:45,0.00024
2025-09-10 23:00,0.010142
2025-09-10 23:15,0.0
2025-09-10 23:30,0.005635
2025-09-10 23:45,0.0
2025-09-11 00:00,0.006506
2025-09-11 00:15,0.001642
2025-09-11 00:30,0.005417
2025-09-11 00:45,0.000218
2025-09-11 01:00,0.015581
2025-09-11 01:15,0.110864
2025-09-11 01:30,0.043213
2025-09-11 01:45,0.0
2025-09-11 02:00,0.011036
2025-09-11 02:15,0.005943
2025-09-11 02:30,0.001029
2025-09-11 02:45,0.021847
2025-09-11 03:00,0.007753
2025-09-11 03:15,0.0
2025-09-11 03:30,0.0
2025-09-11 03:45,0.0
2025-09-11 04:00,0.006468
2025-09-11 04:15,0.0
2025-09-11 04:30,0.000639
2025-09-11 04:45,0.0
2025-09-11 05:00,0.0
2025-09-11 05:15,0.04988
2025-09-11 05:30,0.005417
2025-09-11 05:45,0.022673
2025-09-11 06:00,0.001067
2025-09-11 06:15,0.00568
2025-09-11 06:30,0.0
2025-09-11 06:45,0.005402
2025-09-11 07:00,0.0
2025-09-11 07:15,0.00163
2025-09-11 07:30,0.0
2025-09-11 07:45,0.001127
2025-09-11 08:00,0.0
2025-09-11 08:15,0.0
2025-09-11 08:30,0.0
2025-09-11 08:45,0.035828
2025-09-11 09:00,0.0
2025-09-11 09:15,0.002494
2025-09-11 09:30,0.000263
2025-09-11 09:45,0.000346
2025-09-11 10:00,0.000263
2025-09-11 10:15,0.000759
2025-09-11 10:30,0.000278
2025-09-11 10:45,0.000323
2025-09-11 11:00,0.000526
2025-09-11 11:15,0.001472
2025-09-11 11:30,0.002092
2025-09-11 11:45,0.003794
2025-09-11 12:00,0.0
2025-09-11 12:15,0.0
2025-09-11 12:30,0.0
2025-09-11 12:45,0.009451
2025-09-11 13:00,0.010803
2025-09-11 13:15,0.001101
2025-09-11 13:30,0.03854
2025-09-11 13:45,0.027076
2025-09-11 14:00,0.068651
2025-09-11 14:15,0.010097
2025-09-11 14:30,0.036455
2025-09-11 14:45,0.016776
2025-09-11 15:00,0.007772
2025-09-11 15:15,0.018767
2025-09-11 15:30,0.140547
2025-09-11 15:45,0.096587
2025-09-11 16:00,0.309507
2025-09-11 16:15,0.366656
2025-09-11 16:30,0.543549
2025-09-11 16:45,0.527051
2025-09-11 17:00,0.488079
2025-09-11 17:15,0.009361
2025-09-11 17:30,0.005447
2025-09-11 17:45,0.0
2025-09-11 18:00,0.00568
2025-09-11 18:15,0.014041
2025-09-11 18:30,0.007287
2025-09-11 18:45,0.000962
2025-09-11 19:00,0.184323
2025-09-11 19:15,0.522457
2025-09-11 19:30,0.888335
2025-09-11 19:45,0.595172
2025-09-11 20:00,0.539353
2025-09-11 20:15,0.000541
2025-09-11 20:30,0.010097
2025-09-11 20:45,0.004898
2025-09-11 21:00,0.005402
2025-09-11 21:15,0.008388
2025-09-11 21:30,0.000346
2025-09-11 21:45,0.001585
2025-09-11 22:00,0.011074
2025-09-11 22:15,0.000218
2025-09-11 22:30,0.0
2025-09-11 22:45,0.0
2025-09-11 23:00,0.048059
2025-09-11 23:15,0.005642
2025-09-11 23:30,0.005417
2025-09-11 23:45,0.023545
2025-09-12 00:00,0.0
2025-09-12 00:15,0.005417
2025-09-12 00:30,0.008298
2025-09-12 00:45,0.02993
2025-09-12 01:00,0.015717
2025-09-12 01:15,0.005665
2025-09-12 01:30,0.074916
2025-09-12 01:45,0.016686
2025-09-12 02:00,0.022181
2025-09-12 02:15,0.016723
2025-09-12 02:30,0.0
2025-09-12 02:45,0.000947
2025-09-12 03:00,0.005815
2025-09-12 03:15,0.0
2025-09-12 03:30,0.0
2025-09-12 03:45,0.00568
2025-09-12 04:00,0.000218
2025-09-12 04:15,0.0
2025-09-12 04:30,0.008249
2025-09-12 04:45,0.0
2025-09-12 05:00,0.009872
2025-09-12 05:15,0.00568
2025-09-12 05:30,0.000218
2025-09-12 05:45,0.027218
2025-09-12 06:00,0.0
2025-09-12 06:15,0.000984
2025-09-12 06:30,0.000278
2025-09-12 06:45,0.00897
2025-09-12 07:00,0.006844
2025-09-12 07:15,0.00734
2025-09-12 07:30,0.000346
2025-09-12 07:45,0.0
2025-09-12 08:00,0.010803
2025-09-12 08:15,0.002167
2025-09-12 08:30,0.0
2025-09-12 08:45,0.005199
2025-09-12 09:00,0.000582
2025-09-12 09:15,0.0
2025-09-12 09:30,0.002472
2025-09-12 09:45,0.005702
2025-09-12 10:00,0.0
2025-09-12 10:15,0.000947
2025-09-12 10:30,0.0
2025-09-12 10:45,0.008779
2025-09-12 11:00,0.0
2025-09-12 11:15,0.0
2025-09-12 11:30,0.0
2025-09-12 11:45,0.011096
2025-09-12 12:00,0.008163
2025-09-12 12:15,0.001626
2025-09-12 12:30,0.000218
2025-09-12 12:45,0.008542
2025-09-12 13:00,0.008005
2025-09-12 13:15,0.008403
2025-09-12 13:30,0.004248
2025-09-12 13:45,0.005597
2025-09-12 14:00,0.070033
2025-09-12 14:15,0.014436
2025-09-12 14:30,0.001675
2025-09-12 14:45,0.0
2025-09-12 15:00,0.009361
2025-09-12 15:15,0.011765
2025-09-12 15:30,0.134462
2025-09-12 15:45,0.130608
2025-09-12 16:00,0.249984
2025-09-12 16:15,0.277248
2025-09-12 16:30,0.315066
2025-09-12 16:45,0.520485
2025-09-12 17:00,0.332289
2025-09-12 17:15,0.010833
2025-09-12 17:30,0.005973
2025-09-12 17:45,0.029713
2025-09-12 18:00,0.026099
2025-09-12 18:15,0.051672
2025-09-12 18:30,0.006281
2025-09-12 18:45,0.011464
2025-09-12 19:00,0.283468
2025-09-12 19:15,0.263011
2025-09-12 19:30,0.80363
2025-09-12 19:45,0.523975
2025-09-12 20:00,0.709083
2025-09-12 20:15,0.004594
2025-09-12 20:30,0.02102
2025-09-12 20:45,0.010458
2025-09-12 21:00,0.044576
2025-09-12 21:15,0.027489
2025-09-12 21:30,0.005469
2025-09-12 21:45,0.010833
2025-09-12 22:00,0.0
2025-09-12 22:15,0.0
2025-09-12 22:30,0.008846
2025-09-12 22:45,0.022237
2025-09-12 23:00,0.004966
2025-09-12 23:15,0.023289
2025-09-12 23:30,0.00568
2025-09-12 23:45,0.000706
2025-09-13 00:00,0.006311
2025-09-13 00:15,0.0
2025-09-13 00:30,0.0
2025-09-13 00:45,0.0
2025-09-13 01:00,0.005417
2025-09-13 01:15,0.005402
2025-09-13 01:30,0.034585
2025-09-13 01:45,0.000364
2025-09-13 02:00,0.00024
2025-09-13 02:15,0.001052
2025-09-13 02:30,0.0
2025-09-13 02:45,0.0
2025-09-13 03:00,0.000864
2025-09-13 03:15,0.000218
2025-09-13 03:30,0.005417
2025-09-13 03:45,0.0
2025-09-13 04:00,0.001379
2025-09-13 04:15,0.0
2025-09-13 04:30,0.000481
2025-09-13 04:45,0.007257
2025-09-13 05:00,0.001127
2025-09-13 05:15,0.022703
2025-09-13 05:30,0.0
2025-09-13 05:45,0.00024
2025-09-13 06:00,0.0
2025-09-13 06:15,0.001743
2025-09-13 06:30,0.006006
2025-09-13 06:45,0.000706
2025-09-13 07:00,0.000263
2025-09-13 07:15,0.0
2025-09-13 07:30,0.0
2025-09-13 07:45,0.000278
2025-09-13 08:00,0.00024
2025-09-13 08:15,0.0
2025-09-13 08:30,0.0
2025-09-13 08:45,0.000639
2025-09-13 09:00,0.0
2025-09-13 09:15,0.001345
2025-09-13 09:30,0.0
2025-09-13 09:45,0.005417
2025-09-13 10:00,0.0
2025-09-13 10:15,0.001349
2025-09-13 10:30,0.0
2025-09-13 10:45,0.005417
2025-09-13 11:00,0.000883
2025-09-13 11:15,0.005229
2025-09-13 11:30,0.0
2025-09-13 11:45,0.000218
2025-09-13 12:00,0.000218
2025-09-13 12:15,0.0
2025-09-13 12:30,0.0
2025-09-13 12:45,0.001127
2025-09-13 13:00,0.0
2025-09-13 13:15,0.005417
2025-09-13 13:30,0.0
2025-09-13 13:45,0.005402
2025-09-13 14:00,0.049231
2025-09-13 14:15,0.0
2025-09-13 14:30,0.005702
2025-09-13 14:45,0.0
2025-09-13 15:00,0.0
2025-09-13 15:15,0.0
2025-09-13 15:30,0.071461
2025-09-13 15:45,0.132482
2025-09-13 16:00,0.550904
2025-09-13 16:15,0.250623
2025-09-13 16:30,0.388968
2025-09-13 16:45,0.740193
2025-09-13 17:00,0.169681
2025-09-13 17:15,0.0
2025-09-13 17:30,0.0
2025-09-13 17:45,0.000278
2025-09-13 18:00,0.0
2025-09-13 18:15,0.005702
2025-09-13 18:30,0.0
2025-09-13 18:45,0.005417
2025-09-13 19:00,0.208867
2025-09-13 19:15,0.286383
2025-09-13 19:30,0.552654
2025-09-13 19:45,0.640233
2025-09-13 20:00,0.444532
2025-09-13 20:15,0.0
2025-09-13 20:30,0.0
2025-09-13 20:45,0.008211
2025-09-13 21:00,0.0
2025-09-13 21:15,0.0
2025-09-13 21:30,0.003858
2025-09-13 21:45,0.000278
2025-09-13 22:00,0.00056
2025-09-13 22:15,0.0
2025-09-13 22:30,0.000263
2025-09-13 22:45,0.005402
2025-09-13 23:00,0.001315
2025-09-13 23:15,0.014387
2025-09-13 23:30,0.004218
2025-09-13 23:45,0.015131
2025-09-14 00:00,0.000349
2025-09-14 00:15,0.011453
2025-09-14 00:30,0.011735
2025-09-14 00:45,0.007505
2025-09-14 01:00,0.0
2025-09-14 01:15,0.0
2025-09-14 01:30,0.016588
2025-09-14 01:45,0.0
2025-09-14 02:00,0.000383
2025-09-14 02:15,0.005702
2025-09-14 02:30,0.004883
2025-09-14 02:45,0.0
2025-09-14 03:00,0.00468
2025-09-14 03:15,0.001596
2025-09-14 03:30,0.0
2025-09-14 03:45,0.000928
2025-09-14 04:00,0.00468
2025-09-14 04:15,0.000684
2025-09-14 04:30,0.000293
2025-09-14 04:45,0.0
2025-09-14 05:00,0.0
2025-09-14 05:15,0.011983
2025-09-14 05:30,0.00468
2025-09-14 05:45,0.014883
2025-09-14 06:00,0.0
2025-09-14 06:15,0.0
2025-09-14 06:30,0.00468
2025-09-14 06:45,0.005402
2025-09-14 07:00,0.001375
2025-09-14 07:15,0.00024
2025-09-14 07:30,0.004943
2025-09-14 07:45,0.00024
2025-09-14 08:00,0.000263
2025-09-14 08:15,0.0
2025-09-14 08:30,0.000278
2025-09-14 08:45,0.000556
2025-09-14 09:00,0.00024
2025-09-14 09:15,0.00157
2025-09-14 09:30,0.004064
2025-09-14 09:45,0.002584
2025-09-14 10:00,0.000706
2025-09-14 10:15,0.0
2025-09-14 10:30,0.004725
2025-09-14 10:45,0.005732
2025-09-14 11:00,0.0
2025-09-14 11:15,0.010375
2025-09-14 11:30,0.001375
2025-09-14 11:45,0.0
2025-09-14 12:00,0.005492
2025-09-14 12:15,0.0
2025-09-14 12:30,0.0
2025-09-14 12:45,0.00468
2025-09-14 13:00,0.004921
2025-09-14 13:15,0.006465
2025-09-14 13:30,0.0
2025-09-14 13:45,0.000364
2025-09-14 14:00,0.016468
2025-09-14 14:15,0.001349
2025-09-14 14:30,0.0
2025-09-14 14:45,0.000924
2025-09-14 15:00,0.021636
2025-09-14 15:15,0.011051
2025-09-14 15:30,0.23248
2025-09-14 15:45,0.107581
2025-09-14 16:00,0.378995
2025-09-14 16:15,0.153142
2025-09-14 16:30,0.501407
2025-09-14 16:45,0.446666
2025-09-14 17:00,0.344982
2025-09-14 17:15,0.0
2025-09-14 17:30,0.001796
2025-09-14 17:45,0.001127
2025-09-14 18:00,0.00468
2025-09-14 18:15,0.0
2025-09-14 18:30,0.0
2025-09-14 18:45,0.004898
2025-09-14 19:00,0.255299
2025-09-14 19:15,0.252711
2025-09-14 19:30,1.0
2025-09-14 19:45,0.587513
2025-09-14 20:00,0.479079
2025-09-14 20:15,0.000218
2025-09-14 20:30,0.0
2025-09-14 20:45,0.016483
2025-09-14 21:00,0.021884
2025-09-14 21:15,0.010593
2025-09-14 21:30,0.005773
2025-09-14 21:45,0.011735
2025-09-14 22:00,0.005995
2025-09-14 22:15,0.0
2025-09-14 22:30,0.000218
2025-09-14 22:45,0.010142
2025-09-14 23:00,0.001052
2025-09-14 23:15,0.0
2025-09-14 23:30,0.037916
2025-09-14 23:45,0.000496
2025-09-15 00:00,0.000503
2025-09-15 00:15,0.001833
2025-09-15 00:30,0.005026
2025-09-15 00:45,0.00059
2025-09-15 01:00,0.002104
2025-09-15 01:15,0.021636
2025-09-15 01:30,0.011096
2025-09-15 01:45,0.032094
2025-09-15 02:00,0.000436
2025-09-15 02:15,0.011682
2025-09-15 02:30,0.001127
2025-09-15 02:45,0.000781
2025-09-15 03:00,0.020457
2025-09-15 03:15,0.0
2025-09-15 03:30,0.000556
2025-09-15 03:45,0.000349
2025-09-15 04:00,0.001893
2025-09-15 04:15,0.001788
2025-09-15 04:30,0.001412
2025-09-15 04:45,0.00284
2025-09-15 05:00,0.00024
2025-09-15 05:15,0.00713
2025-09-15 05:30,0.0
2025-09-15 05:45,0.010202
2025-09-15 06:00,0.0
2025-09-15 06:15,0.012129
2025-09-15 06:30,0.009361
2025-09-15 06:45,0.012186
2025-09-15 07:00,0.00272
2025-09-15 07:15,0.000263
2025-09-15 07:30,0.0
2025-09-15 07:45,0.006123
2025-09-15 08:00,0.004733
2025-09-15 08:15,0.00024
2025-09-15 08:30,0.0
2025-09-15 08:45,0.000436
2025-09-15 09:00,0.005635
2025-09-15 09:15,0.005003
2025-09-15 09:30,0.01039
2025-09-15 09:45,0.007122
2025-09-15 10:00,0.0
2025-09-15 10:15,0.0
2025-09-15 10:30,0.005417
2025-09-15 10:45,0.0
2025-09-15 11:00,0.006784
2025-09-15 11:15,0.005424
2025-09-15 11:30,0.0103
2025-09-15 11:45,0.002013
2025-09-15 12:00,0.0
2025-09-15 12:15,0.000849
2025-09-15 12:30,0.015521
2025-09-15 12:45,0.011724
2025-09-15 13:00,0.006784
2025-09-15 13:15,0.031613
2025-09-15 13:30,0.019514
2025-09-15 13:45,0.012715
2025-09-15 14:00,0.024837
2025-09-15 14:15,0.000503
2025-09-15 14:30,0.010814
2025-09-15 14:45,0.004921
2025-09-15 15:00,0.017437
2025-09-15 15:15,0.000766
2025-09-15 15:30,0.127204
2025-09-15 15:45,0.124996
2025-09-15 16:00,0.414271
2025-09-15 16:15,0.323601
2025-09-15 16:30,0.308177
2025-09-15 16:45,0.517473
2025-09-15 17:00,0.424954
2025-09-15 17:15,0.010315
2025-09-15 17:30,0.005342
2025-09-15 17:45,0.021535
2025-09-15 18:00,0.012512
2025-09-15 18:15,0.01625
2025-09-15 18:30,0.001349
2025-09-15 18:45,0.001349
2025-09-15 19:00,0.318657
2025-09-15 19:15,0.278495
2025-09-15 19:30,0.535886
2025-09-15 19:45,0.560528
2025-09-15 20:00,0.553229
2025-09-15 20:15,0.011419
2025-09-15 20:30,0.0
2025-09-15 20:45,0.017151
2025-09-15 21:00,0.013215
2025-09-15 21:15,0.006791
2025-09-15 21:30,0.000349
2025-09-15 21:45,0.010097
2025-09-15 22:00,0.005984
2025-09-15 22:15,0.010908
2025-09-15 22:30,0.005695
2025-09-15 22:45,0.0
2025-09-15 23:00,0.000285
2025-09-15 23:15,0.005417
2025-09-15 23:30,0.011945
2025-09-15 23:45,0.0
2025-09-16 00:00,0.005417
2025-09-16 00:15,0.0
2025-09-16 00:30,0.0
2025-09-16 00:45,0.00885
2025-09-16 01:00,0.007809
2025-09-16 01:15,0.034269
2025-09-16 01:30,0.017039
2025-09-16 01:45,0.000699
2025-09-16 02:00,0.043724
2025-09-16 02:15,0.011119
2025-09-16 02:30,0.0
2025-09-16 02:45,0.0
2025-09-16 03:00,0.013012
2025-09-16 03:15,0.0
2025-09-16 03:30,0.00163
2025-09-16 03:45,0.000669
2025-09-16 04:00,0.000578
2025-09-16 04:15,0.005402
2025-09-16 04:30,0.005635
2025-09-16 04:45,0.0
2025-09-16 05:00,0.000346
2025-09-16 05:15,0.006833
2025-09-16 05:30,0.005635
2025-09-16 05:45,0.005101
2025-09-16 06:00,0.0
2025-09-16 06:15,0.005702
2025-09-16 06:30,0.0
2025-09-16 06:45,0.001585
2025-09-16 07:00,0.005702
2025-09-16 07:15,0.011645
2025-09-16 07:30,0.005687
2025-09-16 07:45,0.0
2025-09-16 08:00,0.001044
2025-09-16 08:15,0.00024
2025-09-16 08:30,0.000349
2025-09-16 08:45,0.005229
2025-09-16 09:00,0.0
2025-09-16 09:15,0.015822
2025-09-16 09:30,0.023488
2025-09-16 09:45,0.0
2025-09-16 10:00,0.005417
2025-09-16 10:15,0.00024
2025-09-16 10:30,0.002618
2025-09-16 10:45,0.005657
2025-09-16 11:00,0.0
2025-09-16 11:15,0.0
2025-09-16 11:30,0.000481
2025-09-16 11:45,0.00468
2025-09-16 12:00,0.009624
2025-09-16 12:15,0.01104
2025-09-16 12:30,0.0357
2025-09-16 12:45,0.030344
2025-09-16 13:00,0.011089
2025-09-16 13:15,0.046177
2025-09-16 13:30,0.004395
2025-09-16 13:45,0.000278
2025-09-16 14:00,0.028037
2025-09-16 14:15,0.012467
2025-09-16 14:30,0.000706
2025-09-16 14:45,0.01211
2025-09-16 15:00,0.001379
2025-09-16 15:15,0.086065
2025-09-16 15:30,0.245841
2025-09-16 15:45,0.120736
2025-09-16 16:00,0.480029
2025-09-16 16:15,0.457867
2025-09-16 16:30,0.375656
2025-09-16 16:45,0.581871
2025-09-16 17:00,0.241363
2025-09-16 17:15,0.0
2025-09-16 17:30,0.03357
2025-09-16 17:45,0.012189
2025-09-16 18:00,0.02492
2025-09-16 18:15,0.008749
2025-09-16 18:30,0.032192
2025-09-16 18:45,0.022617
2025-09-16 19:00,0.350128
2025-09-16 19:15,0.204052
2025-09-16 19:30,0.546096
2025-09-16 19:45,0.689648
2025-09-16 20:00,0.408607
2025-09-16 20:15,0.000458
2025-09-16 20:30,0.018838
2025-09-16 20:45,0.016738
2025-09-16 21:00,0.043859
2025-09-16 21:15,0.028751
2025-09-16 21:30,0.011119
2025-09-16 21:45,0.000353
2025-09-16 22:00,0.00024
2025-09-16 22:15,0.007366
2025-09-16 22:30,0.002321
2025-09-16 22:45,0.006078
2025-09-16 23:00,0.129045
2025-09-16 23:15,0.015709
2025-09-16 23:30,0.011314
2025-09-16 23:45,0.010048
2025-09-17 00:00,0.0
2025-09-17 00:00,0.0
2025-09-17 00:15,0.010366
2025-09-17 00:30,0.0
2025-09-17 00:45,0.004756
2025-09-17 01:00,0.00252
2025-09-17 01:15,0.001234
2025-09-17 01:30,0.022689
2025-09-17 01:45,0.004947
2025-09-17 02:00,0.015212
2025-09-17 02:15,0.010014
2025-09-17 02:30,0.004947
2025-09-17 02:45,0.000422
2025-09-17 03:00,0.009611
2025-09-17 03:15,0.007382
2025-09-17 03:30,0.012068
2025-09-17 03:45,0.000211
2025-09-17 04:00,0.0
2025-09-17 04:15,0.004756
2025-09-17 04:30,0.0
2025-09-17 04:45,0.0
2025-09-17 05:00,0.000211
2025-09-17 05:15,0.009486
2025-09-17 05:30,0.004756
2025-09-17 05:45,0.022395
2025-09-17 06:00,0.0
2025-09-17 06:15,0.022587
2025-09-17 06:30,0.010225
2025-09-17 06:45,0.0
2025-09-17 07:00,0.004802
2025-09-17 07:15,0.004756
2025-09-17 07:30,0.0
2025-09-17 07:45,0.009512
2025-09-17 08:00,0.00032
2025-09-17 08:15,0.0
2025-09-17 08:30,0.003114
2025-09-17 08:45,0.0
2025-09-17 09:00,0.0
2025-09-17 09:15,0.001689
2025-09-17 09:30,0.0
2025-09-17 09:45,0.0
2025-09-17 10:00,0.0
2025-09-17 10:15,0.000584
2025-09-17 10:30,0.004756
2025-09-17 10:45,0.001168
2025-09-17 11:00,0.000231
2025-09-17 11:15,0.023556
2025-09-17 11:30,0.0
2025-09-17 11:45,0.0
2025-09-17 12:00,0.009182
2025-09-17 12:15,0.004756
2025-09-17 12:30,0.000231
2025-09-17 12:45,0.000191
2025-09-17 13:00,0.042079
2025-09-17 13:15,0.006999
2025-09-17 13:30,0.01446
2025-09-17 13:45,0.000244
2025-09-17 14:00,0.010627
2025-09-17 14:15,0.012731
2025-09-17 14:30,0.01821
2025-09-17 14:45,0.000891
2025-09-17 15:00,0.006207
2025-09-17 15:15,0.0
2025-09-17 15:30,0.130678
2025-09-17 15:45,0.151061
2025-09-17 16:00,0.384932
2025-09-17 16:15,0.299889
2025-09-17 16:30,0.445082
2025-09-17 16:45,0.572541
2025-09-17 17:00,0.325605
2025-09-17 17:15,0.009819
2025-09-17 17:30,0.009136
2025-09-17 17:45,0.013477
2025-09-17 18:00,0.019236
2025-09-17 18:15,0.0019
2025-09-17 18:30,0.013549
2025-09-17 18:45,0.012448
2025-09-17 19:00,0.244356
2025-09-17 19:15,0.369703
2025-09-17 19:30,0.320777
2025-09-17 19:45,0.480407
2025-09-17 20:00,0.35307
2025-09-17 20:15,0.013002
2025-09-17 20:30,0.002441
2025-09-17 20:45,0.001115
2025-09-17 21:00,0.014268
2025-09-17 21:15,0.027778
2025-09-17 21:30,0.009512
2025-09-17 21:45,0.0
2025-09-17 22:00,0.000211
2025-09-17 22:15,0.00031
2025-09-17 22:30,0.0
2025-09-17 22:45,0.004756
2025-09-17 23:00,0.004743
2025-09-17 23:15,0.006141
2025-09-17 23:30,0.000211
2025-09-17 23:45,0.001201
2025-09-18 00:00,0.005376
2025-09-18 00:15,0.00502
2025-09-18 00:30,0.001784
2025-09-18 00:45,0.000422
2025-09-18 01:00,0.151351
2025-09-18 01:15,0.059699
2025-09-18 01:30,0.058313
2025-09-18 01:45,0.004275
2025-09-18 02:00,0.029592
2025-09-18 02:15,0.007217
2025-09-18 02:30,0.009512
2025-09-18 02:45,0.000772
2025-09-18 03:00,0.000963
2025-09-18 03:15,0.000686
2025-09-18 03:30,0.009704
2025-09-18 03:45,0.00878
2025-09-18 04:00,0.009948
2025-09-18 04:15,0.001392
2025-09-18 04:30,0.003608
2025-09-18 04:45,0.008401
2025-09-18 05:00,0.0
2025-09-18 05:15,0.014704
2025-09-18 05:30,0.004096
2025-09-18 05:45,0.019084
2025-09-18 06:00,0.008213
2025-09-18 06:15,0.0
2025-09-18 06:30,0.003608
2025-09-18 06:45,0.009318
2025-09-18 07:00,0.000191
2025-09-18 07:15,0.000402
2025-09-18 07:30,0.0
2025-09-18 07:45,0.008945
2025-09-18 08:00,0.010376
2025-09-18 08:15,0.0
2025-09-18 08:30,0.011445
2025-09-18 08:45,0.000557
2025-09-18 09:00,0.000323
2025-09-18 09:15,0.0
2025-09-18 09:30,0.004947
2025-09-18 09:45,0.0
2025-09-18 10:00,0.001003
2025-09-18 10:15,0.0
2025-09-18 10:30,0.028774
2025-09-18 10:45,0.005007
2025-09-18 11:00,0.0
2025-09-18 11:15,0.000231
2025-09-18 11:30,0.000191
2025-09-18 11:45,0.021795
2025-09-18 12:00,0.000933
2025-09-18 12:15,0.0
2025-09-18 12:30,0.00031
2025-09-18 12:45,0.006013
2025-09-18 13:00,0.000924
2025-09-18 13:15,0.009895
2025-09-18 13:30,0.004756
2025-09-18 13:45,0.041492
2025-09-18 14:00,0.13732
2025-09-18 14:15,0.000551
2025-09-18 14:30,0.004994
2025-09-18 14:45,0.0
2025-09-18 15:00,0.000294
2025-09-18 15:15,0.0
2025-09-18 15:30,0.169083
2025-09-18 15:45,0.08435
2025-09-18 16:00,0.245609
2025-09-18 16:15,0.337621
2025-09-18 16:30,0.324187
2025-09-18 16:45,0.366418
2025-09-18 17:00,0.301845
2025-09-18 17:15,0.0
2025-09-18 17:30,0.001435
2025-09-18 17:45,0.005221
2025-09-18 18:00,0.010653
2025-09-18 18:15,0.004149
2025-09-18 18:30,0.0
2025-09-18 18:45,0.001382
2025-09-18 19:00,0.192837
2025-09-18 19:15,0.259676
2025-09-18 19:30,0.500219
2025-09-18 19:45,0.655565
2025-09-18 20:00,0.399276
2025-09-18 20:15,0.006247
2025-09-18 20:30,0.000739
2025-09-18 20:45,0.015327
2025-09-18 21:00,0.010047
2025-09-18 21:15,0.000211
2025-09-18 21:30,0.004756
2025-09-18 21:45,0.002873
2025-09-18 22:00,0.002741
2025-09-18 22:15,0.0
2025-09-18 22:30,0.008853
2025-09-18 22:45,0.0
2025-09-18 23:00,0.006227
2025-09-18 23:15,0.000178
2025-09-18 23:30,0.000231
2025-09-18 23:45,0.004947
2025-09-19 00:00,0.003308
2025-09-19 00:15,0.0
2025-09-19 00:30,0.001309
2025-09-19 00:45,0.000191
2025-09-19 01:00,0.00975
2025-09-19 01:15,0.030258
2025-09-19 01:30,0.000775
2025-09-19 01:45,0.018972
2025-09-19 02:00,0.004947
2025-09-19 02:15,0.0
2025-09-19 02:30,0.009499
2025-09-19 02:45,0.004149
2025-09-19 03:00,0.000851
2025-09-19 03:15,0.00436
2025-09-19 03:30,0.005027
2025-09-19 03:45,0.0
2025-09-19 04:00,0.000211
2025-09-19 04:15,0.0
2025-09-19 04:30,0.000211
2025-09-19 04:45,0.000211
2025-09-19 05:00,0.0
2025-09-19 05:15,0.004954
2025-09-19 05:30,0.000211
2025-09-19 05:45,0.004895
2025-09-19 06:00,0.001003
2025-09-19 06:15,0.00468
2025-09-19 06:30,0.0
2025-09-19 06:45,0.0
2025-09-19 07:00,0.016402
2025-09-19 07:15,0.004756
2025-09-19 07:30,0.001333
2025-09-19 07:45,0.00436
2025-09-19 08:00,0.0069
2025-09-19 08:15,0.0
2025-09-19 08:30,0.004756
2025-09-19 08:45,0.000772
2025-09-19 09:00,0.0
2025-09-19 09:15,0.0
2025-09-19 09:30,0.00314
2025-09-19 09:45,0.0
2025-09-19 10:00,0.000989
2025-09-19 10:15,0.000399
2025-09-19 10:30,0.000191
2025-09-19 10:45,0.009288
2025-09-19 11:00,0.006062
2025-09-19 11:15,0.005188
2025-09-19 11:30,0.000584
2025-09-19 11:45,0.009743
2025-09-19 12:00,0.0
2025-09-19 12:15,0.014638
2025-09-19 12:30,0.0
2025-09-19 12:45,0.013431
2025-09-19 13:00,0.004974
2025-09-19 13:15,0.019598
2025-09-19 13:30,0.000485
2025-09-19 13:45,0.011438
2025-09-19 14:00,0.032838
2025-09-19 14:15,0.014691
2025-09-19 14:30,0.001201
2025-09-19 14:45,0.015858
2025-09-19 15:00,0.005281
2025-09-19 15:15,0.01349
2025-09-19 15:30,0.093724
2025-09-19 15:45,0.079422
2025-09-19 16:00,0.235048
2025-09-19 16:15,0.326569
2025-09-19 16:30,0.220747
2025-09-19 16:45,0.534155
2025-09-19 17:00,0.320981
2025-09-19 17:15,0.00097
2025-09-19 17:30,0.017164
2025-09-19 17:45,0.012794
2025-09-19 18:00,0.001135
2025-09-19 18:15,0.004149
2025-09-19 18:30,0.004756
2025-09-19 18:45,0.000211
2025-09-19 19:00,0.202979
2025-09-19 19:15,0.159775
2025-09-19 19:30,0.463919
2025-09-19 19:45,0.576297
2025-09-19 20:00,0.490565
2025-09-19 20:15,0.0
2025-09-19 20:30,0.00874
2025-09-19 20:45,0.078446
2025-09-19 21:00,0.009895
2025-09-19 21:15,0.005007
2025-09-19 21:30,0.000554
2025-09-19 21:45,0.001603
2025-09-19 22:00,0.014268
2025-09-19 22:15,0.000257
2025-09-19 22:30,0.001115
2025-09-19 22:45,0.025628
2025-09-19 23:00,0.009723
2025-09-19 23:15,0.0
2025-09-19 23:30,0.0056
2025-09-19 23:45,0.000191
2025-09-20 00:00,0.004674
2025-09-20 00:15,0.0
2025-09-20 00:30,0.0
2025-09-20 00:45,0.009486
2025-09-20 01:00,0.005119
2025-09-20 01:15,0.0
2025-09-20 01:30,0.009512
2025-09-20 01:45,0.0
2025-09-20 02:00,0.011442
2025-09-20 02:15,0.043897
2025-09-20 02:30,0.00411
2025-09-20 02:45,0.000567
2025-09-20 03:00,0.000498
2025-09-20 03:15,0.000231
2025-09-20 03:30,0.0
2025-09-20 03:45,0.004756
2025-09-20 04:00,0.001557
2025-09-20 04:15,0.019988
2025-09-20 04:30,0.000211
2025-09-20 04:45,0.004756
2025-09-20 05:00,0.0
2025-09-20 05:15,0.005409
2025-09-20 05:30,0.000211
2025-09-20 05:45,0.00467
2025-09-20 06:00,0.001758
2025-09-20 06:15,0.001207
2025-09-20 06:30,0.004756
2025-09-20 06:45,0.004974
2025-09-20 07:00,0.00027
2025-09-20 07:15,0.004209
2025-09-20 07:30,0.0
2025-09-20 07:45,0.000191
2025-09-20 08:00,0.000574
2025-09-20 08:15,0.0
2025-09-20 08:30,0.0
2025-09-20 08:45,0.000191
2025-09-20 09:00,0.000231
2025-09-20 09:15,0.0
2025-09-20 09:30,0.000244
2025-09-20 09:45,0.000231
2025-09-20 10:00,0.000574
2025-09-20 10:15,0.0
2025-09-20 10:30,0.002968
2025-09-20 10:45,0.0
2025-09-20 11:00,0.0
2025-09-20 11:15,0.000399
2025-09-20 11:30,0.0
2025-09-20 11:45,0.0
2025-09-20 12:00,0.000491
2025-09-20 12:15,0.004756
2025-09-20 12:30,0.000211
2025-09-20 12:45,0.004149
2025-09-20 13:00,0.000455
2025-09-20 13:15,0.0
2025-09-20 13:30,0.006507
2025-09-20 13:45,0.002962
2025-09-20 14:00,0.076662
2025-09-20 14:15,0.00568
2025-09-20 14:30,0.000224
2025-09-20 14:45,0.014585
2025-09-20 15:00,0.0
2025-09-20 15:15,0.000211
2025-09-20 15:30,0.159504
2025-09-20 15:45,0.036974
2025-09-20 16:00,0.382771
2025-09-20 16:15,0.241387
2025-09-20 16:30,0.43842
2025-09-20 16:45,0.546395
2025-09-20 17:00,0.256497
2025-09-20 17:15,0.005759
2025-09-20 17:30,0.0
2025-09-20 17:45,0.000231
2025-09-20 18:00,0.0
2025-09-20 18:15,0.000257
2025-09-20 18:30,0.005158
2025-09-20 18:45,0.0
2025-09-20 19:00,0.228062
2025-09-20 19:15,0.190337
2025-09-20 19:30,0.521642
2025-09-20 19:45,0.500566
2025-09-20 20:00,0.266309
2025-09-20 20:15,0.001214
2025-09-20 20:30,0.000435
2025-09-20 20:45,0.009697
2025-09-20 21:00,0.0
2025-09-20 21:15,0.00568
2025-09-20 21:30,0.0
2025-09-20 21:45,0.005759
2025-09-20 22:00,0.0
2025-09-20 22:15,0.0
2025-09-20 22:30,0.014268
2025-09-20 22:45,0.0
2025-09-20 23:00,0.004756
2025-09-20 23:15,0.0
2025-09-20 23:30,0.014684
2025-09-20 23:45,0.0
2025-09-21 00:00,0.0
2025-09-21 00:15,0.014268
2025-09-21 00:30,0.014526
2025-09-21 00:45,0.0
2025-09-21 01:00,0.000775
2025-09-21 01:15,0.01475
2025-09-21 01:30,0.000244
2025-09-21 01:45,0.0
2025-09-21 02:00,0.000594
2025-09-21 02:15,0.010258
2025-09-21 02:30,0.004987
2025-09-21 02:45,0.0
2025-09-21 03:00,0.000244
2025-09-21 03:15,0.0
2025-09-21 03:30,0.003476
2025-09-21 03:45,0.0
2025-09-21 04:00,0.001003
2025-09-21 04:15,0.000244
2025-09-21 04:30,0.0
2025-09-21 04:45,0.0
2025-09-21 05:00,0.009581
2025-09-21 05:15,0.004987
2025-09-21 05:30,0.003628
2025-09-21 05:45,0.0
2025-09-21 06:00,0.00469
2025-09-21 06:15,0.000244
2025-09-21 06:30,0.0
2025-09-21 06:45,0.0
2025-09-21 07:00,0.000422
2025-09-21 07:15,0.005218
2025-09-21 07:30,0.000211
2025-09-21 07:45,0.000666
2025-09-21 08:00,0.0
2025-09-21 08:15,0.000231
2025-09-21 08:30,0.0
2025-09-21 08:45,0.000244
2025-09-21 09:00,0.0
2025-09-21 09:15,0.0
2025-09-21 09:30,0.0
2025-09-21 09:45,0.0
2025-09-21 10:00,0.00031
2025-09-21 10:15,0.0
2025-09-21 10:30,0.0
2025-09-21 10:45,0.0
2025-09-21 11:00,0.00067
2025-09-21 11:15,0.0
2025-09-21 11:30,0.000495
2025-09-21 11:45,0.000231
2025-09-21 12:00,0.000231
2025-09-21 12:15,0.0
2025-09-21 12:30,0.002817
2025-09-21 12:45,0.0
2025-09-21 13:00,0.0
2025-09-21 13:15,0.004756
2025-09-21 13:30,0.0
2025-09-21 13:45,0.0
2025-09-21 14:00,0.0
2025-09-21 14:15,0.0
2025-09-21 14:30,0.000462
2025-09-21 14:45,0.009512
2025-09-21 15:00,0.0
2025-09-21 15:15,0.001577
2025-09-21 15:30,0.035127
2025-09-21 15:45,0.111904
2025-09-21 16:00,0.294246
2025-09-21 16:15,0.234395
2025-09-21 16:30,0.297672
2025-09-21 16:45,0.572059
2025-09-21 17:00,0.286712
2025-09-21 17:15,0.0
2025-09-21 17:30,0.004756
2025-09-21 17:45,0.00062
2025-09-21 18:00,0.0
2025-09-21 18:15,0.000211
2025-09-21 18:30,0.000211
2025-09-21 18:45,0.004756
2025-09-21 19:00,0.30953
2025-09-21 19:15,0.20919
2025-09-21 19:30,0.508145
2025-09-21 19:45,0.329854
2025-09-21 20:00,0.452332
2025-09-21 20:15,0.00062
2025-09-21 20:30,0.014268
2025-09-21 20:45,0.005983
2025-09-21 21:00,0.011346
2025-09-21 21:15,0.0
2025-09-21 21:30,0.04042
2025-09-21 21:45,0.000211
2025-09-21 22:00,0.0
2025-09-21 22:15,0.000864
2025-09-21 22:30,0.001207
2025-09-21 22:45,0.0
2025-09-21 23:00,0.0
2025-09-21 23:15,0.001029
2025-09-21 23:30,0.0
2025-09-21 23:45,0.000627
2025-09-22 00:00,0.000211
2025-09-22 00:15,0.005574
2025-09-22 00:30,0.000251
2025-09-22 00:45,0.0
2025-09-22 01:00,0.000759
2025-09-22 01:15,0.015172
2025-09-22 01:30,0.005007
2025-09-22 01:45,0.001194
2025-09-22 02:00,0.004756
2025-09-22 02:15,0.007428
2025-09-22 02:30,0.0
2025-09-22 02:45,0.000191
2025-09-22 03:00,0.000772
2025-09-22 03:15,0.001201
2025-09-22 03:30,0.004756
2025-09-22 03:45,0.0
2025-09-22 04:00,0.0
2025-09-22 04:15,0.000594
2025-09-22 04:30,0.0
2025-09-22 04:45,0.0
2025-09-22 05:00,0.0
2025-09-22 05:15,0.005937
2025-09-22 05:30,0.0
2025-09-22 05:45,0.014361
2025-09-22 06:00,0.001897
2025-09-22 06:15,0.0
2025-09-22 06:30,0.0
2025-09-22 06:45,0.019447
2025-09-22 07:00,0.004885
2025-09-22 07:15,0.005218
2025-09-22 07:30,0.005007
2025-09-22 07:45,0.000231
2025-09-22 08:00,0.010436
2025-09-22 08:15,0.0
2025-09-22 08:30,0.000211
2025-09-22 08:45,0.0
2025-09-22 09:00,0.0
2025-09-22 09:15,0.0
2025-09-22 09:30,0.000231
2025-09-22 09:45,0.0332
2025-09-22 10:00,0.005376
2025-09-22 10:15,0.000211
2025-09-22 10:30,0.0
2025-09-22 10:45,0.0
2025-09-22 11:00,0.0
2025-09-22 11:15,0.000244
2025-09-22 11:30,0.0
2025-09-22 11:45,0.0
2025-09-22 12:00,0.004743
2025-09-22 12:15,0.034925
2025-09-22 12:30,0.004835
2025-09-22 12:45,0.004552
2025-09-22 13:00,0.014064
2025-09-22 13:15,0.004901
2025-09-22 13:30,0.004974
2025-09-22 13:45,0.0
2025-09-22 14:00,0.029684
2025-09-22 14:15,0.009552
2025-09-22 14:30,0.013579
2025-09-22 14:45,0.000435
2025-09-22 15:00,0.0006
2025-09-22 15:15,0.000303
2025-09-22 15:30,0.156371
2025-09-22 15:45,0.194624
2025-09-22 16:00,0.295888
2025-09-22 16:15,0.261546
2025-09-22 16:30,0.258334
2025-09-22 16:45,0.456026
2025-09-22 17:00,0.265023
2025-09-22 17:15,0.001392
2025-09-22 17:30,0.005996
2025-09-22 17:45,0.0154
2025-09-22 18:00,0.004354
2025-09-22 18:15,0.008932
2025-09-22 18:30,0.019862
2025-09-22 18:45,0.004591
2025-09-22 19:00,0.177787
2025-09-22 19:15,0.458282
2025-09-22 19:30,0.445227
2025-09-22 19:45,1.0
2025-09-22 20:00,0.805847
2025-09-22 20:15,0.0
2025-09-22 20:30,0.016063
2025-09-22 20:45,0.015156
2025-09-22 21:00,0.01444
2025-09-22 21:15,0.004591
2025-09-22 21:30,0.058036
2025-09-22 21:45,0.004947
2025-09-22 22:00,0.004644
2025-09-22 22:15,0.016155
2025-09-22 22:30,0.009512
2025-09-22 22:45,0.009512
2025-09-22 23:00,0.023355
2025-09-22 23:15,0.019301
2025-09-22 23:30,0.013437
2025-09-22 23:45,0.004822
2025-09-23 00:00,0.000231
2025-09-23 00:15,0.000251
2025-09-23 00:30,0.01256
2025-09-23 00:45,0.004756
2025-09-23 01:00,0.000211
2025-09-23 01:15,0.0
2025-09-23 01:30,0.018972
2025-09-23 01:45,0.014539
2025-09-23 02:00,0.013193
2025-09-23 02:15,0.006577
2025-09-23 02:30,0.004756
2025-09-23 02:45,0.004743
2025-09-23 03:00,0.0
2025-09-23 03:15,0.0
2025-09-23 03:30,0.002365
2025-09-23 03:45,0.0
2025-09-23 04:00,0.016439
2025-09-23 04:15,0.007586
2025-09-23 04:30,0.004756
2025-09-23 04:45,0.004703
2025-09-23 05:00,0.0
2025-09-23 05:15,0.028471
2025-09-23 05:30,0.0
2025-09-23 05:45,0.00942
2025-09-23 06:00,0.0
2025-09-23 06:15,0.0
2025-09-23 06:30,0.0
2025-09-23 06:45,0.014229
2025-09-23 07:00,0.004756
2025-09-23 07:15,0.035008
2025-09-23 07:30,0.006705
2025-09-23 07:45,0.004967
2025-09-23 08:00,0.0
2025-09-23 08:15,0.000191
2025-09-23 08:30,0.000422
2025-09-23 08:45,0.0
2025-09-23 09:00,0.000488
2025-09-23 09:15,0.000551
2025-09-23 09:30,0.0
2025-09-23 09:45,0.0
2025-09-23 10:00,0.0
2025-09-23 10:15,0.00187
2025-09-23 10:30,0.001741
2025-09-23 10:45,0.000495
2025-09-23 11:00,0.018912
2025-09-23 11:15,0.0
2025-09-23 11:30,0.005027
2025-09-23 11:45,0.000231
2025-09-23 12:00,0.004994
2025-09-23 12:15,0.009957
2025-09-23 12:30,0.037534
2025-09-23 12:45,0.001201
2025-09-23 13:00,0.008269
2025-09-23 13:15,0.026716
2025-09-23 13:30,0.004604
2025-09-23 13:45,0.008892
2025-09-23 14:00,0.025384
2025-09-23 14:15,0.000455
2025-09-23 14:30,0.0
2025-09-23 14:45,0.016277
2025-09-23 15:00,0.003694
2025-09-23 15:15,0.026333
2025-09-23 15:30,0.186629
2025-09-23 15:45,0.059026
2025-09-23 16:00,0.47095
2025-09-23 16:15,0.188542
2025-09-23 16:30,0.467566
2025-09-23 16:45,0.550554
2025-09-23 17:00,0.241345
2025-09-23 17:15,0.031663
2025-09-23 17:30,0.000689
2025-09-23 17:45,0.0
2025-09-23 18:00,0.006204
2025-09-23 18:15,0.006966
2025-09-23 18:30,0.008925
2025-09-23 18:45,0.068848
2025-09-23 19:00,0.243894
2025-09-23 19:15,0.207603
2025-09-23 19:30,0.536114
2025-09-23 19:45,0.596308
2025-09-23 20:00,0.438631
2025-09-23 20:15,0.0
2025-09-23 20:30,0.001451
2025-09-23 20:45,0.016096
2025-09-23 21:00,0.022745
2025-09-23 21:15,0.0
2025-09-23 21:30,0.029005
2025-09-23 21:45,0.000422
2025-09-23 22:00,0.018213
2025-09-23 22:15,0.009977
2025-09-23 22:30,0.000191
2025-09-23 22:45,0.004591
2025-09-23 23:00,0.111238
2025-09-23 23:15,0.0
2025-09-23 23:30,0.00033
2025-09-23 23:45,0.004756
2025-09-24 00:00,0.000251
2025-09-24 00:00,0.000375
2025-09-24 00:15,0.000858
2025-09-24 00:30,0.0
2025-09-24 00:45,0.006203
2025-09-24 01:00,0.001499
2025-09-24 01:15,0.056728
2025-09-24 01:30,0.035455
2025-09-24 01:45,0.0
2025-09-24 02:00,0.016648
2025-09-24 02:15,0.030307
2025-09-24 02:30,0.0
2025-09-24 02:45,0.007111
2025-09-24 03:00,0.007456
2025-09-24 03:15,0.000759
2025-09-24 03:30,0.0
2025-09-24 03:45,0.0
2025-09-24 04:00,0.001637
2025-09-24 04:15,0.005538
2025-09-24 04:30,0.006203
2025-09-24 04:45,0.015434
2025-09-24 05:00,0.002983
2025-09-24 05:15,0.007821
2025-09-24 05:30,0.0
2025-09-24 05:45,0.015918
2025-09-24 06:00,0.0
2025-09-24 06:15,0.0
2025-09-24 06:30,0.007091
2025-09-24 06:45,0.007456
2025-09-24 07:00,0.0
2025-09-24 07:15,0.007485
2025-09-24 07:30,0.000464
2025-09-24 07:45,0.002071
2025-09-24 08:00,0.008748
2025-09-24 08:15,0.0
2025-09-24 08:30,0.000661
2025-09-24 08:45,0.0
2025-09-24 09:00,0.0
2025-09-24 09:15,0.0
2025-09-24 09:30,0.0
2025-09-24 09:45,0.0
2025-09-24 10:00,0.000316
2025-09-24 10:15,0.000631
2025-09-24 10:30,0.0
2025-09-24 10:45,0.0
2025-09-24 11:00,0.012693
2025-09-24 11:15,0.02795
2025-09-24 11:30,0.005626
2025-09-24 11:45,0.006203
2025-09-24 12:00,0.020089
2025-09-24 12:15,0.064139
2025-09-24 12:30,0.000631
2025-09-24 12:45,0.111133
2025-09-24 13:00,0.013294
2025-09-24 13:15,0.030351
2025-09-24 13:30,0.019601
2025-09-24 13:45,0.006913
2025-09-24 14:00,0.027476
2025-09-24 14:15,0.0
2025-09-24 14:30,0.007091
2025-09-24 14:45,0.000345
2025-09-24 15:00,0.020085
2025-09-24 15:15,0.01363
2025-09-24 15:30,0.190963
2025-09-24 15:45,0.269975
2025-09-24 16:00,0.616935
2025-09-24 16:15,0.291445
2025-09-24 16:30,0.435942
2025-09-24 16:45,0.498715
2025-09-24 17:00,0.404023
2025-09-24 17:15,0.004591
2025-09-24 17:30,0.019271
2025-09-24 17:45,0.00429
2025-09-24 18:00,0.013349
2025-09-24 18:15,0.033739
2025-09-24 18:30,0.015637
2025-09-24 18:45,0.081941
2025-09-24 19:00,0.405803
2025-09-24 19:15,0.408052
2025-09-24 19:30,0.91051
2025-09-24 19:45,0.947814
2025-09-24 20:00,0.825586
2025-09-24 20:15,0.022289
2025-09-24 20:30,0.00109
2025-09-24 20:45,0.037067
2025-09-24 21:00,0.0
2025-09-24 21:15,0.017584
2025-09-24 21:30,0.000365
2025-09-24 21:45,0.022091
2025-09-24 22:00,0.000365
2025-09-24 22:15,0.000316
2025-09-24 22:30,0.000316
2025-09-24 22:45,0.0
2025-09-24 23:00,0.0
2025-09-24 23:15,0.001504
2025-09-24 23:30,0.0
2025-09-24 23:45,0.020755
2025-09-25 00:00,0.00072
2025-09-25 00:15,0.0
2025-09-25 00:30,0.001479
2025-09-25 00:45,0.007111
2025-09-25 01:00,0.141356
2025-09-25 01:15,0.099274
2025-09-25 01:30,0.010405
2025-09-25 01:45,0.0
2025-09-25 02:00,0.00571
2025-09-25 02:15,0.01288
2025-09-25 02:30,0.011105
2025-09-25 02:45,0.006618
2025-09-25 03:00,0.000464
2025-09-25 03:15,0.000365
2025-09-25 03:30,0.016184
2025-09-25 03:45,0.000365
2025-09-25 04:00,0.0
2025-09-25 04:15,0.0
2025-09-25 04:30,0.001396
2025-09-25 04:45,0.000345
2025-09-25 05:00,0.006904
2025-09-25 05:15,0.113456
2025-09-25 05:30,0.000316
2025-09-25 05:45,0.003082
2025-09-25 06:00,0.000888
2025-09-25 06:15,0.000705
2025-09-25 06:30,0.000316
2025-09-25 06:45,0.0
2025-09-25 07:00,0.006913
2025-09-25 07:15,0.000927
2025-09-25 07:30,0.0
2025-09-25 07:45,0.0
2025-09-25 08:00,0.045199
2025-09-25 08:15,0.009808
2025-09-25 08:30,0.000316
2025-09-25 08:45,0.000316
2025-09-25 09:00,0.000631
2025-09-25 09:15,0.000316
2025-09-25 09:30,0.002579
2025-09-25 09:45,0.000631
2025-09-25 10:00,0.0
2025-09-25 10:15,0.000597
2025-09-25 10:30,0.001144
2025-09-25 10:45,0.000316
2025-09-25 11:00,0.0
2025-09-25 11:15,0.002337
2025-09-25 11:30,0.0
2025-09-25 11:45,0.00646
2025-09-25 12:00,0.034193
2025-09-25 12:15,0.058685
2025-09-25 12:30,0.064144
2025-09-25 12:45,0.014941
2025-09-25 13:00,0.000784
2025-09-25 13:15,0.014512
2025-09-25 13:30,0.003822
2025-09-25 13:45,0.0
2025-09-25 14:00,0.049795
2025-09-25 14:15,0.025568
2025-09-25 14:30,0.006933
2025-09-25 14:45,0.018654
2025-09-25 15:00,0.027368
2025-09-25 15:15,0.058054
2025-09-25 15:30,0.114304
2025-09-25 15:45,0.124975
2025-09-25 16:00,0.511403
2025-09-25 16:15,0.33618
2025-09-25 16:30,0.508982
2025-09-25 16:45,0.660437
2025-09-25 17:00,0.308857
2025-09-25 17:15,0.035465
2025-09-25 17:30,0.020523
2025-09-25 17:45,0.027964
2025-09-25 18:00,0.033482
2025-09-25 18:15,0.006623
2025-09-25 18:30,0.030405
2025-09-25 18:45,0.010849
2025-09-25 19:00,0.334449
2025-09-25 19:15,0.394136
2025-09-25 19:30,1.0
2025-09-25 19:45,0.49013
2025-09-25 20:00,0.819229
2025-09-25 20:15,0.050899
2025-09-25 20:30,0.020366
2025-09-25 20:45,0.015859
2025-09-25 21:00,0.05799
2025-09-25 21:15,0.006894
2025-09-25 21:30,0.0
2025-09-25 21:45,0.013995
2025-09-25 22:00,0.0
2025-09-25 22:15,0.0
2025-09-25 22:30,0.0
2025-09-25 22:45,0.0
2025-09-25 23:00,0.00181
2025-09-25 23:15,0.001657
2025-09-25 23:30,0.0
2025-09-25 23:45,0.011228
2025-09-26 00:00,0.0
2025-09-26 00:15,0.0
2025-09-26 00:30,0.006144
2025-09-26 00:45,0.007111
2025-09-26 01:00,0.000661
2025-09-26 01:15,0.035899
2025-09-26 01:30,0.0
2025-09-26 01:45,0.0
2025-09-26 02:00,0.000345
2025-09-26 02:15,0.016391
2025-09-26 02:30,0.008255
2025-09-26 02:45,0.00074
2025-09-26 03:00,0.002535
2025-09-26 03:15,0.011923
2025-09-26 03:30,0.006568
2025-09-26 03:45,0.000365
2025-09-26 04:00,0.00247
2025-09-26 04:15,0.001169
2025-09-26 04:30,0.0
2025-09-26 04:45,0.0
2025-09-26 05:00,0.0
2025-09-26 05:15,0.000365
2025-09-26 05:30,0.0
2025-09-26 05:45,0.006578
2025-09-26 06:00,0.007742
2025-09-26 06:15,0.0
2025-09-26 06:30,0.0
2025-09-26 06:45,0.007091
2025-09-26 07:00,0.000631
2025-09-26 07:15,0.0
2025-09-26 07:30,0.013807
2025-09-26 07:45,0.0
2025-09-26 08:00,0.00285
2025-09-26 08:15,0.0
2025-09-26 08:30,0.006943
2025-09-26 08:45,0.0
2025-09-26 09:00,0.0
2025-09-26 09:15,0.0
2025-09-26 09:30,0.000365
2025-09-26 09:45,0.0
2025-09-26 10:00,0.004729
2025-09-26 10:15,0.000266
2025-09-26 10:30,0.0
2025-09-26 10:45,0.005937
2025-09-26 11:00,0.007594
2025-09-26 11:15,0.010434
2025-09-26 11:30,0.025178
2025-09-26 11:45,0.000316
2025-09-26 12:00,0.007426
2025-09-26 12:15,0.012288
2025-09-26 12:30,0.033044
2025-09-26 12:45,0.015883
2025-09-26 13:00,0.021776
2025-09-26 13:15,0.0
2025-09-26 13:30,0.014813
2025-09-26 13:45,0.000316
2025-09-26 14:00,0.035337
2025-09-26 14:15,0.000316
2025-09-26 14:30,0.007456
2025-09-26 14:45,0.013694
2025-09-26 15:00,0.014039
2025-09-26 15:15,0.082838
2025-09-26 15:30,0.174439
2025-09-26 15:45,0.08699
2025-09-26 16:00,0.522908
2025-09-26 16:15,0.543599
2025-09-26 16:30,0.485081
2025-09-26 16:45,0.977263
2025-09-26 17:00,0.383746
2025-09-26 17:15,0.014221
2025-09-26 17:30,0.0
2025-09-26 17:45,0.04297
2025-09-26 18:00,0.014724
2025-09-26 18:15,0.000927
2025-09-26 18:30,0.007047
2025-09-26 18:45,0.000316
2025-09-26 19:00,0.244826
2025-09-26 19:15,0.378253
2025-09-26 19:30,0.55748
2025-09-26 19:45,0.785703
2025-09-26 20:00,0.746549
2025-09-26 20:15,0.026303
2025-09-26 20:30,0.008462
2025-09-26 20:45,0.013255
2025-09-26 21:00,0.060495
2025-09-26 21:15,0.012407
2025-09-26 21:30,0.000316
2025-09-26 21:45,0.006203
2025-09-26 22:00,0.0
2025-09-26 22:15,0.007683
2025-09-26 22:30,0.029587
2025-09-26 22:45,0.0
2025-09-26 23:00,0.007111
2025-09-26 23:15,0.006144
2025-09-26 23:30,0.006627
2025-09-26 23:45,0.0
2025-09-27 00:00,0.001913
2025-09-27 00:15,0.015079
2025-09-27 00:30,0.000316
2025-09-27 00:45,0.007456
2025-09-27 01:00,0.007091
2025-09-27 01:15,0.007505
2025-09-27 01:30,0.014507
2025-09-27 01:45,0.0
2025-09-27 02:00,0.01363
2025-09-27 02:15,0.000986
2025-09-27 02:30,0.028443
2025-09-27 02:45,0.0
2025-09-27 03:00,0.01718
2025-09-27 03:15,0.000459
2025-09-27 03:30,0.0
2025-09-27 03:45,0.000454
2025-09-27 04:00,0.006144
2025-09-27 04:15,0.002456
2025-09-27 04:30,0.001134
2025-09-27 04:45,0.001292
2025-09-27 05:00,0.0
2025-09-27 05:15,0.021273
2025-09-27 05:30,0.006144
2025-09-27 05:45,0.014123
2025-09-27 06:00,0.007111
2025-09-27 06:15,0.000316
2025-09-27 06:30,0.000823
2025-09-27 06:45,0.056728
2025-09-27 07:00,0.000316
2025-09-27 07:15,0.015893
2025-09-27 07:30,0.0
2025-09-27 07:45,0.006203
2025-09-27 08:00,0.006144
2025-09-27 08:15,0.006815
2025-09-27 08:30,0.012949
2025-09-27 08:45,0.0
2025-09-27 09:00,0.00145
2025-09-27 09:15,0.000967
2025-09-27 09:30,0.000464
2025-09-27 09:45,0.000286
2025-09-27 10:00,0.014123
2025-09-27 10:15,0.0
2025-09-27 10:30,0.000483
2025-09-27 10:45,0.001336
2025-09-27 11:00,0.0
2025-09-27 11:15,0.008679
2025-09-27 11:30,0.0
2025-09-27 11:45,0.004665
2025-09-27 12:00,0.0
2025-09-27 12:15,0.000286
2025-09-27 12:30,0.007111
2025-09-27 12:45,0.008684
2025-09-27 13:00,0.055544
2025-09-27 13:15,0.0
2025-09-27 13:30,0.0
2025-09-27 13:45,0.016835
2025-09-27 14:00,0.028541
2025-09-27 14:15,0.011578
2025-09-27 14:30,0.0
2025-09-27 14:45,0.007111
2025-09-27 15:00,0.028956
2025-09-27 15:15,0.0
2025-09-27 15:30,0.104165
2025-09-27 15:45,0.148289
2025-09-27 16:00,0.334321
2025-09-27 16:15,0.437732
2025-09-27 16:30,0.346245
2025-09-27 16:45,0.724808
2025-09-27 17:00,0.390521
2025-09-27 17:15,0.0
2025-09-27 17:30,0.002845
2025-09-27 17:45,0.018166
2025-09-27 18:00,0.013738
2025-09-27 18:15,0.006144
2025-09-27 18:30,0.0
2025-09-27 18:45,0.021697
2025-09-27 19:00,0.554072
2025-09-27 19:15,0.37021
2025-09-27 19:30,0.984284
2025-09-27 19:45,0.864379
2025-09-27 20:00,0.724976
2025-09-27 20:15,0.0
2025-09-27 20:30,0.020366
2025-09-27 20:45,0.022506
2025-09-27 21:00,0.028739
2025-09-27 21:15,0.000848
2025-09-27 21:30,0.002761
2025-09-27 21:45,0.015257
2025-09-27 22:00,0.007111
2025-09-27 22:15,0.017136
2025-09-27 22:30,0.000365
2025-09-27 22:45,0.008866
2025-09-27 23:00,0.0
2025-09-27 23:15,0.007111
2025-09-27 23:30,0.00177
2025-09-27 23:45,0.000345
2025-09-28 00:00,0.0
2025-09-28 00:15,0.000345
2025-09-28 00:30,0.007111
2025-09-28 00:45,0.0
2025-09-28 01:00,0.029158
2025-09-28 01:15,0.007555
2025-09-28 01:30,0.064341
2025-09-28 01:45,0.0
2025-09-28 02:00,0.007091
2025-09-28 02:15,0.0
2025-09-28 02:30,0.001603
2025-09-28 02:45,0.0
2025-09-28 03:00,0.002914
2025-09-28 03:15,0.003181
2025-09-28 03:30,0.000345
2025-09-28 03:45,0.0
2025-09-28 04:00,0.001134
2025-09-28 04:15,0.006144
2025-09-28 04:30,0.000266
2025-09-28 04:45,0.00646
2025-09-28 05:00,0.000631
2025-09-28 05:15,0.004142
2025-09-28 05:30,0.000286
2025-09-28 05:45,0.019488
2025-09-28 06:00,0.0
2025-09-28 06:15,0.0
2025-09-28 06:30,0.00641
2025-09-28 06:45,0.007456
2025-09-28 07:00,0.007771
2025-09-28 07:15,0.008294
2025-09-28 07:30,0.02288
2025-09-28 07:45,0.006144
2025-09-28 08:00,0.007485
2025-09-28 08:15,0.00072
2025-09-28 08:30,0.0
2025-09-28 08:45,0.000468
2025-09-28 09:00,0.000286
2025-09-28 09:15,0.000459
2025-09-28 09:30,0.002673
2025-09-28 09:45,0.001543
2025-09-28 10:00,0.0
2025-09-28 10:15,0.001815
2025-09-28 10:30,0.0
2025-09-28 10:45,0.006203
2025-09-28 11:00,0.0
2025-09-28 11:15,0.007979
2025-09-28 11:30,0.001795
2025-09-28 11:45,0.00071
2025-09-28 12:00,0.009571
2025-09-28 12:15,0.000385
2025-09-28 12:30,0.001479
2025-09-28 12:45,0.006203
2025-09-28 13:00,0.0
2025-09-28 13:15,0.0
2025-09-28 13:30,0.0
2025-09-28 13:45,0.014221
2025-09-28 14:00,0.058133
2025-09-28 14:15,0.014221
2025-09-28 14:30,0.0
2025-09-28 14:45,0.007091
2025-09-28 15:00,0.00641
2025-09-28 15:15,0.006144
2025-09-28 15:30,0.156623
2025-09-28 15:45,0.210219
2025-09-28 16:00,0.511438
2025-09-28 16:15,0.404822
2025-09-28 16:30,0.37454
2025-09-28 16:45,0.514535
2025-09-28 17:00,0.396759
2025-09-28 17:15,0.027476
2025-09-28 17:30,0.003353
2025-09-28 17:45,0.000355
2025-09-28 18:00,0.028443
2025-09-28 18:15,0.028443
2025-09-28 18:30,0.007954
2025-09-28 18:45,0.000375
2025-09-28 19:00,0.241281
2025-09-28 19:15,0.546429
2025-09-28 19:30,0.970374
2025-09-28 19:45,0.831893
2025-09-28 20:00,0.669274
2025-09-28 20:15,0.014221
2025-09-28 20:30,0.007111
2025-09-28 20:45,0.035859
2025-09-28 21:00,0.040652
2025-09-28 21:15,0.0
2025-09-28 21:30,0.035346
2025-09-28 21:45,0.014004
2025-09-28 22:00,0.0
2025-09-28 22:15,0.000459
2025-09-28 22:30,0.013107
2025-09-28 22:45,0.000286
2025-09-28 23:00,0.0
2025-09-28 23:15,0.006144
2025-09-28 23:30,0.00178
2025-09-28 23:45,0.013896
2025-09-29 00:00,0.006534
2025-09-29 00:15,0.000286
2025-09-29 00:30,0.0
2025-09-29 00:45,0.008038
2025-09-29 01:00,0.0
2025-09-29 01:15,0.001381
2025-09-29 01:30,0.034528
2025-09-29 01:45,0.000365
2025-09-29 02:00,0.0
2025-09-29 02:15,0.0229
2025-09-29 02:30,0.0
2025-09-29 02:45,0.0
2025-09-29 03:00,0.00177
2025-09-29 03:15,0.0
2025-09-29 03:30,0.00075
2025-09-29 03:45,0.0
2025-09-29 04:00,0.0
2025-09-29 04:15,0.000316
2025-09-29 04:30,0.0
2025-09-29 04:45,0.0
2025-09-29 05:00,0.001159
2025-09-29 05:15,0.014182
2025-09-29 05:30,0.007481
2025-09-29 05:45,0.020444
2025-09-29 06:00,0.0
2025-09-29 06:15,0.0
2025-09-29 06:30,0.0
2025-09-29 06:45,0.021618
2025-09-29 07:00,0.0
2025-09-29 07:15,0.008289
2025-09-29 07:30,0.000464
2025-09-29 07:45,0.0
2025-09-29 08:00,0.0
2025-09-29 08:15,0.00177
2025-09-29 08:30,0.0
2025-09-29 08:45,0.0
2025-09-29 09:00,0.006144
2025-09-29 09:15,0.000602
2025-09-29 09:30,0.0
2025-09-29 09:45,0.000967
2025-09-29 10:00,0.000459
2025-09-29 10:15,0.000365
2025-09-29 10:30,0.0
2025-09-29 10:45,0.0
2025-09-29 11:00,0.006144
2025-09-29 11:15,0.014221
2025-09-29 11:30,0.000804
2025-09-29 11:45,0.002914
2025-09-29 12:00,0.000493
2025-09-29 12:15,0.000286
2025-09-29 12:30,0.00069
2025-09-29 12:45,0.0
2025-09-29 13:00,0.004808
2025-09-29 13:15,0.018891
2025-09-29 13:30,0.029616
2025-09-29 13:45,0.030899
2025-09-29 14:00,0.051861
2025-09-29 14:15,0.020109
2025-09-29 14:30,0.003274
2025-09-29 14:45,0.006923
2025-09-29 15:00,0.013556
2025-09-29 15:15,0.0
2025-09-29 15:30,0.255384
2025-09-29 15:45,0.129575
2025-09-29 16:00,0.402854
2025-09-29 16:15,0.359016
2025-09-29 16:30,0.345544
2025-09-29 16:45,0.632088
2025-09-29 17:00,0.630199
2025-09-29 17:15,0.01468
2025-09-29 17:30,0.00361
2025-09-29 17:45,0.001953
2025-09-29 18:00,0.010725
2025-09-29 18:15,0.000986
2025-09-29 18:30,0.013906
2025-09-29 18:45,0.006509
2025-09-29 19:00,0.295908
2025-09-29 19:15,0.407095
2025-09-29 19:30,0.592555
2025-09-29 19:45,0.985976
2025-09-29 20:00,0.756722
2025-09-29 20:15,0.006519
2025-09-29 20:30,0.006603
2025-09-29 20:45,0.00641
2025-09-29 21:00,0.000907
2025-09-29 21:15,0.006203
2025-09-29 21:30,0.000454
2025-09-29 21:45,0.020178
2025-09-29 22:00,0.01363
2025-09-29 22:15,0.0
2025-09-29 22:30,0.022022
2025-09-29 22:45,0.000602
2025-09-29 23:00,0.007111
2025-09-29 23:15,0.006549
2025-09-29 23:30,0.0
2025-09-29 23:45,0.007564
2025-09-30 00:00,0.003723
2025-09-30 00:15,0.016288
2025-09-30 00:30,0.0
2025-09-30 00:45,0.0
2025-09-30 01:00,0.0
2025-09-30 01:15,0.014547
2025-09-30 01:30,0.113456
2025-09-30 01:45,0.000385
2025-09-30 02:00,0.0
2025-09-30 02:15,0.014596
2025-09-30 02:30,0.016307
2025-09-30 02:45,0.000316
2025-09-30 03:00,0.01146
2025-09-30 03:15,0.001524
2025-09-30 03:30,0.000345
2025-09-30 03:45,0.000804
2025-09-30 04:00,0.001292
2025-09-30 04:15,0.0
2025-09-30 04:30,0.0
2025-09-30 04:45,0.000759
2025-09-30 05:00,0.000365
2025-09-30 05:15,0.071225
2025-09-30 05:30,0.001183
2025-09-30 05:45,0.0
2025-09-30 06:00,0.0
2025-09-30 06:15,0.00788
2025-09-30 06:30,0.0
2025-09-30 06:45,0.0
2025-09-30 07:00,0.0
2025-09-30 07:15,0.00357
2025-09-30 07:30,0.003255
2025-09-30 07:45,0.0
2025-09-30 08:00,0.003195
2025-09-30 08:15,0.0
2025-09-30 08:30,0.001484
2025-09-30 08:45,0.000365
2025-09-30 09:00,0.0
2025-09-30 09:15,0.0
2025-09-30 09:30,0.000459
2025-09-30 09:45,0.0
2025-09-30 10:00,0.067113
2025-09-30 10:15,0.022259
2025-09-30 10:30,0.0
2025-09-30 10:45,0.000316
2025-09-30 11:00,0.000316
2025-09-30 11:15,0.007111
2025-09-30 11:30,0.000937
2025-09-30 11:45,0.006973
2025-09-30 12:00,0.006144
2025-09-30 12:15,0.014221
2025-09-30 12:30,0.020809
2025-09-30 12:45,0.025548
2025-09-30 13:00,0.007121
2025-09-30 13:15,0.00643
2025-09-30 13:30,0.020957
2025-09-30 13:45,0.000316
2025-09-30 14:00,0.178754
2025-09-30 14:15,0.009103
2025-09-30 14:30,0.010439
2025-09-30 14:45,0.01363
2025-09-30 15:00,0.021658
2025-09-30 15:15,0.030711
2025-09-30 15:30,0.189331
2025-09-30 15:45,0.162372
2025-09-30 16:00,0.494258
2025-09-30 16:15,0.723713
2025-09-30 16:30,0.421218
2025-09-30 16:45,0.632389
2025-09-30 17:00,0.387883
2025-09-30 17:15,0.009216
2025-09-30 17:30,0.026944
2025-09-30 17:45,0.017811
2025-09-30 18:00,0.054716
2025-09-30 18:15,0.034469
2025-09-30 18:30,0.012979
2025-09-30 18:45,0.104875
2025-09-30 19:00,0.237198
2025-09-30 19:15,0.334035
2025-09-30 19:30,0.726633
2025-09-30 19:45,0.864714
2025-09-30 20:00,0.644371
2025-09-30 20:15,0.00431
2025-09-30 20:30,0.011805
2025-09-30 20:45,0.004635
2025-09-30 21:00,0.014221
2025-09-30 21:15,0.012569
2025-09-30 21:30,0.005345
2025-09-30 21:45,0.196397
2025-09-30 22:00,0.014537
2025-09-30 22:15,0.006203
2025-09-30 22:30,0.000316
2025-09-30 22:45,0.0
2025-09-30 23:00,0.127638
2025-09-30 23:15,0.0
2025-09-30 23:30,0.0
2025-09-30 23:45,0.000769
2025-10-01 00:00,0.003309
2025-10-01 00:00,0.002154
2025-10-01 00:15,0.0
2025-10-01 00:30,0.0
2025-10-01 00:45,0.000186
2025-10-01 01:00,0.00315
2025-10-01 01:15,0.018771
2025-10-01 01:30,0.156156
2025-10-01 01:45,0.111632
2025-10-01 02:00,0.004874
2025-10-01 02:15,0.097719
2025-10-01 02:30,0.038675
2025-10-01 02:45,0.0
2025-10-01 03:00,0.038408
2025-10-01 03:15,0.000225
2025-10-01 03:30,0.0
2025-10-01 03:45,0.0
2025-10-01 04:00,0.000604
2025-10-01 04:15,0.000292
2025-10-01 04:30,0.0
2025-10-01 04:45,0.0
2025-10-01 05:00,0.000584
2025-10-01 05:15,0.014076
2025-10-01 05:30,0.0
2025-10-01 05:45,0.004547
2025-10-01 06:00,0.028596
2025-10-01 06:15,0.0
2025-10-01 06:30,0.0
2025-10-01 06:45,0.008894
2025-10-01 07:00,0.004675
2025-10-01 07:15,0.0
2025-10-01 07:30,0.000681
2025-10-01 07:45,0.000238
2025-10-01 08:00,0.005189
2025-10-01 08:15,0.000655
2025-10-01 08:30,0.004868
2025-10-01 08:45,0.008078
2025-10-01 09:00,0.006056
2025-10-01 09:15,0.011312
2025-10-01 09:30,0.0
2025-10-01 09:45,0.000533
2025-10-01 10:00,0.0
2025-10-01 10:15,0.025359
2025-10-01 10:30,0.005385
2025-10-01 10:45,0.000186
2025-10-01 11:00,0.0
2025-10-01 11:15,0.004588
2025-10-01 11:30,0.000305
2025-10-01 11:45,0.000205
2025-10-01 12:00,0.001349
2025-10-01 12:15,0.022344
2025-10-01 12:30,0.001323
2025-10-01 12:45,0.009976
2025-10-01 13:00,0.0
2025-10-01 13:15,0.04893
2025-10-01 13:30,0.00287
2025-10-01 13:45,0.000649
2025-10-01 14:00,0.087117
2025-10-01 14:15,0.079472
2025-10-01 14:30,0.14393
2025-10-01 14:45,0.089165
2025-10-01 15:00,0.103293
2025-10-01 15:15,0.066818
2025-10-01 15:30,0.125743
2025-10-01 15:45,0.120163
2025-10-01 16:00,0.27002
2025-10-01 16:15,0.26721
2025-10-01 16:30,0.325201
2025-10-01 16:45,0.39803
2025-10-01 17:00,0.200662
2025-10-01 17:15,0.055146
2025-10-01 17:30,0.032988
2025-10-01 17:45,0.019862
2025-10-01 18:00,0.059221
2025-10-01 18:15,0.037182
2025-10-01 18:30,0.035859
2025-10-01 18:45,0.051168
2025-10-01 19:00,0.185979
2025-10-01 19:15,0.304395
2025-10-01 19:30,0.488467
2025-10-01 19:45,0.745823
2025-10-01 20:00,0.449673
2025-10-01 20:15,0.03182
2025-10-01 20:30,0.043475
2025-10-01 20:45,0.050815
2025-10-01 21:00,0.00997
2025-10-01 21:15,0.032404
2025-10-01 21:30,0.028243
2025-10-01 21:45,0.036559
2025-10-01 22:00,0.046647
2025-10-01 22:15,0.046538
2025-10-01 22:30,0.01852
2025-10-01 22:45,0.014202
2025-10-01 23:00,0.00926
2025-10-01 23:15,0.052407
2025-10-01 23:30,0.028304
2025-10-01 23:45,0.013524
2025-10-02 00:00,0.009446
2025-10-02 00:15,0.01852
2025-10-02 00:30,0.037695
2025-10-02 00:45,0.01852
2025-10-02 01:00,0.09945
2025-10-02 01:15,0.01931
2025-10-02 01:30,0.02805
2025-10-02 01:45,0.034899
2025-10-02 02:00,0.042184
2025-10-02 02:15,0.042158
2025-10-02 02:30,0.051155
2025-10-02 02:45,0.032642
2025-10-02 03:00,0.045735
2025-10-02 03:15,0.024977
2025-10-02 03:30,0.014186
2025-10-02 03:45,0.019419
2025-10-02 04:00,0.004855
2025-10-02 04:15,0.030163
2025-10-02 04:30,0.004816
2025-10-02 04:45,0.022881
2025-10-02 05:00,0.02778
2025-10-02 05:15,0.014186
2025-10-02 05:30,0.009337
2025-10-02 05:45,0.053628
2025-10-02 06:00,0.01389
2025-10-02 06:15,0.013877
2025-10-02 06:30,0.001927
2025-10-02 06:45,0.00962
2025-10-02 07:00,0.030086
2025-10-02 07:15,0.025237
2025-10-02 07:30,0.009986
2025-10-02 07:45,0.0
2025-10-02 08:00,0.00969
2025-10-02 08:15,0.019214
2025-10-02 08:30,0.024576
2025-10-02 08:45,0.034523
2025-10-02 09:00,0.024332
2025-10-02 09:15,0.009973
2025-10-02 09:30,0.004874
2025-10-02 09:45,0.002636
2025-10-02 10:00,0.000244
2025-10-02 10:15,0.02918
2025-10-02 10:30,0.001063
2025-10-02 10:45,0.004746
2025-10-02 11:00,0.010805
2025-10-02 11:15,0.0
2025-10-02 11:30,0.0
2025-10-02 11:45,0.015293
2025-10-02 12:00,0.0
2025-10-02 12:15,0.004277
2025-10-02 12:30,0.004521
2025-10-02 12:45,0.0
2025-10-02 13:00,0.017168
2025-10-02 13:15,0.013816
2025-10-02 13:30,0.080785
2025-10-02 13:45,0.01338
2025-10-02 14:00,0.153694
2025-10-02 14:15,0.000822
2025-10-02 14:30,0.008695
2025-10-02 14:45,0.013486
2025-10-02 15:00,0.003965
2025-10-02 15:15,0.006634
2025-10-02 15:30,0.13108
2025-10-02 15:45,0.149471
2025-10-02 16:00,0.336889
2025-10-02 16:15,0.198514
2025-10-02 16:30,0.51399
2025-10-02 16:45,0.533052
2025-10-02 17:00,0.27201
2025-10-02 17:15,0.024865
2025-10-02 17:30,0.009755
2025-10-02 17:45,0.014214
2025-10-02 18:00,0.004855
2025-10-02 18:15,0.013787
2025-10-02 18:30,0.005609
2025-10-02 18:45,0.005003
2025-10-02 19:00,0.193601
2025-10-02 19:15,0.270251
2025-10-02 19:30,0.454794
2025-10-02 19:45,0.663034
2025-10-02 20:00,0.610553
2025-10-02 20:15,0.00926
2025-10-02 20:30,0.025491
2025-10-02 20:45,0.0
2025-10-02 21:00,0.012025
2025-10-02 21:15,0.00463
2025-10-02 21:30,0.004662
2025-10-02 21:45,0.039198
2025-10-02 22:00,0.019702
2025-10-02 22:15,0.009739
2025-10-02 22:30,0.000382
2025-10-02 22:45,0.00045
2025-10-02 23:00,0.0
2025-10-02 23:15,0.0
2025-10-02 23:30,0.00463
2025-10-02 23:45,0.021885
2025-10-03 00:00,0.017602
2025-10-03 00:15,0.00611
2025-10-03 00:30,0.004836
2025-10-03 00:45,0.0
2025-10-03 01:00,0.0
2025-10-03 01:15,0.000238
2025-10-03 01:30,0.043623
2025-10-03 01:45,0.038993
2025-10-03 02:00,0.004887
2025-10-03 02:15,0.083585
2025-10-03 02:30,0.005189
2025-10-03 02:45,0.005882
2025-10-03 03:00,0.005824
2025-10-03 03:15,0.01389
2025-10-03 03:30,0.000604
2025-10-03 03:45,0.00463
2025-10-03 04:00,0.009504
2025-10-03 04:15,0.001878
2025-10-03 04:30,0.003153
2025-10-03 04:45,0.000687
2025-10-03 05:00,0.0
2025-10-03 05:15,0.001798
2025-10-03 05:30,0.000899
2025-10-03 05:45,0.008721
2025-10-03 06:00,0.000372
2025-10-03 06:15,0.0
2025-10-03 06:30,0.000186
2025-10-03 06:45,0.036938
2025-10-03 07:00,0.019702
2025-10-03 07:15,0.029042
2025-10-03 07:30,0.019702
2025-10-03 07:45,0.00463
2025-10-03 08:00,0.212648
2025-10-03 08:15,0.0
2025-10-03 08:30,0.0
2025-10-03 08:45,0.0
2025-10-03 09:00,0.0
2025-10-03 09:15,0.003969
2025-10-03 09:30,0.0
2025-10-03 09:45,0.0
2025-10-03 10:00,0.0
2025-10-03 10:15,0.028275
2025-10-03 10:30,0.0
2025-10-03 10:45,0.0
2025-10-03 11:00,0.00463
2025-10-03 11:15,0.017416
2025-10-03 11:30,0.004746
2025-10-03 11:45,0.02369
2025-10-03 12:00,0.000931
2025-10-03 12:15,0.000549
2025-10-03 12:30,0.000225
2025-10-03 12:45,0.013184
2025-10-03 13:00,0.028284
2025-10-03 13:15,0.011161
2025-10-03 13:30,0.039831
2025-10-03 13:45,0.013823
2025-10-03 14:00,0.017656
2025-10-03 14:15,0.023947
2025-10-03 14:30,0.008734
2025-10-03 14:45,0.016748
2025-10-03 15:00,0.000494
2025-10-03 15:15,0.005516
2025-10-03 15:30,0.103203
2025-10-03 15:45,0.222184
2025-10-03 16:00,0.135238
2025-10-03 16:15,0.296034
2025-10-03 16:30,0.389842
2025-10-03 16:45,0.368785
2025-10-03 17:00,0.211017
2025-10-03 17:15,0.00463
2025-10-03 17:30,0.000841
2025-10-03 17:45,0.00516
2025-10-03 18:00,0.009215
2025-10-03 18:15,0.01276
2025-10-03 18:30,0.004039
2025-10-03 18:45,0.009562
2025-10-03 19:00,0.224313
2025-10-03 19:15,0.263129
2025-10-03 19:30,0.545437
2025-10-03 19:45,0.58232
2025-10-03 20:00,0.444985
2025-10-03 20:15,0.0
2025-10-03 20:30,0.016607
2025-10-03 20:45,0.013299
2025-10-03 21:00,0.018299
2025-10-03 21:15,0.004431
2025-10-03 21:30,0.072003
2025-10-03 21:45,0.00436
2025-10-03 22:00,0.0
2025-10-03 22:15,0.00463
2025-10-03 22:30,0.000205
2025-10-03 22:45,0.001676
2025-10-03 23:00,0.0
2025-10-03 23:15,0.0
2025-10-03 23:30,0.000205
2025-10-03 23:45,0.00463
2025-10-04 00:00,0.0
2025-10-04 00:15,0.000899
2025-10-04 00:30,0.0
2025-10-04 00:45,0.01389
2025-10-04 01:00,0.0
2025-10-04 01:15,0.014089
2025-10-04 01:30,0.000205
2025-10-04 01:45,0.004694
2025-10-04 02:00,0.0
2025-10-04 02:15,0.019715
2025-10-04 02:30,0.0
2025-10-04 02:45,0.012798
2025-10-04 03:00,0.0
2025-10-04 03:15,0.00034
2025-10-04 03:30,0.002232
2025-10-04 03:45,0.0
2025-10-04 04:00,0.0
2025-10-04 04:15,0.005317
2025-10-04 04:30,0.0
2025-10-04 04:45,0.000238
2025-10-04 05:00,0.0
2025-10-04 05:15,0.014089
2025-10-04 05:30,0.000299
2025-10-04 05:45,0.005346
2025-10-04 06:00,0.0
2025-10-04 06:15,0.0
2025-10-04 06:30,0.0
2025-10-04 06:45,0.009234
2025-10-04 07:00,0.00043
2025-10-04 07:15,0.010133
2025-10-04 07:30,0.073875
2025-10-04 07:45,0.0
2025-10-04 08:00,0.019445
2025-10-04 08:15,0.010654
2025-10-04 08:30,0.019458
2025-10-04 08:45,0.00508
2025-10-04 09:00,0.029244
2025-10-04 09:15,0.010365
2025-10-04 09:30,0.024576
2025-10-04 09:45,0.00926
2025-10-04 10:00,0.00463
2025-10-04 10:15,0.004617
2025-10-04 10:30,0.0
2025-10-04 10:45,0.000283
2025-10-04 11:00,0.0
2025-10-04 11:15,0.000225
2025-10-04 11:30,0.000899
2025-10-04 11:45,0.0
2025-10-04 12:00,0.0
2025-10-04 12:15,0.015849
2025-10-04 12:30,0.000443
2025-10-04 12:45,0.038993
2025-10-04 13:00,0.0
2025-10-04 13:15,0.0
2025-10-04 13:30,0.0
2025-10-04 13:45,0.001002
2025-10-04 14:00,0.073875
2025-10-04 14:15,0.0
2025-10-04 14:30,0.0
2025-10-04 14:45,0.0
2025-10-04 15:00,0.000225
2025-10-04 15:15,0.00926
2025-10-04 15:30,0.12182
2025-10-04 15:45,0.125146
2025-10-04 16:00,0.245861
2025-10-04 16:15,0.254826
2025-10-04 16:30,0.307227
2025-10-04 16:45,0.496221
2025-10-04 17:00,0.163272
2025-10-04 17:15,0.0
2025-10-04 17:30,0.0
2025-10-04 17:45,0.00463
2025-10-04 18:00,0.003596
2025-10-04 18:15,0.000263
2025-10-04 18:30,0.011103
2025-10-04 18:45,0.0
2025-10-04 19:00,0.186904
2025-10-04 19:15,0.238958
2025-10-04 19:30,0.645811
2025-10-04 19:45,0.643268
2025-10-04 20:00,0.438631
2025-10-04 20:15,0.00926
2025-10-04 20:30,0.0
2025-10-04 20:45,0.00463
2025-10-04 21:00,0.004617
2025-10-04 21:15,0.0
2025-10-04 21:30,0.0
2025-10-04 21:45,0.0
2025-10-04 22:00,0.0
2025-10-04 22:15,0.0
2025-10-04 22:30,0.001323
2025-10-04 22:45,0.0
2025-10-04 23:00,0.0
2025-10-04 23:15,0.0
2025-10-04 23:30,0.004816
2025-10-04 23:45,0.023214
2025-10-05 00:00,0.0
2025-10-05 00:15,0.0
2025-10-05 00:30,0.000238
2025-10-05 00:45,0.0
2025-10-05 01:00,0.004617
2025-10-05 01:15,0.041979
2025-10-05 01:30,0.000899
2025-10-05 01:45,0.0
2025-10-05 02:00,0.003596
2025-10-05 02:15,0.005112
2025-10-05 02:30,0.0
2025-10-05 02:45,0.0
2025-10-05 03:00,0.004816
2025-10-05 03:15,0.0
2025-10-05 03:30,0.0
2025-10-05 03:45,0.0
2025-10-05 04:00,0.0
2025-10-05 04:15,0.000639
2025-10-05 04:30,0.004617
2025-10-05 04:45,0.0
2025-10-05 05:00,0.00463
2025-10-05 05:15,0.0
2025-10-05 05:30,0.000703
2025-10-05 05:45,0.013319
2025-10-05 06:00,0.0
2025-10-05 06:15,0.0
2025-10-05 06:30,0.0
2025-10-05 06:45,0.004617
2025-10-05 07:00,0.007828
2025-10-05 07:15,0.009748
2025-10-05 07:30,0.0
2025-10-05 07:45,0.0
2025-10-05 08:00,0.0
2025-10-05 08:15,0.0
2025-10-05 08:30,0.0
2025-10-05 08:45,0.0
2025-10-05 09:00,0.0
2025-10-05 09:15,0.0
2025-10-05 09:30,0.0
2025-10-05 09:45,0.0
2025-10-05 10:00,0.0
2025-10-05 10:15,0.0
2025-10-05 10:30,0.00463
2025-10-05 10:45,0.00926
2025-10-05 11:00,0.0
2025-10-05 11:15,0.0
2025-10-05 11:30,0.001837
2025-10-05 11:45,0.0
2025-10-05 12:00,0.000205
2025-10-05 12:15,0.000205
2025-10-05 12:30,0.0
2025-10-05 12:45,0.000308
2025-10-05 13:00,0.00463
2025-10-05 13:15,0.000263
2025-10-05 13:30,0.0
2025-10-05 13:45,0.00463
2025-10-05 14:00,0.00463
2025-10-05 14:15,0.0
2025-10-05 14:30,0.0
2025-10-05 14:45,0.008669
2025-10-05 15:00,0.004161
2025-10-05 15:15,0.0
2025-10-05 15:30,0.0935
2025-10-05 15:45,0.101861
2025-10-05 16:00,0.362075
2025-10-05 16:15,0.232546
2025-10-05 16:30,0.2922
2025-10-05 16:45,0.439039
2025-10-05 17:00,0.205973
2025-10-05 17:15,0.00463
2025-10-05 17:30,0.0
2025-10-05 17:45,0.0
2025-10-05 18:00,0.00463
2025-10-05 18:15,0.00463
2025-10-05 18:30,0.0
2025-10-05 18:45,0.001371
2025-10-05 19:00,0.183962
2025-10-05 19:15,0.218408
2025-10-05 19:30,0.540454
2025-10-05 19:45,0.436233
2025-10-05 20:00,0.322276
2025-10-05 20:15,0.00463
2025-10-05 20:30,0.0
2025-10-05 20:45,0.013864
2025-10-05 21:00,0.009472
2025-10-05 21:15,0.000372
2025-10-05 21:30,0.002797
2025-10-05 21:45,0.004739
2025-10-05 22:00,0.004874
2025-10-05 22:15,0.0
2025-10-05 22:30,0.0
2025-10-05 22:45,0.017929
2025-10-05 23:00,0.00463
2025-10-05 23:15,0.0
2025-10-05 23:30,0.01389
2025-10-05 23:45,0.000205
2025-10-06 00:00,0.0
2025-10-06 00:15,0.0
2025-10-06 00:30,0.0
2025-10-06 00:45,0.0
2025-10-06 01:00,0.0
2025-10-06 01:15,0.009472
2025-10-06 01:30,0.004823
2025-10-06 01:45,0.00926
2025-10-06 02:00,0.000604
2025-10-06 02:15,0.009986
2025-10-06 02:30,0.009247
2025-10-06 02:45,0.0
2025-10-06 03:00,0.00506
2025-10-06 03:15,0.0
2025-10-06 03:30,0.000902
2025-10-06 03:45,0.0
2025-10-06 04:00,0.004775
2025-10-06 04:15,0.005125
2025-10-06 04:30,0.004039
2025-10-06 04:45,0.000738
2025-10-06 05:00,0.000475
2025-10-06 05:15,0.00045
2025-10-06 05:30,0.0
2025-10-06 05:45,0.00436
2025-10-06 06:00,0.0
2025-10-06 06:15,0.009954
2025-10-06 06:30,0.041882
2025-10-06 06:45,0.00508
2025-10-06 07:00,0.0
2025-10-06 07:15,0.0
2025-10-06 07:30,0.0
2025-10-06 07:45,0.0
2025-10-06 08:00,0.000372
2025-10-06 08:15,0.0
2025-10-06 08:30,0.0
2025-10-06 08:45,0.0
2025-10-06 09:00,0.002646
2025-10-06 09:15,0.0
2025-10-06 09:30,0.00132
2025-10-06 09:45,0.0
2025-10-06 10:00,0.000771
2025-10-06 10:15,0.0
2025-10-06 10:30,0.0
2025-10-06 10:45,0.036167
2025-10-06 11:00,0.0
2025-10-06 11:15,0.0
2025-10-06 11:30,0.0
2025-10-06 11:45,0.0
2025-10-06 12:00,0.000302
2025-10-06 12:15,0.003304
2025-10-06 12:30,0.012041
2025-10-06 12:45,0.068898
2025-10-06 13:00,0.010268
2025-10-06 13:15,0.019744
2025-10-06 13:30,0.004225
2025-10-06 13:45,0.005343
2025-10-06 14:00,0.074081
2025-10-06 14:15,0.048426
2025-10-06 14:30,0.031017
2025-10-06 14:45,0.008245
2025-10-06 15:00,0.044624
2025-10-06 15:15,0.003561
2025-10-06 15:30,0.119598
2025-10-06 15:45,0.111635
2025-10-06 16:00,0.335556
2025-10-06 16:15,0.327337
2025-10-06 16:30,0.357599
2025-10-06 16:45,0.351543
2025-10-06 17:00,0.26713
2025-10-06 17:15,0.004836
2025-10-06 17:30,0.008024
2025-10-06 17:45,0.007337
2025-10-06 18:00,0.025109
2025-10-06 18:15,0.009661
2025-10-06 18:30,0.013935
2025-10-06 18:45,0.000299
2025-10-06 19:00,0.205077
2025-10-06 19:15,0.268607
2025-10-06 19:30,0.611108
2025-10-06 19:45,0.49082
2025-10-06 20:00,0.491562
2025-10-06 20:15,0.005664
2025-10-06 20:30,0.017457
2025-10-06 20:45,0.004694
2025-10-06 21:00,0.017891
2025-10-06 21:15,0.00062
2025-10-06 21:30,0.041728
2025-10-06 21:45,0.00463
2025-10-06 22:00,0.009138
2025-10-06 22:15,0.000205
2025-10-06 22:30,0.0131
2025-10-06 22:45,0.094964
2025-10-06 23:00,0.0
2025-10-06 23:15,0.000828
2025-10-06 23:30,0.004039
2025-10-06 23:45,0.00463
2025-10-07 00:00,0.000205
2025-10-07 00:15,0.001002
2025-10-07 00:30,0.005224
2025-10-07 00:45,0.008451
2025-10-07 01:00,0.000238
2025-10-07 01:15,0.009324
2025-10-07 01:30,0.0
2025-10-07 01:45,0.000494
2025-10-07 02:00,0.009344
2025-10-07 02:15,0.05382
2025-10-07 02:30,0.0
2025-10-07 02:45,0.0
2025-10-07 03:00,0.000238
2025-10-07 03:15,0.0
2025-10-07 03:30,0.0
2025-10-07 03:45,0.0
2025-10-07 04:00,0.0
2025-10-07 04:15,0.000687
2025-10-07 04:30,0.0
2025-10-07 04:45,0.005073
2025-10-07 05:00,0.0
2025-10-07 05:15,0.009234
2025-10-07 05:30,0.0
2025-10-07 05:45,0.034883
2025-10-07 06:00,0.0
2025-10-07 06:15,0.100166
2025-10-07 06:30,0.0
2025-10-07 06:45,0.01852
2025-10-07 07:00,0.022624
2025-10-07 07:15,0.009755
2025-10-07 07:30,0.0
2025-10-07 07:45,0.0
2025-10-07 08:00,0.009954
2025-10-07 08:15,0.019496
2025-10-07 08:30,0.0
2025-10-07 08:45,0.0
2025-10-07 09:00,0.0
2025-10-07 09:15,0.005163
2025-10-07 09:30,0.000186
2025-10-07 09:45,0.0
2025-10-07 10:00,0.0
2025-10-07 10:15,0.0
2025-10-07 10:30,0.000649
2025-10-07 10:45,0.0
2025-10-07 11:00,0.0
2025-10-07 11:15,0.0
2025-10-07 11:30,0.0
2025-10-07 11:45,0.000186
2025-10-07 12:00,0.014667
2025-10-07 12:15,0.012676
2025-10-07 12:30,0.004993
2025-10-07 12:45,0.004431
2025-10-07 13:00,0.032513
2025-10-07 13:15,0.038819
2025-10-07 13:30,0.004039
2025-10-07 13:45,0.009286
2025-10-07 14:00,0.014009
2025-10-07 14:15,0.031755
2025-10-07 14:30,0.009247
2025-10-07 14:45,0.017917
2025-10-07 15:00,0.050956
2025-10-07 15:15,0.004039
2025-10-07 15:30,0.123765
2025-10-07 15:45,0.471783
2025-10-07 16:00,0.216809
2025-10-07 16:15,0.180475
2025-10-07 16:30,0.26207
2025-10-07 16:45,0.306113
2025-10-07 17:00,0.154949
2025-10-07 17:15,0.0
2025-10-07 17:30,0.000186
2025-10-07 17:45,0.00926
2025-10-07 18:00,0.01537
2025-10-07 18:15,0.007449
2025-10-07 18:30,0.0
2025-10-07 18:45,0.000918
2025-10-07 19:00,0.244972
2025-10-07 19:15,0.196289
2025-10-07 19:30,0.685314
2025-10-07 19:45,0.559754
2025-10-07 20:00,1.0
2025-10-07 20:15,0.00463
2025-10-07 20:30,0.015252
2025-10-07 20:45,0.023442
2025-10-07 21:00,0.002138
2025-10-07 21:15,0.0
2025-10-07 21:30,0.00463
2025-10-07 21:45,0.000501
2025-10-07 22:00,0.047399
2025-10-07 22:15,0.008968
2025-10-07 22:30,0.0
2025-10-07 22:45,0.00034
2025-10-07 23:00,0.143108
2025-10-07 23:15,0.005186
2025-10-07 23:30,0.0
2025-10-07 23:45,0.0
2025-10-08 00:00,0.0
2025-10-08 00:00,0.0
2025-10-08 00:15,0.00025
2025-10-08 00:30,0.0
2025-10-08 00:45,0.005143
2025-10-08 01:00,0.0
2025-10-08 01:15,0.015944
2025-10-08 01:30,0.0
2025-10-08 01:45,0.000435
2025-10-08 02:00,0.000207
2025-10-08 02:15,0.005942
2025-10-08 02:30,0.01543
2025-10-08 02:45,0.0
2025-10-08 03:00,0.0
2025-10-08 03:15,0.0
2025-10-08 03:30,0.005143
2025-10-08 03:45,0.0
2025-10-08 04:00,0.000549
2025-10-08 04:15,0.0
2025-10-08 04:30,0.411332
2025-10-08 04:45,0.000278
2025-10-08 05:00,0.0
2025-10-08 05:15,0.02078
2025-10-08 05:30,0.0
2025-10-08 05:45,0.004844
2025-10-08 06:00,0.005143
2025-10-08 06:15,0.0
2025-10-08 06:30,0.0
2025-10-08 06:45,0.037509
2025-10-08 07:00,0.0
2025-10-08 07:15,0.000414
2025-10-08 07:30,0.0
2025-10-08 07:45,0.0
2025-10-08 08:00,0.031474
2025-10-08 08:15,0.0
2025-10-08 08:30,0.0
2025-10-08 08:45,0.0
2025-10-08 09:00,0.0
2025-10-08 09:15,0.000335
2025-10-08 09:30,0.0
2025-10-08 09:45,0.0
2025-10-08 10:00,0.002964
2025-10-08 10:15,0.010287
2025-10-08 10:30,0.001805
2025-10-08 10:45,0.0
2025-10-08 11:00,0.0
2025-10-08 11:15,0.000357
2025-10-08 11:30,0.002739
2025-10-08 11:45,0.0
2025-10-08 12:00,0.001997
2025-10-08 12:15,0.0
2025-10-08 12:30,0.009777
2025-10-08 12:45,0.000578
2025-10-08 13:00,0.008318
2025-10-08 13:15,0.008189
2025-10-08 13:30,0.004587
2025-10-08 13:45,0.0
2025-10-08 14:00,0.0
2025-10-08 14:15,0.085604
2025-10-08 14:30,0.018077
2025-10-08 14:45,0.000877
2025-10-08 15:00,0.018187
2025-10-08 15:15,0.010108
2025-10-08 15:30,0.167378
2025-10-08 15:45,0.120153
2025-10-08 16:00,0.212951
2025-10-08 16:15,0.234698
2025-10-08 16:30,0.293237
2025-10-08 16:45,0.468808
2025-10-08 17:00,0.343048
2025-10-08 17:15,0.040041
2025-10-08 17:30,0.027087
2025-10-08 17:45,0.013533
2025-10-08 18:00,0.034877
2025-10-08 18:15,0.004922
2025-10-08 18:30,0.004715
2025-10-08 18:45,0.005172
2025-10-08 19:00,0.269596
2025-10-08 19:15,0.291803
2025-10-08 19:30,0.622421
2025-10-08 19:45,0.51299
2025-10-08 20:00,0.626844
2025-10-08 20:15,0.08808
2025-10-08 20:30,0.000435
2025-10-08 20:45,0.005871
2025-10-08 21:00,0.043077
2025-10-08 21:15,0.004694
2025-10-08 21:30,0.005397
2025-10-08 21:45,0.017492
2025-10-08 22:00,0.086753
2025-10-08 22:15,0.088222
2025-10-08 22:30,0.015751
2025-10-08 22:45,0.001969
2025-10-08 23:00,0.0
2025-10-08 23:15,0.006798
2025-10-08 23:30,0.005143
2025-10-08 23:45,0.000999
2025-10-09 00:00,0.038443
2025-10-09 00:15,0.020574
2025-10-09 00:30,0.004102
2025-10-09 00:45,0.0
2025-10-09 01:00,0.02566
2025-10-09 01:15,0.271066
2025-10-09 01:30,0.0
2025-10-09 01:45,0.091811
2025-10-09 02:00,0.052318
2025-10-09 02:15,0.120117
2025-10-09 02:30,0.0
2025-10-09 02:45,0.029591
2025-10-09 03:00,0.021151
2025-10-09 03:15,0.005143
2025-10-09 03:30,0.0
2025-10-09 03:45,0.010258
2025-10-09 04:00,0.0
2025-10-09 04:15,0.0
2025-10-09 04:30,0.0
2025-10-09 04:45,0.005143
2025-10-09 05:00,0.0
2025-10-09 05:15,0.025681
2025-10-09 05:30,0.0
2025-10-09 05:45,0.000999
2025-10-09 06:00,0.0
2025-10-09 06:15,0.041425
2025-10-09 06:30,0.0
2025-10-09 06:45,0.0
2025-10-09 07:00,0.002226
2025-10-09 07:15,0.000228
2025-10-09 07:30,0.002201
2025-10-09 07:45,0.000228
2025-10-09 08:00,0.0
2025-10-09 08:15,0.0
2025-10-09 08:30,0.0
2025-10-09 08:45,0.0
2025-10-09 09:00,0.0
2025-10-09 09:15,0.0
2025-10-09 09:30,0.0
2025-10-09 09:45,0.0
2025-10-09 10:00,0.0
2025-10-09 10:15,0.049187
2025-10-09 10:30,0.0
2025-10-09 10:45,0.0
2025-10-09 11:00,0.0
2025-10-09 11:15,0.0
2025-10-09 11:30,0.003588
2025-10-09 11:45,0.008311
2025-10-09 12:00,0.000685
2025-10-09 12:15,0.0
2025-10-09 12:30,0.000435
2025-10-09 12:45,0.015252
2025-10-09 13:00,0.005143
2025-10-09 13:15,0.243002
2025-10-09 13:30,0.007494
2025-10-09 13:45,0.0
2025-10-09 14:00,0.000685
2025-10-09 14:15,0.056977
2025-10-09 14:30,0.006399
2025-10-09 14:45,0.011018
2025-10-09 15:00,0.006213
2025-10-09 15:15,0.0
2025-10-09 15:30,0.136332
2025-10-09 15:45,0.10692
2025-10-09 16:00,0.338058
2025-10-09 16:15,0.25779
2025-10-09 16:30,0.572892
2025-10-09 16:45,0.545149
2025-10-09 17:00,0.186721
2025-10-09 17:15,0.010287
2025-10-09 17:30,0.019753
2025-10-09 17:45,0.009224
2025-10-09 18:00,0.0166
2025-10-09 18:15,0.001052
2025-10-09 18:30,0.011014
2025-10-09 18:45,0.004487
2025-10-09 19:00,0.198256
2025-10-09 19:15,0.150749
2025-10-09 19:30,0.738144
2025-10-09 19:45,0.463757
2025-10-09 20:00,0.607565
2025-10-09 20:15,0.0
2025-10-09 20:30,0.009837
2025-10-09 20:45,0.001801
2025-10-09 21:00,0.017799
2025-10-09 21:15,0.0
2025-10-09 21:30,0.001295
2025-10-09 21:45,0.004487
2025-10-09 22:00,0.007576
2025-10-09 22:15,0.000228
2025-10-09 22:30,0.0
2025-10-09 22:45,0.005129
2025-10-09 23:00,0.005143
2025-10-09 23:15,0.014895
2025-10-09 23:30,0.004976
2025-10-09 23:45,0.006745
2025-10-10 00:00,0.004787
2025-10-10 00:15,0.0
2025-10-10 00:30,0.0
2025-10-10 00:45,0.0
2025-10-10 01:00,0.005407
2025-10-10 01:15,0.020809
2025-10-10 01:30,0.005129
2025-10-10 01:45,0.054676
2025-10-10 02:00,0.021658
2025-10-10 02:15,0.009035
2025-10-10 02:30,0.03813
2025-10-10 02:45,0.044229
2025-10-10 03:00,0.0
2025-10-10 03:15,0.0
2025-10-10 03:30,0.0
2025-10-10 03:45,0.0
2025-10-10 04:00,0.005143
2025-10-10 04:15,0.0
2025-10-10 04:30,0.0
2025-10-10 04:45,0.0
2025-10-10 05:00,0.0
2025-10-10 05:15,0.005393
2025-10-10 05:30,0.000999
2025-10-10 05:45,0.020267
2025-10-10 06:00,0.0
2025-10-10 06:15,0.000499
2025-10-10 06:30,0.0
2025-10-10 06:45,0.000514
2025-10-10 07:00,0.0
2025-10-10 07:15,0.000478
2025-10-10 07:30,0.0
2025-10-10 07:45,0.0
2025-10-10 08:00,0.0
2025-10-10 08:15,0.001309
2025-10-10 08:30,0.020574
2025-10-10 08:45,0.0
2025-10-10 09:00,0.0
2025-10-10 09:15,0.020516
2025-10-10 09:30,0.005143
2025-10-10 09:45,0.064581
2025-10-10 10:00,0.0
2025-10-10 10:15,0.011057
2025-10-10 10:30,0.0
2025-10-10 10:45,0.0
2025-10-10 11:00,0.000531
2025-10-10 11:15,0.005143
2025-10-10 11:30,0.094564
2025-10-10 11:45,0.005001
2025-10-10 12:00,0.000535
2025-10-10 12:15,0.020281
2025-10-10 12:30,0.179665
2025-10-10 12:45,0.216015
2025-10-10 13:00,0.236938
2025-10-10 13:15,0.11171
2025-10-10 13:30,0.01889
2025-10-10 13:45,0.08356
2025-10-10 14:00,0.012548
2025-10-10 14:15,0.005393
2025-10-10 14:30,0.000228
2025-10-10 14:45,0.001783
2025-10-10 15:00,0.025257
2025-10-10 15:15,0.000228
2025-10-10 15:30,0.144193
2025-10-10 15:45,0.141679
2025-10-10 16:00,0.380272
2025-10-10 16:15,0.286171
2025-10-10 16:30,0.487145
2025-10-10 16:45,0.566778
2025-10-10 17:00,0.278599
2025-10-10 17:15,0.014574
2025-10-10 17:30,0.015024
2025-10-10 17:45,0.005422
2025-10-10 18:00,0.014396
2025-10-10 18:15,0.005643
2025-10-10 18:30,0.001787
2025-10-10 18:45,0.004708
2025-10-10 19:00,0.212926
2025-10-10 19:15,0.393883
2025-10-10 19:30,0.787923
2025-10-10 19:45,0.412748
2025-10-10 20:00,0.690006
2025-10-10 20:15,0.020128
2025-10-10 20:30,0.009224
2025-10-10 20:45,0.00025
2025-10-10 21:00,0.014581
2025-10-10 21:15,0.000207
2025-10-10 21:30,0.005022
2025-10-10 21:45,0.00535
2025-10-10 22:00,0.056406
2025-10-10 22:15,0.043316
2025-10-10 22:30,0.0
2025-10-10 22:45,0.001787
2025-10-10 23:00,0.00107
2025-10-10 23:15,0.010287
2025-10-10 23:30,0.0
2025-10-10 23:45,0.000913
2025-10-11 00:00,0.0
2025-10-11 00:15,0.0
2025-10-11 00:30,0.0
2025-10-11 00:45,0.0
2025-10-11 01:00,0.000228
2025-10-11 01:15,0.053781
2025-10-11 01:30,0.013418
2025-10-11 01:45,0.021886
2025-10-11 02:00,0.021458
2025-10-11 02:15,0.048459
2025-10-11 02:30,0.021601
2025-10-11 02:45,0.048017
2025-10-11 03:00,0.000992
2025-10-11 03:15,0.0
2025-10-11 03:30,0.0
2025-10-11 03:45,0.0
2025-10-11 04:00,0.0
2025-10-11 04:15,0.010287
2025-10-11 04:30,0.000264
2025-10-11 04:45,0.004487
2025-10-11 05:00,0.0
2025-10-11 05:15,0.00035
2025-10-11 05:30,0.0
2025-10-11 05:45,0.015412
2025-10-11 06:00,0.005129
2025-10-11 06:15,0.0
2025-10-11 06:30,0.010258
2025-10-11 06:45,0.02591
2025-10-11 07:00,0.005643
2025-10-11 07:15,0.010166
2025-10-11 07:30,0.005143
2025-10-11 07:45,0.001887
2025-10-11 08:00,0.005928
2025-10-11 08:15,0.0
2025-10-11 08:30,0.000207
2025-10-11 08:45,0.0
2025-10-11 09:00,0.0
2025-10-11 09:15,0.0
2025-10-11 09:30,0.0
2025-10-11 09:45,0.005233
2025-10-11 10:00,0.00092
2025-10-11 10:15,0.016821
2025-10-11 10:30,0.000371
2025-10-11 10:45,0.000292
2025-10-11 11:00,0.0
2025-10-11 11:15,0.0
2025-10-11 11:30,0.000285
2025-10-11 11:45,0.0
2025-10-11 12:00,0.0
2025-10-11 12:15,0.005143
2025-10-11 12:30,0.015416
2025-10-11 12:45,0.0
2025-10-11 13:00,0.0
2025-10-11 13:15,0.01568
2025-10-11 13:30,0.010258
2025-10-11 13:45,0.005143
2025-10-11 14:00,0.003107
2025-10-11 14:15,0.082066
2025-10-11 14:30,0.0
2025-10-11 14:45,0.0
2025-10-11 15:00,0.0
2025-10-11 15:15,0.005143
2025-10-11 15:30,0.183778
2025-10-11 15:45,0.157148
2025-10-11 16:00,0.369222
2025-10-11 16:15,0.298712
2025-10-11 16:30,0.53885
2025-10-11 16:45,0.5109
2025-10-11 17:00,0.240205
2025-10-11 17:15,0.0
2025-10-11 17:30,0.0
2025-10-11 17:45,0.0
2025-10-11 18:00,0.0
2025-10-11 18:15,0.0
2025-10-11 18:30,0.0
2025-10-11 18:45,0.006128
2025-10-11 19:00,0.206053
2025-10-11 19:15,0.327614
2025-10-11 19:30,0.571273
2025-10-11 19:45,0.496576
2025-10-11 20:00,1.0
2025-10-11 20:15,0.0
2025-10-11 20:30,0.00535
2025-10-11 20:45,0.020531
2025-10-11 21:00,0.026951
2025-10-11 21:15,0.005143
2025-10-11 21:30,0.004965
2025-10-11 21:45,0.0
2025-10-11 22:00,0.055029
2025-10-11 22:15,0.013711
2025-10-11 22:30,0.0
2025-10-11 22:45,0.0
2025-10-11 23:00,0.015416
2025-10-11 23:15,0.0
2025-10-11 23:30,0.010287
2025-10-11 23:45,0.0
2025-10-12 00:00,0.0
2025-10-12 00:15,0.011079
2025-10-12 00:30,0.0
2025-10-12 00:45,0.005143
2025-10-12 01:00,0.000721
2025-10-12 01:15,0.000706
2025-10-12 01:30,0.009245
2025-10-12 01:45,0.012184
2025-10-12 02:00,0.022443
2025-10-12 02:15,0.00025
2025-10-12 02:30,0.010829
2025-10-12 02:45,0.000877
2025-10-12 03:00,0.044079
2025-10-12 03:15,0.0
2025-10-12 03:30,0.0
2025-10-12 03:45,0.001084
2025-10-12 04:00,0.0
2025-10-12 04:15,0.0
2025-10-12 04:30,0.0
2025-10-12 04:45,0.0
2025-10-12 05:00,0.0
2025-10-12 05:15,0.0
2025-10-12 05:30,0.000207
2025-10-12 05:45,0.015323
2025-10-12 06:00,0.000713
2025-10-12 06:15,0.0
2025-10-12 06:30,0.00153
2025-10-12 06:45,0.0
2025-10-12 07:00,0.000228
2025-10-12 07:15,0.005732
2025-10-12 07:30,0.010287
2025-10-12 07:45,0.002265
2025-10-12 08:00,0.0
2025-10-12 08:15,0.0
2025-10-12 08:30,0.0
2025-10-12 08:45,0.005143
2025-10-12 09:00,0.002957
2025-10-12 09:15,0.0
2025-10-12 09:30,0.0
2025-10-12 09:45,0.018491
2025-10-12 10:00,0.0
2025-10-12 10:15,0.005414
2025-10-12 10:30,0.0
2025-10-12 10:45,0.001516
2025-10-12 11:00,0.01543
2025-10-12 11:15,0.0
2025-10-12 11:30,0.006142
2025-10-12 11:45,0.0
2025-10-12 12:00,0.006135
2025-10-12 12:15,0.0
2025-10-12 12:30,0.0
2025-10-12 12:45,0.005143
2025-10-12 13:00,0.0
2025-10-12 13:15,0.0
2025-10-12 13:30,0.000549
2025-10-12 13:45,0.0
2025-10-12 14:00,0.005129
2025-10-12 14:15,0.000328
2025-10-12 14:30,0.0
2025-10-12 14:45,0.0
2025-10-12 15:00,0.0
2025-10-12 15:15,0.0
2025-10-12 15:30,0.156185
2025-10-12 15:45,0.196501
2025-10-12 16:00,0.484363
2025-10-12 16:15,0.316732
2025-10-12 16:30,0.448324
2025-10-12 16:45,0.414995
2025-10-12 17:00,0.293551
2025-10-12 17:15,0.005143
2025-10-12 17:30,0.005143
2025-10-12 17:45,0.0
2025-10-12 18:00,0.012284
2025-10-12 18:15,0.002515
2025-10-12 18:30,0.0
2025-10-12 18:45,0.005143
2025-10-12 19:00,0.172913
2025-10-12 19:15,0.25901
2025-10-12 19:30,0.467784
2025-10-12 19:45,0.403178
2025-10-12 20:00,0.605243
2025-10-12 20:15,0.0
2025-10-12 20:30,0.005143
2025-10-12 20:45,0.0
2025-10-12 21:00,0.005129
2025-10-12 21:15,0.0
2025-10-12 21:30,0.000842
2025-10-12 21:45,0.005143
2025-10-12 22:00,0.0
2025-10-12 22:15,0.005129
2025-10-12 22:30,0.0
2025-10-12 22:45,0.0
2025-10-12 23:00,0.016593
2025-10-12 23:15,0.010287
2025-10-12 23:30,0.000999
2025-10-12 23:45,0.010287
2025-10-13 00:00,0.0
2025-10-13 00:15,0.0
2025-10-13 00:30,0.015609
2025-10-13 00:45,0.0
2025-10-13 01:00,0.005143
2025-10-13 01:15,0.010258
2025-10-13 01:30,0.010287
2025-10-13 01:45,0.003339
2025-10-13 02:00,0.010287
2025-10-13 02:15,0.005928
2025-10-13 02:30,0.000235
2025-10-13 02:45,0.001134
2025-10-13 03:00,0.000685
2025-10-13 03:15,0.005143
2025-10-13 03:30,0.0
2025-10-13 03:45,0.010258
2025-10-13 04:00,0.0
2025-10-13 04:15,0.010551
2025-10-13 04:30,0.005143
2025-10-13 04:45,0.0
2025-10-13 05:00,0.005693
2025-10-13 05:15,0.010258
2025-10-13 05:30,0.000378
2025-10-13 05:45,0.009688
2025-10-13 06:00,0.0
2025-10-13 06:15,0.0
2025-10-13 06:30,0.0
2025-10-13 06:45,0.010258
2025-10-13 07:00,0.00025
2025-10-13 07:15,0.0
2025-10-13 07:30,0.032173
2025-10-13 07:45,0.004837
2025-10-13 08:00,0.0
2025-10-13 08:15,0.0
2025-10-13 08:30,0.0
2025-10-13 08:45,0.00535
2025-10-13 09:00,0.005143
2025-10-13 09:15,0.0
2025-10-13 09:30,0.0
2025-10-13 09:45,0.0
2025-10-13 10:00,0.005407
2025-10-13 10:15,0.0
2025-10-13 10:30,0.082979
2025-10-13 10:45,0.036132
2025-10-13 11:00,0.0
2025-10-13 11:15,0.005143
2025-10-13 11:30,0.000499
2025-10-13 11:45,0.005372
2025-10-13 12:00,0.000706
2025-10-13 12:15,0.002996
2025-10-13 12:30,0.010643
2025-10-13 12:45,0.002565
2025-10-13 13:00,0.038194
2025-10-13 13:15,0.013554
2025-10-13 13:30,0.000414
2025-10-13 13:45,0.007027
2025-10-13 14:00,0.00128
2025-10-13 14:15,0.01202
2025-10-13 14:30,0.015041
2025-10-13 14:45,0.014282
2025-10-13 15:00,0.004922
2025-10-13 15:15,0.018783
2025-10-13 15:30,0.202133
2025-10-13 15:45,0.176908
2025-10-13 16:00,0.410679
2025-10-13 16:15,0.290559
2025-10-13 16:30,0.459053
2025-10-13 16:45,0.431231
2025-10-13 17:00,0.262548
2025-10-13 17:15,0.005172
2025-10-13 17:30,0.020944
2025-10-13 17:45,0.022995
2025-10-13 18:00,0.018605
2025-10-13 18:15,0.022935
2025-10-13 18:30,0.010515
2025-10-13 18:45,0.001951
2025-10-13 19:00,0.198748
2025-10-13 19:15,0.364756
2025-10-13 19:30,0.554879
2025-10-13 19:45,0.366757
2025-10-13 20:00,0.90616
2025-10-13 20:15,0.014032
2025-10-13 20:30,0.00336
2025-10-13 20:45,0.00983
2025-10-13 21:00,0.024768
2025-10-13 21:15,0.0
2025-10-13 21:30,0.004737
2025-10-13 21:45,0.016761
2025-10-13 22:00,0.0
2025-10-13 22:15,0.015962
2025-10-13 22:30,0.0056
2025-10-13 22:45,0.0
2025-10-13 23:00,0.005628
2025-10-13 23:15,0.000207
2025-10-13 23:30,0.0
2025-10-13 23:45,0.016322
2025-10-14 00:00,0.001024
2025-10-14 00:15,0.003339
2025-10-14 00:30,0.0
2025-10-14 00:45,0.000328
2025-10-14 01:00,0.004487
2025-10-14 01:15,0.041953
2025-10-14 01:30,0.0
2025-10-14 01:45,0.005336
2025-10-14 02:00,0.0
2025-10-14 02:15,0.005814
2025-10-14 02:30,0.010108
2025-10-14 02:45,0.00025
2025-10-14 03:00,0.000292
2025-10-14 03:15,0.0
2025-10-14 03:30,0.0
2025-10-14 03:45,0.0
2025-10-14 04:00,0.0
2025-10-14 04:15,0.000228
2025-10-14 04:30,0.027336
2025-10-14 04:45,0.0
2025-10-14 05:00,0.004965
2025-10-14 05:15,0.000371
2025-10-14 05:30,0.0
2025-10-14 05:45,0.000264
2025-10-14 06:00,0.0
2025-10-14 06:15,0.020516
2025-10-14 06:30,0.000228
2025-10-14 06:45,0.001512
2025-10-14 07:00,0.005129
2025-10-14 07:15,0.000207
2025-10-14 07:30,0.005129
2025-10-14 07:45,0.0
2025-10-14 08:00,0.005643
2025-10-14 08:15,0.005143
2025-10-14 08:30,0.0
2025-10-14 08:45,0.0
2025-10-14 09:00,0.0
2025-10-14 09:15,0.0
2025-10-14 09:30,0.0
2025-10-14 09:45,0.005143
2025-10-14 10:00,0.0
2025-10-14 10:15,0.005379
2025-10-14 10:30,0.004134
2025-10-14 10:45,0.0
2025-10-14 11:00,0.102725
2025-10-14 11:15,0.157861
2025-10-14 11:30,0.015327
2025-10-14 11:45,0.000838
2025-10-14 12:00,0.005457
2025-10-14 12:15,0.006274
2025-10-14 12:30,0.000735
2025-10-14 12:45,0.013722
2025-10-14 13:00,0.004922
2025-10-14 13:15,0.006652
2025-10-14 13:30,0.006049
2025-10-14 13:45,0.001637
2025-10-14 14:00,0.014635
2025-10-14 14:15,0.026045
2025-10-14 14:30,0.00468
2025-10-14 14:45,0.020788
2025-10-14 15:00,0.010376
2025-10-14 15:15,0.005678
2025-10-14 15:30,0.203132
2025-10-14 15:45,0.12444
2025-10-14 16:00,0.432815
2025-10-14 16:15,0.341072
2025-10-14 16:30,0.51115
2025-10-14 16:45,0.388001
2025-10-14 17:00,0.229512
2025-10-14 17:15,0.004487
2025-10-14 17:30,0.00025
2025-10-14 17:45,0.005143
2025-10-14 18:00,0.004694
2025-10-14 18:15,0.0
2025-10-14 18:30,0.004487
2025-10-14 18:45,0.005051
2025-10-14 19:00,0.137709
2025-10-14 19:15,0.207893
2025-10-14 19:30,0.709666
2025-10-14 19:45,0.564282
2025-10-14 20:00,0.755172
2025-10-14 20:15,0.0
2025-10-14 20:30,0.008988
2025-10-14 20:45,0.015987
2025-10-14 21:00,0.005514
2025-10-14 21:15,0.010986
2025-10-14 21:30,0.0054
2025-10-14 21:45,0.0055
2025-10-14 22:00,0.010954
2025-10-14 22:15,0.0
2025-10-14 22:30,0.000542
2025-10-14 22:45,0.005143
2025-10-14 23:00,0.082637
2025-10-14 23:15,0.011107
2025-10-14 23:30,0.00025
2025-10-14 23:45,0.00025
2025-10-15 00:00,0.000935
2025-10-15 00:00,0.001097
2025-10-15 00:15,0.01208
2025-10-15 00:30,0.014099
2025-10-15 00:45,0.030778
2025-10-15 01:00,0.00604
2025-10-15 01:15,0.012046
2025-10-15 01:30,0.000972
2025-10-15 01:45,0.000653
2025-10-15 02:00,0.074105
2025-10-15 02:15,0.016449
2025-10-15 02:30,0.01453
2025-10-15 02:45,0.0
2025-10-15 03:00,0.012717
2025-10-15 03:15,0.0
2025-10-15 03:30,0.0
2025-10-15 03:45,0.000653
2025-10-15 04:00,0.035155
2025-10-15 04:15,0.007456
2025-10-15 04:30,0.000293
2025-10-15 04:45,0.0
2025-10-15 05:00,0.000586
2025-10-15 05:15,0.0
2025-10-15 05:30,0.0
2025-10-15 05:45,0.011804
2025-10-15 06:00,0.000486
2025-10-15 06:15,0.0
2025-10-15 06:30,0.0
2025-10-15 06:45,0.006023
2025-10-15 07:00,0.006601
2025-10-15 07:15,0.006099
2025-10-15 07:30,0.000486
2025-10-15 07:45,0.0
2025-10-15 08:00,0.000243
2025-10-15 08:15,0.0
2025-10-15 08:30,0.00263
2025-10-15 08:45,0.005948
2025-10-15 09:00,0.005269
2025-10-15 09:15,0.048186
2025-10-15 09:30,0.0
2025-10-15 09:45,0.0
2025-10-15 10:00,0.003393
2025-10-15 10:15,0.0
2025-10-15 10:30,0.016352
2025-10-15 10:45,0.0
2025-10-15 11:00,0.011938
2025-10-15 11:15,0.0
2025-10-15 11:30,0.030146
2025-10-15 11:45,0.002651
2025-10-15 12:00,0.010438
2025-10-15 12:15,0.000787
2025-10-15 12:30,0.002459
2025-10-15 12:45,0.000754
2025-10-15 13:00,0.016629
2025-10-15 13:15,0.017814
2025-10-15 13:30,0.013722
2025-10-15 13:45,0.021739
2025-10-15 14:00,0.004017
2025-10-15 14:15,0.121244
2025-10-15 14:30,0.006476
2025-10-15 14:45,0.006961
2025-10-15 15:00,0.00707
2025-10-15 15:15,0.018426
2025-10-15 15:30,0.208191
2025-10-15 15:45,0.192869
2025-10-15 16:00,0.292885
2025-10-15 16:15,0.723057
2025-10-15 16:30,0.57049
2025-10-15 16:45,0.345963
2025-10-15 17:00,0.45674
2025-10-15 17:15,0.006773
2025-10-15 17:30,0.016478
2025-10-15 17:45,0.02519
2025-10-15 18:00,0.037756
2025-10-15 18:15,0.024805
2025-10-15 18:30,0.006128
2025-10-15 18:45,0.01182
2025-10-15 19:00,0.446557
2025-10-15 19:15,0.528386
2025-10-15 19:30,0.65624
2025-10-15 19:45,0.452091
2025-10-15 20:00,1.0
2025-10-15 20:15,0.019385
2025-10-15 20:30,0.000268
2025-10-15 20:45,0.008109
2025-10-15 21:00,0.029664
2025-10-15 21:15,0.006409
2025-10-15 21:30,0.011678
2025-10-15 21:45,0.03314
2025-10-15 22:00,0.004855
2025-10-15 22:15,0.057631
2025-10-15 22:30,0.000268
2025-10-15 22:45,0.001533
2025-10-15 23:00,0.0
2025-10-15 23:15,0.0
2025-10-15 23:30,0.000268
2025-10-15 23:45,0.0
2025-10-16 00:00,0.00604
2025-10-16 00:15,0.0
2025-10-16 00:30,0.0
2025-10-16 00:45,0.30618
2025-10-16 01:00,0.0
2025-10-16 01:15,0.012373
2025-10-16 01:30,0.00031
2025-10-16 01:45,0.0
2025-10-16 02:00,0.048446
2025-10-16 02:15,0.025492
2025-10-16 02:30,0.016369
2025-10-16 02:45,0.006383
2025-10-16 03:00,0.006702
2025-10-16 03:15,0.00129
2025-10-16 03:30,0.0
2025-10-16 03:45,0.018744
2025-10-16 04:00,0.006099
2025-10-16 04:15,0.00604
2025-10-16 04:30,0.0
2025-10-16 04:45,0.001097
2025-10-16 05:00,0.004834
2025-10-16 05:15,0.036202
2025-10-16 05:30,0.000268
2025-10-16 05:45,0.022753
2025-10-16 06:00,0.000243
2025-10-16 06:15,0.0
2025-10-16 06:30,0.0
2025-10-16 06:45,0.0
2025-10-16 07:00,0.006308
2025-10-16 07:15,0.00031
2025-10-16 07:30,0.012323
2025-10-16 07:45,0.018388
2025-10-16 08:00,0.000268
2025-10-16 08:15,0.0
2025-10-16 08:30,0.001533
2025-10-16 08:45,0.006526
2025-10-16 09:00,0.0
2025-10-16 09:15,0.0
2025-10-16 09:30,0.00039
2025-10-16 09:45,0.000729
2025-10-16 10:00,0.004272
2025-10-16 10:15,0.0
2025-10-16 10:30,0.000511
2025-10-16 10:45,0.263121
2025-10-16 11:00,0.193196
2025-10-16 11:15,0.060718
2025-10-16 11:30,0.0
2025-10-16 11:45,0.008373
2025-10-16 12:00,0.019645
2025-10-16 12:15,0.002266
2025-10-16 12:30,0.0
2025-10-16 12:45,0.01208
2025-10-16 13:00,0.012097
2025-10-16 13:15,0.008059
2025-10-16 13:30,0.053991
2025-10-16 13:45,0.029203
2025-10-16 14:00,0.010539
2025-10-16 14:15,0.025525
2025-10-16 14:30,0.001039
2025-10-16 14:45,0.025425
2025-10-16 15:00,0.011795
2025-10-16 15:15,0.0
2025-10-16 15:30,0.187885
2025-10-16 15:45,0.171436
2025-10-16 16:00,0.383401
2025-10-16 16:15,0.438038
2025-10-16 16:30,0.372972
2025-10-16 16:45,0.693054
2025-10-16 17:00,0.442038
2025-10-16 17:15,0.000586
2025-10-16 17:30,0.000327
2025-10-16 17:45,0.023322
2025-10-16 18:00,0.076442
2025-10-16 18:15,0.012423
2025-10-16 18:30,0.012348
2025-10-16 18:45,0.013119
2025-10-16 19:00,0.372293
2025-10-16 19:15,0.329134
2025-10-16 19:30,0.645324
2025-10-16 19:45,0.839894
2025-10-16 20:00,0.918209
2025-10-16 20:15,0.067571
2025-10-16 20:30,0.005537
2025-10-16 20:45,0.006132
2025-10-16 21:00,0.065049
2025-10-16 21:15,0.186369
2025-10-16 21:30,0.498023
2025-10-16 21:45,0.023607
2025-10-16 22:00,0.0
2025-10-16 22:15,0.059453
2025-10-16 22:30,0.057217
2025-10-16 22:45,0.163859
2025-10-16 23:00,0.001575
2025-10-16 23:15,0.0
2025-10-16 23:30,0.026087
2025-10-16 23:45,0.005219
2025-10-17 00:00,0.017299
2025-10-17 00:15,0.03846
2025-10-17 00:30,0.009068
2025-10-17 00:45,0.003971
2025-10-17 01:00,0.017299
2025-10-17 01:15,0.006547
2025-10-17 01:30,0.02416
2025-10-17 01:45,0.005026
2025-10-17 02:00,0.025651
2025-10-17 02:15,0.012717
2025-10-17 02:30,0.020415
2025-10-17 02:45,0.000603
2025-10-17 03:00,0.053283
2025-10-17 03:15,0.00604
2025-10-17 03:30,0.0
2025-10-17 03:45,0.0
2025-10-17 04:00,0.0
2025-10-17 04:15,0.021312
2025-10-17 04:30,0.000415
2025-10-17 04:45,0.077464
2025-10-17 05:00,0.362391
2025-10-17 05:15,0.588585
2025-10-17 05:30,0.002408
2025-10-17 05:45,0.011376
2025-10-17 06:00,0.0
2025-10-17 06:15,0.006383
2025-10-17 06:30,0.0
2025-10-17 06:45,0.031884
2025-10-17 07:00,0.030853
2025-10-17 07:15,0.012386
2025-10-17 07:30,0.000293
2025-10-17 07:45,0.0
2025-10-17 08:00,0.0
2025-10-17 08:15,0.00604
2025-10-17 08:30,0.005269
2025-10-17 08:45,0.012717
2025-10-17 09:00,0.0
2025-10-17 09:15,0.000243
2025-10-17 09:30,0.00604
2025-10-17 09:45,0.05121
2025-10-17 10:00,0.00604
2025-10-17 10:15,0.00253
2025-10-17 10:30,0.012315
2025-10-17 10:45,0.000624
2025-10-17 11:00,0.000343
2025-10-17 11:15,0.0
2025-10-17 11:30,0.0
2025-10-17 11:45,0.0
2025-10-17 12:00,0.0
2025-10-17 12:15,0.031255
2025-10-17 12:30,0.012465
2025-10-17 12:45,0.001173
2025-10-17 13:00,0.005487
2025-10-17 13:15,0.016579
2025-10-17 13:30,0.003179
2025-10-17 13:45,0.005998
2025-10-17 14:00,0.005219
2025-10-17 14:15,0.198013
2025-10-17 14:30,0.0
2025-10-17 14:45,0.001742
2025-10-17 15:00,0.011611
2025-10-17 15:15,0.000268
2025-10-17 15:30,0.193531
2025-10-17 15:45,0.194159
2025-10-17 16:00,0.437443
2025-10-17 16:15,0.263029
2025-10-17 16:30,0.679654
2025-10-17 16:45,0.536965
2025-10-17 17:00,0.542912
2025-10-17 17:15,0.010539
2025-10-17 17:30,0.0
2025-10-17 17:45,0.008645
2025-10-17 18:00,0.011582
2025-10-17 18:15,0.000921
2025-10-17 18:30,0.011552
2025-10-17 18:45,0.028642
2025-10-17 19:00,0.322247
2025-10-17 19:15,0.390061
2025-10-17 19:30,0.681372
2025-10-17 19:45,0.652964
2025-10-17 20:00,0.484699
2025-10-17 20:15,0.00039
2025-10-17 20:30,0.005269
2025-10-17 20:45,0.018899
2025-10-17 21:00,0.00994
2025-10-17 21:15,0.011494
2025-10-17 21:30,0.005269
2025-10-17 21:45,0.0
2025-10-17 22:00,0.0
2025-10-17 22:15,0.005512
2025-10-17 22:30,0.010807
2025-10-17 22:45,0.000268
2025-10-17 23:00,0.0
2025-10-17 23:15,0.05663
2025-10-17 23:30,0.0
2025-10-17 23:45,0.000402
2025-10-18 00:00,0.0
2025-10-18 00:15,0.0
2025-10-18 00:30,0.00604
2025-10-18 00:45,0.015104
2025-10-18 01:00,0.0
2025-10-18 01:15,0.048751
2025-10-18 01:30,0.010438
2025-10-18 01:45,0.01208
2025-10-18 02:00,0.012717
2025-10-18 02:15,0.006974
2025-10-18 02:30,0.006844
2025-10-18 02:45,0.010731
2025-10-18 03:00,0.001072
2025-10-18 03:15,0.0
2025-10-18 03:30,0.002408
2025-10-18 03:45,0.0
2025-10-18 04:00,0.021714
2025-10-18 04:15,0.01208
2025-10-18 04:30,0.00754
2025-10-18 04:45,0.006492
2025-10-18 05:00,0.0
2025-10-18 05:15,0.01879
2025-10-18 05:30,0.0
2025-10-18 05:45,0.0
2025-10-18 06:00,0.0
2025-10-18 06:15,0.00604
2025-10-18 06:30,0.0
2025-10-18 06:45,0.003267
2025-10-18 07:00,0.006358
2025-10-18 07:15,0.000767
2025-10-18 07:30,0.0
2025-10-18 07:45,0.000268
2025-10-18 08:00,0.025433
2025-10-18 08:15,0.019075
2025-10-18 08:30,0.006626
2025-10-18 08:45,0.0
2025-10-18 09:00,0.005688
2025-10-18 09:15,0.006074
2025-10-18 09:30,0.0
2025-10-18 09:45,0.0
2025-10-18 10:00,0.001424
2025-10-18 10:15,0.0
2025-10-18 10:30,0.002417
2025-10-18 10:45,0.0
2025-10-18 11:00,0.000268
2025-10-18 11:15,0.000243
2025-10-18 11:30,0.001257
2025-10-18 11:45,0.0
2025-10-18 12:00,0.003028
2025-10-18 12:15,0.0
2025-10-18 12:30,0.0
2025-10-18 12:45,0.0
2025-10-18 13:00,0.006283
2025-10-18 13:15,0.006358
2025-10-18 13:30,0.006869
2025-10-18 13:45,0.0
2025-10-18 14:00,0.00062
2025-10-18 14:15,0.088883
2025-10-18 14:30,0.012566
2025-10-18 14:45,0.0
2025-10-18 15:00,0.000536
2025-10-18 15:15,0.0
2025-10-18 15:30,0.170561
2025-10-18 15:45,0.076736
2025-10-18 16:00,0.263762
2025-10-18 16:15,0.194922
2025-10-18 16:30,0.529517
2025-10-18 16:45,0.503355
2025-10-18 17:00,0.399595
2025-10-18 17:15,0.0
2025-10-18 17:30,0.0
2025-10-18 17:45,0.00604
2025-10-18 18:00,0.000327
2025-10-18 18:15,0.001043
2025-10-18 18:30,0.014426
2025-10-18 18:45,0.001202
2025-10-18 19:00,0.208242
2025-10-18 19:15,0.303453
2025-10-18 19:30,0.615459
2025-10-18 19:45,0.64909
2025-10-18 20:00,0.538975
2025-10-18 20:15,0.0
2025-10-18 20:30,0.006124
2025-10-18 20:45,0.013203
2025-10-18 21:00,0.001106
2025-10-18 21:15,0.0
2025-10-18 21:30,0.006857
2025-10-18 21:45,0.0
2025-10-18 22:00,0.000679
2025-10-18 22:15,0.0
2025-10-18 22:30,0.0
2025-10-18 22:45,0.000293
2025-10-18 23:00,0.011795
2025-10-18 23:15,0.000787
2025-10-18 23:30,0.01853
2025-10-18 23:45,0.0
2025-10-19 00:00,0.000268
2025-10-19 00:15,0.00604
2025-10-19 00:30,0.006124
2025-10-19 00:45,0.000385
2025-10-19 01:00,0.0
2025-10-19 01:15,0.00604
2025-10-19 01:30,0.001504
2025-10-19 01:45,0.0
2025-10-19 02:00,0.0
2025-10-19 02:15,0.0
2025-10-19 02:30,0.0
2025-10-19 02:45,0.003141
2025-10-19 03:00,0.0
2025-10-19 03:15,0.0
2025-10-19 03:30,0.004071
2025-10-19 03:45,0.0
2025-10-19 04:00,0.004754
2025-10-19 04:15,0.0
2025-10-19 04:30,0.001173
2025-10-19 04:45,0.0
2025-10-19 05:00,0.0
2025-10-19 05:15,0.000293
2025-10-19 05:30,0.0
2025-10-19 05:45,0.017701
2025-10-19 06:00,0.0
2025-10-19 06:15,0.0
2025-10-19 06:30,0.000394
2025-10-19 06:45,0.000444
2025-10-19 07:00,0.0
2025-10-19 07:15,0.012252
2025-10-19 07:30,0.0
2025-10-19 07:45,0.0
2025-10-19 08:00,0.0
2025-10-19 08:15,0.000578
2025-10-19 08:30,0.0
2025-10-19 08:45,0.000498
2025-10-19 09:00,0.0
2025-10-19 09:15,0.0
2025-10-19 09:30,0.0
2025-10-19 09:45,0.0
2025-10-19 10:00,0.006333
2025-10-19 10:15,0.0
2025-10-19 10:30,0.0
2025-10-19 10:45,0.000243
2025-10-19 11:00,0.0
2025-10-19 11:15,0.006283
2025-10-19 11:30,0.000804
2025-10-19 11:45,0.004096
2025-10-19 12:00,0.012666
2025-10-19 12:15,0.004934
2025-10-19 12:30,0.01208
2025-10-19 12:45,0.005831
2025-10-19 13:00,0.00795
2025-10-19 13:15,0.0
2025-10-19 13:30,0.005269
2025-10-19 13:45,0.007079
2025-10-19 14:00,0.001504
2025-10-19 14:15,0.066306
2025-10-19 14:30,0.006241
2025-10-19 14:45,0.0
2025-10-19 15:00,0.000293
2025-10-19 15:15,0.0
2025-10-19 15:30,0.166808
2025-10-19 15:45,0.104154
2025-10-19 16:00,0.375451
2025-10-19 16:15,0.401764
2025-10-19 16:30,0.504867
2025-10-19 16:45,0.477746
2025-10-19 17:00,0.332225
2025-10-19 17:15,0.0
2025-10-19 17:30,0.0
2025-10-19 17:45,0.0
2025-10-19 18:00,0.010304
2025-10-19 18:15,0.0
2025-10-19 18:30,0.0
2025-10-19 18:45,0.0
2025-10-19 19:00,0.234056
2025-10-19 19:15,0.373089
2025-10-19 19:30,0.719212
2025-10-19 19:45,0.537652
2025-10-19 20:00,0.722051
2025-10-19 20:15,0.01208
2025-10-19 20:30,0.000565
2025-10-19 20:45,0.000243
2025-10-19 21:00,0.0
2025-10-19 21:15,0.0
2025-10-19 21:30,0.0
2025-10-19 21:45,0.00604
2025-10-19 22:00,0.01812
2025-10-19 22:15,0.00031
2025-10-19 22:30,0.012717
2025-10-19 22:45,0.00604
2025-10-19 23:00,0.012717
2025-10-19 23:15,0.0
2025-10-19 23:30,0.0
2025-10-19 23:45,0.0
2025-10-20 00:00,0.0
2025-10-20 00:15,0.006333
2025-10-20 00:30,0.021714
2025-10-20 00:45,0.00604
2025-10-20 01:00,0.0
2025-10-20 01:15,0.012046
2025-10-20 01:30,0.001081
2025-10-20 01:45,0.0
2025-10-20 02:00,0.0
2025-10-20 02:15,0.01296
2025-10-20 02:30,0.004473
2025-10-20 02:45,0.030845
2025-10-20 03:00,0.006358
2025-10-20 03:15,0.0
2025-10-20 03:30,0.0
2025-10-20 03:45,0.0
2025-10-20 04:00,0.00604
2025-10-20 04:15,0.0
2025-10-20 04:30,0.000787
2025-10-20 04:45,0.0
2025-10-20 05:00,0.0
2025-10-20 05:15,0.00031
2025-10-20 05:30,0.0
2025-10-20 05:45,0.017374
2025-10-20 06:00,0.0
2025-10-20 06:15,0.00635
2025-10-20 06:30,0.00031
2025-10-20 06:45,0.0
2025-10-20 07:00,0.006953
2025-10-20 07:15,0.019343
2025-10-20 07:30,0.00031
2025-10-20 07:45,0.0
2025-10-20 08:00,0.0
2025-10-20 08:15,0.00604
2025-10-20 08:30,0.0
2025-10-20 08:45,0.000243
2025-10-20 09:00,0.0
2025-10-20 09:15,0.0
2025-10-20 09:30,0.0
2025-10-20 09:45,0.0
2025-10-20 10:00,0.000243
2025-10-20 10:15,0.0
2025-10-20 10:30,0.0
2025-10-20 10:45,0.0
2025-10-20 11:00,0.0
2025-10-20 11:15,0.0
2025-10-20 11:30,0.01812
2025-10-20 11:45,0.000536
2025-10-20 12:00,0.0
2025-10-20 12:15,0.0
2025-10-20 12:30,0.039784
2025-10-20 12:45,0.02661
2025-10-20 13:00,0.008063
2025-10-20 13:15,0.011649
2025-10-20 13:30,0.005269
2025-10-20 13:45,0.013743
2025-10-20 14:00,0.035025
2025-10-20 14:15,0.020767
2025-10-20 14:30,0.0
2025-10-20 14:45,0.005558
2025-10-20 15:00,0.000846
2025-10-20 15:15,0.038971
2025-10-20 15:30,0.40246
2025-10-20 15:45,0.160332
2025-10-20 16:00,0.286749
2025-10-20 16:15,0.314926
2025-10-20 16:30,0.360674
2025-10-20 16:45,0.516704
2025-10-20 17:00,0.459793
2025-10-20 17:15,0.011309
2025-10-20 17:30,0.102311
2025-10-20 17:45,0.009517
2025-10-20 18:00,0.023117
2025-10-20 18:15,0.007598
2025-10-20 18:30,0.018145
2025-10-20 18:45,0.000243
2025-10-20 19:00,0.400248
2025-10-20 19:15,0.393622
2025-10-20 19:30,0.683332
2025-10-20 19:45,0.515121
2025-10-20 20:00,0.959974
2025-10-20 20:15,0.010555
2025-10-20 20:30,0.016855
2025-10-20 20:45,0.005847
2025-10-20 21:00,0.010539
2025-10-20 21:15,0.044265
2025-10-20 21:30,0.0
2025-10-20 21:45,0.0
2025-10-20 22:00,0.006308
2025-10-20 22:15,0.00604
2025-10-20 22:30,0.007929
2025-10-20 22:45,0.0
2025-10-20 23:00,0.0
2025-10-20 23:15,0.0
2025-10-20 23:30,0.0
2025-10-20 23:45,0.0
2025-10-21 00:00,0.003887
2025-10-21 00:15,0.0
2025-10-21 00:30,0.00604
2025-10-21 00:45,0.0
2025-10-21 01:00,0.006291
2025-10-21 01:15,0.006266
2025-10-21 01:30,0.0
2025-10-21 01:45,0.0
2025-10-21 02:00,0.0
2025-10-21 02:15,0.00062
2025-10-21 02:30,0.006827
2025-10-21 02:45,0.001009
2025-10-21 03:00,0.005831
2025-10-21 03:15,0.007615
2025-10-21 03:30,0.001123
2025-10-21 03:45,0.000243
2025-10-21 04:00,0.0
2025-10-21 04:15,0.0
2025-10-21 04:30,0.004846
2025-10-21 04:45,0.000268
2025-10-21 05:00,0.000888
2025-10-21 05:15,0.012046
2025-10-21 05:30,0.021714
2025-10-21 05:45,0.023494
2025-10-21 06:00,0.002982
2025-10-21 06:15,0.001856
2025-10-21 06:30,0.020491
2025-10-21 06:45,0.00031
2025-10-21 07:00,0.022732
2025-10-21 07:15,0.006601
2025-10-21 07:30,0.025928
2025-10-21 07:45,0.010782
2025-10-21 08:00,0.003158
2025-10-21 08:15,0.012046
2025-10-21 08:30,0.000586
2025-10-21 08:45,0.0
2025-10-21 09:00,0.0
2025-10-21 09:15,0.0
2025-10-21 09:30,0.0
2025-10-21 09:45,0.014354
2025-10-21 10:00,0.006023
2025-10-21 10:15,0.000787
2025-10-21 10:30,0.0
2025-10-21 10:45,0.0
2025-10-21 11:00,0.0
2025-10-21 11:15,0.0
2025-10-21 11:30,0.000293
2025-10-21 11:45,0.005169
2025-10-21 12:00,0.000917
2025-10-21 12:15,0.016872
2025-10-21 12:30,0.006853
2025-10-21 12:45,0.018681
2025-10-21 13:00,0.045874
2025-10-21 13:15,0.037597
2025-10-21 13:30,0.073569
2025-10-21 13:45,0.010974
2025-10-21 14:00,0.037321
2025-10-21 14:15,0.090985
2025-10-21 14:30,0.006316
2025-10-21 14:45,0.002647
2025-10-21 15:00,0.046737
2025-10-21 15:15,0.012419
2025-10-21 15:30,0.134501
2025-10-21 15:45,0.169028
2025-10-21 16:00,0.198398
2025-10-21 16:15,0.357021
2025-10-21 16:30,0.499233
2025-10-21 16:45,0.613755
2025-10-21 17:00,0.263133
2025-10-21 17:15,0.000268
2025-10-21 17:30,0.022723
2025-10-21 17:45,0.010807
2025-10-21 18:00,0.009483
2025-10-21 18:15,0.012893
2025-10-21 18:30,0.00604
2025-10-21 18:45,0.012051
2025-10-21 19:00,0.253554
2025-10-21 19:15,0.317112
2025-10-21 19:30,0.774217
2025-10-21 19:45,0.670502
2025-10-21 20:00,0.827827
2025-10-21 20:15,0.014958
2025-10-21 20:30,0.036483
2025-10-21 20:45,0.023356
2025-10-21 21:00,0.00604
2025-10-21 21:15,0.000243
2025-10-21 21:30,0.00604
2025-10-21 21:45,0.0
2025-10-21 22:00,0.012465
2025-10-21 22:15,0.121026
2025-10-21 22:30,0.020709
2025-10-21 22:45,0.001173
2025-10-21 23:00,0.138861
2025-10-21 23:15,0.006735
2025-10-21 23:30,0.0
2025-10-21 23:45,0.0
2025-10-22 00:00,0.0
2025-10-22 00:00,0.0
2025-10-22 00:15,0.0
2025-10-22 00:30,0.083217
2025-10-22 00:45,0.020815
2025-10-22 01:00,0.0
2025-10-22 01:15,0.001049
2025-10-22 01:30,0.0
2025-10-22 01:45,0.0
2025-10-22 02:00,0.008345
2025-10-22 02:15,0.01073
2025-10-22 02:30,0.013566
2025-10-22 02:45,0.057124
2025-10-22 03:00,0.0
2025-10-22 03:15,0.000762
2025-10-22 03:30,0.000734
2025-10-22 03:45,0.017931
2025-10-22 04:00,0.000466
2025-10-22 04:15,0.0
2025-10-22 04:30,0.0
2025-10-22 04:45,0.0
2025-10-22 05:00,0.0
2025-10-22 05:15,0.0
2025-10-22 05:30,0.006783
2025-10-22 05:45,0.019164
2025-10-22 06:00,0.004586
2025-10-22 06:15,0.0
2025-10-22 06:30,0.021337
2025-10-22 06:45,0.083292
2025-10-22 07:00,0.123411
2025-10-22 07:15,0.001515
2025-10-22 07:30,0.013566
2025-10-22 07:45,0.013566
2025-10-22 08:00,0.009154
2025-10-22 08:15,0.008585
2025-10-22 08:30,0.0
2025-10-22 08:45,0.000922
2025-10-22 09:00,0.0
2025-10-22 09:15,0.003622
2025-10-22 09:30,0.027132
2025-10-22 09:45,0.09467
2025-10-22 10:00,0.007244
2025-10-22 10:15,0.0
2025-10-22 10:30,0.0
2025-10-22 10:45,0.0
2025-10-22 11:00,0.006783
2025-10-22 11:15,0.075074
2025-10-22 11:30,0.026897
2025-10-22 11:45,0.015433
2025-10-22 12:00,0.000659
2025-10-22 12:15,0.006783
2025-10-22 12:30,0.029442
2025-10-22 12:45,0.054716
2025-10-22 13:00,0.009093
2025-10-22 13:15,0.019267
2025-10-22 13:30,0.018844
2025-10-22 13:45,0.002634
2025-10-22 14:00,0.006628
2025-10-22 14:15,0.074171
2025-10-22 14:30,0.001825
2025-10-22 14:45,0.018482
2025-10-22 15:00,0.000649
2025-10-22 15:15,0.011209
2025-10-22 15:30,0.153427
2025-10-22 15:45,0.201486
2025-10-22 16:00,0.272769
2025-10-22 16:15,0.367087
2025-10-22 16:30,0.438501
2025-10-22 16:45,0.393273
2025-10-22 17:00,0.365742
2025-10-22 17:15,0.000659
2025-10-22 17:30,0.010937
2025-10-22 17:45,0.01621
2025-10-22 18:00,0.0
2025-10-22 18:15,0.020057
2025-10-22 18:30,0.007964
2025-10-22 18:45,0.008486
2025-10-22 19:00,0.321995
2025-10-22 19:15,0.396265
2025-10-22 19:30,0.671584
2025-10-22 19:45,0.532462
2025-10-22 20:00,0.56378
2025-10-22 20:15,0.001769
2025-10-22 20:30,0.002338
2025-10-22 20:45,0.017019
2025-10-22 21:00,0.0046
2025-10-22 21:15,0.010123
2025-10-22 21:30,0.0
2025-10-22 21:45,0.003801
2025-10-22 22:00,0.006548
2025-10-22 22:15,0.016332
2025-10-22 22:30,0.017748
2025-10-22 22:45,0.015485
2025-10-22 23:00,0.033492
2025-10-22 23:15,0.013839
2025-10-22 23:30,0.0
2025-10-22 23:45,0.000273
2025-10-23 00:00,0.013867
2025-10-23 00:15,0.01088
2025-10-23 00:30,0.001167
2025-10-23 00:45,0.0
2025-10-23 01:00,0.462082
2025-10-23 01:15,0.000329
2025-10-23 01:30,0.105584
2025-10-23 01:45,0.007056
2025-10-23 02:00,0.006783
2025-10-23 02:15,0.002027
2025-10-23 02:30,0.006783
2025-10-23 02:45,0.014582
2025-10-23 03:00,0.000856
2025-10-23 03:15,0.018453
2025-10-23 03:30,0.000348
2025-10-23 03:45,0.0
2025-10-23 04:00,0.000456
2025-10-23 04:15,0.013566
2025-10-23 04:30,0.004229
2025-10-23 04:45,0.0
2025-10-23 05:00,0.006548
2025-10-23 05:15,0.028609
2025-10-23 05:30,0.0
2025-10-23 05:45,0.032485
2025-10-23 06:00,0.0
2025-10-23 06:15,0.014648
2025-10-23 06:30,0.0
2025-10-23 06:45,0.013528
2025-10-23 07:00,0.018477
2025-10-23 07:15,0.014554
2025-10-23 07:30,0.0
2025-10-23 07:45,0.001543
2025-10-23 08:00,0.0
2025-10-23 08:15,0.013867
2025-10-23 08:30,0.01429
2025-10-23 08:45,0.0
2025-10-23 09:00,0.000329
2025-10-23 09:15,0.0
2025-10-23 09:30,0.005193
2025-10-23 09:45,0.000301
2025-10-23 10:00,0.009718
2025-10-23 10:15,0.0
2025-10-23 10:30,0.006783
2025-10-23 10:45,0.000348
2025-10-23 11:00,0.007611
2025-10-23 11:15,0.000273
2025-10-23 11:30,0.014051
2025-10-23 11:45,0.001914
2025-10-23 12:00,0.000273
2025-10-23 12:15,0.029409
2025-10-23 12:30,0.000818
2025-10-23 12:45,0.007056
2025-10-23 13:00,0.0
2025-10-23 13:15,0.0
2025-10-23 13:30,0.019794
2025-10-23 13:45,0.001007
2025-10-23 14:00,0.000329
2025-10-23 14:15,0.068634
2025-10-23 14:30,0.016642
2025-10-23 14:45,0.031488
2025-10-23 15:00,0.005612
2025-10-23 15:15,0.0
2025-10-23 15:30,0.187318
2025-10-23 15:45,0.113477
2025-10-23 16:00,0.510918
2025-10-23 16:15,0.359236
2025-10-23 16:30,0.590381
2025-10-23 16:45,0.661212
2025-10-23 17:00,0.446775
2025-10-23 17:15,0.00914
2025-10-23 17:30,0.117889
2025-10-23 17:45,0.001947
2025-10-23 18:00,0.000273
2025-10-23 18:15,0.012465
2025-10-23 18:30,0.00556
2025-10-23 18:45,0.009398
2025-10-23 19:00,0.286834
2025-10-23 19:15,0.515245
2025-10-23 19:30,0.729253
2025-10-23 19:45,0.658488
2025-10-23 20:00,0.885902
2025-10-23 20:15,0.0
2025-10-23 20:30,0.013566
2025-10-23 20:45,0.000602
2025-10-23 21:00,0.000329
2025-10-23 21:15,0.075347
2025-10-23 21:30,0.000301
2025-10-23 21:45,0.007442
2025-10-23 22:00,0.0
2025-10-23 22:15,0.006783
2025-10-23 22:30,0.047246
2025-10-23 22:45,0.021064
2025-10-23 23:00,0.0
2025-10-23 23:15,0.028562
2025-10-23 23:30,0.000546
2025-10-23 23:45,0.000273
2025-10-24 00:00,0.0
2025-10-24 00:15,0.0
2025-10-24 00:30,0.013566
2025-10-24 00:45,0.006783
2025-10-24 01:00,0.000301
2025-10-24 01:15,0.029286
2025-10-24 01:30,0.027057
2025-10-24 01:45,0.000659
2025-10-24 02:00,0.000348
2025-10-24 02:15,0.114897
2025-10-24 02:30,0.013604
2025-10-24 02:45,0.037038
2025-10-24 03:00,0.007131
2025-10-24 03:15,0.025589
2025-10-24 03:30,0.000724
2025-10-24 03:45,0.0
2025-10-24 04:00,0.0
2025-10-24 04:15,0.002465
2025-10-24 04:30,0.001374
2025-10-24 04:45,0.001924
2025-10-24 05:00,0.000546
2025-10-24 05:15,0.068112
2025-10-24 05:30,0.000456
2025-10-24 05:45,0.013143
2025-10-24 06:00,0.0
2025-10-24 06:15,0.002211
2025-10-24 06:30,0.0
2025-10-24 06:45,0.000677
2025-10-24 07:00,0.007112
2025-10-24 07:15,0.000348
2025-10-24 07:30,0.0
2025-10-24 07:45,0.0
2025-10-24 08:00,0.014573
2025-10-24 08:15,0.0
2025-10-24 08:30,0.002714
2025-10-24 08:45,0.002883
2025-10-24 09:00,0.0
2025-10-24 09:15,0.000564
2025-10-24 09:30,0.001914
2025-10-24 09:45,0.010254
2025-10-24 10:00,0.013989
2025-10-24 10:15,0.000687
2025-10-24 10:30,0.05139
2025-10-24 10:45,0.040698
2025-10-24 11:00,0.001618
2025-10-24 11:15,0.013566
2025-10-24 11:30,0.000602
2025-10-24 11:45,0.020349
2025-10-24 12:00,0.033915
2025-10-24 12:15,0.00802
2025-10-24 12:30,0.000602
2025-10-24 12:45,0.020895
2025-10-24 13:00,0.000348
2025-10-24 13:15,0.006501
2025-10-24 13:30,0.007719
2025-10-24 13:45,0.001411
2025-10-24 14:00,0.000329
2025-10-24 14:15,0.095244
2025-10-24 14:30,0.007442
2025-10-24 14:45,0.059448
2025-10-24 15:00,0.006999
2025-10-24 15:15,0.012084
2025-10-24 15:30,0.100005
2025-10-24 15:45,0.306618
2025-10-24 16:00,0.358549
2025-10-24 16:15,0.45305
2025-10-24 16:30,0.670714
2025-10-24 16:45,0.63416
2025-10-24 17:00,0.712409
2025-10-24 17:15,0.018604
2025-10-24 17:30,0.000884
2025-10-24 17:45,0.000301
2025-10-24 18:00,0.000936
2025-10-24 18:15,0.000348
2025-10-24 18:30,0.003537
2025-10-24 18:45,0.012169
2025-10-24 19:00,0.258291
2025-10-24 19:15,0.404074
2025-10-24 19:30,1.0
2025-10-24 19:45,0.803979
2025-10-24 20:00,0.601919
2025-10-24 20:15,0.012202
2025-10-24 20:30,0.000348
2025-10-24 20:45,0.007084
2025-10-24 21:00,0.046004
2025-10-24 21:15,0.0
2025-10-24 21:30,0.0
2025-10-24 21:45,0.005861
2025-10-24 22:00,0.000804
2025-10-24 22:15,0.0
2025-10-24 22:30,0.006299
2025-10-24 22:45,0.020199
2025-10-24 23:00,0.003142
2025-10-24 23:15,0.003072
2025-10-24 23:30,0.01486
2025-10-24 23:45,0.007959
2025-10-25 00:00,0.006783
2025-10-25 00:15,0.0
2025-10-25 00:30,0.0
2025-10-25 00:45,0.007601
2025-10-25 01:00,0.0
2025-10-25 01:15,0.027405
2025-10-25 01:30,0.018834
2025-10-25 01:45,0.0
2025-10-25 02:00,0.0
2025-10-25 02:15,0.001689
2025-10-25 02:30,0.000301
2025-10-25 02:45,0.0
2025-10-25 03:00,0.0
2025-10-25 03:15,0.035674
2025-10-25 03:30,0.005917
2025-10-25 03:45,0.000437
2025-10-25 04:00,0.0
2025-10-25 04:15,0.000273
2025-10-25 04:30,0.001689
2025-10-25 04:45,0.002041
2025-10-25 05:00,0.001458
2025-10-25 05:15,0.010283
2025-10-25 05:30,0.000329
2025-10-25 05:45,0.0
2025-10-25 06:00,0.0
2025-10-25 06:15,0.0
2025-10-25 06:30,0.000659
2025-10-25 06:45,0.003396
2025-10-25 07:00,0.001025
2025-10-25 07:15,0.001341
2025-10-25 07:30,0.0
2025-10-25 07:45,0.0
2025-10-25 08:00,0.000301
2025-10-25 08:15,0.0
2025-10-25 08:30,0.014225
2025-10-25 08:45,0.00779
2025-10-25 09:00,0.001783
2025-10-25 09:15,0.000884
2025-10-25 09:30,0.000908
2025-10-25 09:45,0.00302
2025-10-25 10:00,0.007141
2025-10-25 10:15,0.0
2025-10-25 10:30,0.0
2025-10-25 10:45,0.0
2025-10-25 11:00,0.008411
2025-10-25 11:15,0.004516
2025-10-25 11:30,0.0
2025-10-25 11:45,0.0
2025-10-25 12:00,0.002385
2025-10-25 12:15,0.000734
2025-10-25 12:30,0.0
2025-10-25 12:45,0.0
2025-10-25 13:00,0.006609
2025-10-25 13:15,0.0
2025-10-25 13:30,0.000348
2025-10-25 13:45,0.000348
2025-10-25 14:00,0.000621
2025-10-25 14:15,0.0
2025-10-25 14:30,0.0
2025-10-25 14:45,0.0
2025-10-25 15:00,0.000804
2025-10-25 15:15,0.006783
2025-10-25 15:30,0.235637
2025-10-25 15:45,0.275422
2025-10-25 16:00,0.201063
2025-10-25 16:15,0.377459
2025-10-25 16:30,0.818091
2025-10-25 16:45,0.679929
2025-10-25 17:00,0.340778
2025-10-25 17:15,0.000437
2025-10-25 17:30,0.02065
2025-10-25 17:45,0.000856
2025-10-25 18:00,0.008157
2025-10-25 18:15,0.005536
2025-10-25 18:30,0.0
2025-10-25 18:45,0.0
2025-10-25 19:00,0.338125
2025-10-25 19:15,0.224291
2025-10-25 19:30,0.700814
2025-10-25 19:45,0.494266
2025-10-25 20:00,0.668583
2025-10-25 20:15,0.0
2025-10-25 20:30,0.0
2025-10-25 20:45,0.013528
2025-10-25 21:00,0.006764
2025-10-25 21:15,0.00087
2025-10-25 21:30,0.008175
2025-10-25 21:45,0.000329
2025-10-25 22:00,0.000739
2025-10-25 22:15,0.007357
2025-10-25 22:30,0.007141
2025-10-25 22:45,0.0
2025-10-25 23:00,0.005325
2025-10-25 23:15,0.0
2025-10-25 23:30,0.006783
2025-10-25 23:45,0.000273
2025-10-26 00:00,0.0
2025-10-26 00:15,0.0
2025-10-26 00:30,0.001985
2025-10-26 00:45,0.001722
2025-10-26 01:00,0.0
2025-10-26 01:15,0.028581
2025-10-26 01:30,0.027057
2025-10-26 01:45,0.000649
2025-10-26 02:00,0.00056
2025-10-26 02:15,0.028562
2025-10-26 02:30,0.000931
2025-10-26 02:45,0.007489
2025-10-26 03:00,0.0
2025-10-26 03:15,0.014883
2025-10-26 03:30,0.034414
2025-10-26 03:45,0.007202
2025-10-26 04:00,0.003269
2025-10-26 04:15,0.000884
2025-10-26 04:30,0.009238
2025-10-26 04:45,0.010984
2025-10-26 05:00,0.000696
2025-10-26 05:15,0.054734
2025-10-26 05:30,0.0
2025-10-26 05:45,0.021944
2025-10-26 06:00,0.00715
2025-10-26 06:15,0.000724
2025-10-26 06:30,0.000329
2025-10-26 06:45,0.027405
2025-10-26 07:00,0.006783
2025-10-26 07:15,0.000437
2025-10-26 07:30,0.0
2025-10-26 07:45,0.007037
2025-10-26 08:00,0.009074
2025-10-26 08:15,0.007141
2025-10-26 08:30,0.0
2025-10-26 08:45,0.0
2025-10-26 09:00,0.0
2025-10-26 09:15,0.000569
2025-10-26 09:30,0.001152
2025-10-26 09:45,0.0
2025-10-26 10:00,0.000833
2025-10-26 10:15,0.0
2025-10-26 10:30,0.000433
2025-10-26 10:45,0.0
2025-10-26 11:00,0.016398
2025-10-26 11:15,0.0
2025-10-26 11:30,0.006783
2025-10-26 11:45,0.000273
2025-10-26 12:00,0.000786
2025-10-26 12:15,0.0
2025-10-26 12:30,0.000428
2025-10-26 12:45,0.003683
2025-10-26 13:00,0.000804
2025-10-26 13:15,0.0
2025-10-26 13:30,0.0
2025-10-26 13:45,0.0
2025-10-26 14:00,0.0
2025-10-26 14:15,0.041818
2025-10-26 14:30,0.0
2025-10-26 14:45,0.0
2025-10-26 15:00,0.0
2025-10-26 15:15,0.001726
2025-10-26 15:30,0.093796
2025-10-26 15:45,0.233623
2025-10-26 16:00,0.361042
2025-10-26 16:15,0.527061
2025-10-26 16:30,0.507023
2025-10-26 16:45,0.745802
2025-10-26 17:00,0.462835
2025-10-26 17:15,0.001463
2025-10-26 17:30,0.0
2025-10-26 17:45,0.0
2025-10-26 18:00,0.0
2025-10-26 18:15,0.027132
2025-10-26 18:30,0.002714
2025-10-26 18:45,0.002338
2025-10-26 19:00,0.301369
2025-10-26 19:15,0.257293
2025-10-26 19:30,0.801007
2025-10-26 19:45,0.576283
2025-10-26 20:00,0.65496
2025-10-26 20:15,0.0
2025-10-26 20:30,0.001726
2025-10-26 20:45,0.013914
2025-10-26 21:00,0.000494
2025-10-26 21:15,0.003062
2025-10-26 21:30,0.006219
2025-10-26 21:45,0.0
2025-10-26 22:00,0.007404
2025-10-26 22:15,0.001049
2025-10-26 22:30,0.000423
2025-10-26 22:45,0.006736
2025-10-26 23:00,0.006783
2025-10-26 23:15,0.063907
2025-10-26 23:30,0.000743
2025-10-26 23:45,0.000273
2025-10-27 00:00,0.0
2025-10-27 00:15,0.013566
2025-10-27 00:30,0.0
2025-10-27 00:45,0.0
2025-10-27 01:00,0.0
2025-10-27 01:15,0.088631
2025-10-27 01:30,0.054114
2025-10-27 01:45,0.003975
2025-10-27 02:00,0.006548
2025-10-27 02:15,0.02177
2025-10-27 02:30,0.0
2025-10-27 02:45,0.013839
2025-10-27 03:00,0.014022
2025-10-27 03:15,0.000348
2025-10-27 03:30,0.021478
2025-10-27 03:45,0.000866
2025-10-27 04:00,0.006783
2025-10-27 04:15,0.006783
2025-10-27 04:30,0.0
2025-10-27 04:45,0.006783
2025-10-27 05:00,0.000348
2025-10-27 05:15,0.007112
2025-10-27 05:30,0.013566
2025-10-27 05:45,0.027146
2025-10-27 06:00,0.061047
2025-10-27 06:15,0.048798
2025-10-27 06:30,0.0
2025-10-27 06:45,0.006783
2025-10-27 07:00,0.000997
2025-10-27 07:15,0.000574
2025-10-27 07:30,0.0
2025-10-27 07:45,0.000494
2025-10-27 08:00,0.021299
2025-10-27 08:15,0.0
2025-10-27 08:30,0.0
2025-10-27 08:45,0.018115
2025-10-27 09:00,0.0
2025-10-27 09:15,0.000273
2025-10-27 09:30,0.002263
2025-10-27 09:45,0.000301
2025-10-27 10:00,0.006783
2025-10-27 10:15,0.000602
2025-10-27 10:30,0.013839
2025-10-27 10:45,0.042166
2025-10-27 11:00,0.006576
2025-10-27 11:15,0.003373
2025-10-27 11:30,0.074575
2025-10-27 11:45,0.020584
2025-10-27 12:00,0.010358
2025-10-27 12:15,0.037927
2025-10-27 12:30,0.062665
2025-10-27 12:45,0.012992
2025-10-27 13:00,0.0
2025-10-27 13:15,0.014864
2025-10-27 13:30,0.079148
2025-10-27 13:45,0.02399
2025-10-27 14:00,0.011684
2025-10-27 14:15,0.021403
2025-10-27 14:30,0.011934
2025-10-27 14:45,0.03955
2025-10-27 15:00,0.0
2025-10-27 15:15,0.028148
2025-10-27 15:30,0.173418
2025-10-27 15:45,0.259401
2025-10-27 16:00,0.352453
2025-10-27 16:15,0.491411
2025-10-27 16:30,0.410833
2025-10-27 16:45,0.68817
2025-10-27 17:00,0.437603
2025-10-27 17:15,0.007131
2025-10-27 17:30,0.104516
2025-10-27 17:45,0.053709
2025-10-27 18:00,0.002037
2025-10-27 18:15,0.0
2025-10-27 18:30,0.013016
2025-10-27 18:45,0.006783
2025-10-27 19:00,0.543083
2025-10-27 19:15,0.242072
2025-10-27 19:30,0.726939
2025-10-27 19:45,0.757402
2025-10-27 20:00,0.957213
2025-10-27 20:15,0.022743
2025-10-27 20:30,0.0
2025-10-27 20:45,0.007065
2025-10-27 21:00,0.020678
2025-10-27 21:15,0.007112
2025-10-27 21:30,0.000649
2025-10-27 21:45,0.0
2025-10-27 22:00,0.0
2025-10-27 22:15,0.000301
2025-10-27 22:30,0.0
2025-10-27 22:45,0.002408
2025-10-27 23:00,0.0
2025-10-27 23:15,0.001533
2025-10-27 23:30,0.000997
2025-10-27 23:45,0.0
2025-10-28 00:00,0.006783
2025-10-28 00:15,0.020349
2025-10-28 00:30,0.0
2025-10-28 00:45,0.0
2025-10-28 01:00,0.0
2025-10-28 01:15,0.009873
2025-10-28 01:30,0.033877
2025-10-28 01:45,0.006783
2025-10-28 02:00,0.013867
2025-10-28 02:15,0.014281
2025-10-28 02:30,0.000273
2025-10-28 02:45,0.081462
2025-10-28 03:00,0.013331
2025-10-28 03:15,0.007601
2025-10-28 03:30,0.00111
2025-10-28 03:45,0.006783
2025-10-28 04:00,0.028543
2025-10-28 04:15,0.000781
2025-10-28 04:30,0.0
2025-10-28 04:45,0.004229
2025-10-28 05:00,0.0
2025-10-28 05:15,0.00746
2025-10-28 05:30,0.0
2025-10-28 05:45,0.06021
2025-10-28 06:00,0.000659
2025-10-28 06:15,0.0
2025-10-28 06:30,0.0
2025-10-28 06:45,0.027076
2025-10-28 07:00,0.065492
2025-10-28 07:15,0.000301
2025-10-28 07:30,0.0
2025-10-28 07:45,0.0
2025-10-28 08:00,0.0
2025-10-28 08:15,0.0
2025-10-28 08:30,0.013528
2025-10-28 08:45,0.0
2025-10-28 09:00,0.0
2025-10-28 09:15,0.014008
2025-10-28 09:30,0.013566
2025-10-28 09:45,0.0
2025-10-28 10:00,0.0
2025-10-28 10:15,0.0
2025-10-28 10:30,0.006764
2025-10-28 10:45,0.014281
2025-10-28 11:00,0.000273
2025-10-28 11:15,0.007112
2025-10-28 11:30,0.0
2025-10-28 11:45,0.007432
2025-10-28 12:00,0.013566
2025-10-28 12:15,0.007079
2025-10-28 12:30,0.013547
2025-10-28 12:45,0.005917
2025-10-28 13:00,0.003763
2025-10-28 13:15,0.007084
2025-10-28 13:30,0.042086
2025-10-28 13:45,0.009182
2025-10-28 14:00,0.007225
2025-10-28 14:15,0.107517
2025-10-28 14:30,0.013406
2025-10-28 14:45,0.008509
2025-10-28 15:00,0.0
2025-10-28 15:15,0.00715
2025-10-28 15:30,0.281434
2025-10-28 15:45,0.101162
2025-10-28 16:00,0.253112
2025-10-28 16:15,0.378277
2025-10-28 16:30,0.573084
2025-10-28 16:45,0.585728
2025-10-28 17:00,0.431939
2025-10-28 17:15,0.015448
2025-10-28 17:30,0.029413
2025-10-28 17:45,0.001411
2025-10-28 18:00,0.020542
2025-10-28 18:15,0.007489
2025-10-28 18:30,0.008509
2025-10-28 18:45,0.007479
2025-10-28 19:00,0.194064
2025-10-28 19:15,0.489383
2025-10-28 19:30,0.788852
2025-10-28 19:45,0.570699
2025-10-28 20:00,0.816473
2025-10-28 20:15,0.013566
2025-10-28 20:30,0.032203
2025-10-28 20:45,0.014229
2025-10-28 21:00,0.02033
2025-10-28 21:15,0.006929
2025-10-28 21:30,0.020349
2025-10-28 21:45,0.0
2025-10-28 22:00,0.013566
2025-10-28 22:15,0.0
2025-10-28 22:30,0.007056
2025-10-28 22:45,0.064345
2025-10-28 23:00,0.175521
2025-10-28 23:15,0.006783
2025-10-28 23:30,0.0
2025-10-28 23:45,0.0
2025-10-29 00:00,0.014573
2025-10-29 00:00,0.003952
2025-10-29 00:15,0.0
2025-10-29 00:30,0.005476
2025-10-29 00:45,0.000156
2025-10-29 01:00,0.003679
2025-10-29 01:15,0.003848
2025-10-29 01:30,0.0
2025-10-29 01:45,0.0
2025-10-29 02:00,0.0
2025-10-29 02:15,7.4e-05
2025-10-29 02:30,0.006359
2025-10-29 02:45,0.00184
2025-10-29 03:00,0.003126
2025-10-29 03:15,0.002091
2025-10-29 03:30,0.00184
2025-10-29 03:45,0.00184
2025-10-29 04:00,0.0
2025-10-29 04:15,0.0
2025-10-29 04:30,0.000549
2025-10-29 04:45,0.0
2025-10-29 05:00,0.0
2025-10-29 05:15,0.003858
2025-10-29 05:30,0.002197
2025-10-29 05:45,0.0
2025-10-29 06:00,0.0
2025-10-29 06:15,0.0
2025-10-29 06:30,0.022255
2025-10-29 06:45,0.012011
2025-10-29 07:00,0.000176
2025-10-29 07:15,0.003955
2025-10-29 07:30,0.0
2025-10-29 07:45,0.0
2025-10-29 08:00,0.004037
2025-10-29 08:15,0.0
2025-10-29 08:30,0.0
2025-10-29 08:45,0.000102
2025-10-29 09:00,0.0
2025-10-29 09:15,0.0
2025-10-29 09:30,0.0
2025-10-29 09:45,0.001835
2025-10-29 10:00,0.0
2025-10-29 10:15,0.0
2025-10-29 10:30,0.00184
2025-10-29 10:45,0.0
2025-10-29 11:00,0.003679
2025-10-29 11:15,0.014896
2025-10-29 11:30,0.047329
2025-10-29 11:45,0.006389
2025-10-29 12:00,0.000621
2025-10-29 12:15,0.000209
2025-10-29 12:30,0.0
2025-10-29 12:45,0.013572
2025-10-29 13:00,7.4e-05
2025-10-29 13:15,0.004731
2025-10-29 13:30,0.002513
2025-10-29 13:45,0.003674
2025-10-29 14:00,0.0
2025-10-29 14:15,0.033028
2025-10-29 14:30,0.000671
2025-10-29 14:45,0.014677
2025-10-29 15:00,0.001939
2025-10-29 15:15,0.000987
2025-10-29 15:30,0.040221
2025-10-29 15:45,0.040892
2025-10-29 16:00,0.07908
2025-10-29 16:15,0.062137
2025-10-29 16:30,0.118587
2025-10-29 16:45,0.155073
2025-10-29 17:00,0.129282
2025-10-29 17:15,0.0
2025-10-29 17:30,0.001132
2025-10-29 17:45,0.007936
2025-10-29 18:00,0.001807
2025-10-29 18:15,0.086632
2025-10-29 18:30,0.003445
2025-10-29 18:45,0.005027
2025-10-29 19:00,0.072923
2025-10-29 19:15,0.111407
2025-10-29 19:30,0.193111
2025-10-29 19:45,0.125649
2025-10-29 20:00,0.249772
2025-10-29 20:15,0.004211
2025-10-29 20:30,0.002168
2025-10-29 20:45,0.003526
2025-10-29 21:00,0.01487
2025-10-29 21:15,0.0
2025-10-29 21:30,0.001929
2025-10-29 21:45,0.00184
2025-10-29 22:00,0.003797
2025-10-29 22:15,8.2e-05
2025-10-29 22:30,0.004394
2025-10-29 22:45,0.004282
2025-10-29 23:00,0.016147
2025-10-29 23:15,0.145765
2025-10-29 23:30,0.0
2025-10-29 23:45,0.0
2025-10-30 00:00,0.000273
2025-10-30 00:15,0.001921
2025-10-30 00:30,0.003679
2025-10-30 00:45,0.0
2025-10-30 01:00,0.00172
2025-10-30 01:15,0.050137
2025-10-30 01:30,0.0
2025-10-30 01:45,0.002003
2025-10-30 02:00,0.00184
2025-10-30 02:15,0.000714
2025-10-30 02:30,0.0
2025-10-30 02:45,0.000314
2025-10-30 03:00,8.9e-05
2025-10-30 03:15,0.0
2025-10-30 03:30,0.001937
2025-10-30 03:45,0.003679
2025-10-30 04:00,0.005608
2025-10-30 04:15,0.0
2025-10-30 04:30,0.003031
2025-10-30 04:45,0.0
2025-10-30 05:00,0.0
2025-10-30 05:15,0.005853
2025-10-30 05:30,0.0
2025-10-30 05:45,9.4e-05
2025-10-30 06:00,7.4e-05
2025-10-30 06:15,0.0
2025-10-30 06:30,0.003769
2025-10-30 06:45,0.009293
2025-10-30 07:00,0.017175
2025-10-30 07:15,0.015067
2025-10-30 07:30,0.00184
2025-10-30 07:45,8.9e-05
2025-10-30 08:00,0.004079
2025-10-30 08:15,0.0
2025-10-30 08:30,0.0
2025-10-30 08:45,0.000253
2025-10-30 09:00,0.0
2025-10-30 09:15,0.0
2025-10-30 09:30,0.0
2025-10-30 09:45,0.0
2025-10-30 10:00,0.00184
2025-10-30 10:15,0.0
2025-10-30 10:30,0.000554
2025-10-30 10:45,0.002899
2025-10-30 11:00,0.002308
2025-10-30 11:15,0.003674
2025-10-30 11:30,0.000467
2025-10-30 11:45,0.000199
2025-10-30 12:00,0.001079
2025-10-30 12:15,0.01089
2025-10-30 12:30,0.004935
2025-10-30 12:45,0.005519
2025-10-30 13:00,0.004116
2025-10-30 13:15,0.009188
2025-10-30 13:30,0.000674
2025-10-30 13:45,0.002356
2025-10-30 14:00,0.003679
2025-10-30 14:15,0.00606
2025-10-30 14:30,0.003679
2025-10-30 14:45,0.000846
2025-10-30 15:00,0.002159
2025-10-30 15:15,0.004419
2025-10-30 15:30,0.08925
2025-10-30 15:45,0.069899
2025-10-30 16:00,0.116283
2025-10-30 16:15,0.084839
2025-10-30 16:30,0.141386
2025-10-30 16:45,0.226794
2025-10-30 17:00,0.110889
2025-10-30 17:15,0.003674
2025-10-30 17:30,0.001835
2025-10-30 17:45,0.003623
2025-10-30 18:00,0.028742
2025-10-30 18:15,0.000218
2025-10-30 18:30,0.000492
2025-10-30 18:45,0.000207
2025-10-30 19:00,0.106941
2025-10-30 19:15,0.099304
2025-10-30 19:30,0.286181
2025-10-30 19:45,0.263233
2025-10-30 20:00,0.203955
2025-10-30 20:15,0.000322
2025-10-30 20:30,0.003774
2025-10-30 20:45,0.000558
2025-10-30 21:00,0.052897
2025-10-30 21:15,0.0
2025-10-30 21:30,0.0
2025-10-30 21:45,0.0
2025-10-30 22:00,0.003679
2025-10-30 22:15,0.0
2025-10-30 22:30,0.0
2025-10-30 22:45,0.002011
2025-10-30 23:00,0.002487
2025-10-30 23:15,7.4e-05
2025-10-30 23:30,0.014677
2025-10-30 23:45,0.001835
2025-10-31 00:00,0.005869
2025-10-31 00:15,0.001285
2025-10-31 00:30,0.00184
2025-10-31 00:45,8.2e-05
2025-10-31 01:00,7.4e-05
2025-10-31 01:15,9.4e-05
2025-10-31 01:30,7.4e-05
2025-10-31 01:45,0.0
2025-10-31 02:00,0.000117
2025-10-31 02:15,0.000163
2025-10-31 02:30,0.000748
2025-10-31 02:45,0.002018
2025-10-31 03:00,0.0
2025-10-31 03:15,0.0
2025-10-31 03:30,0.001937
2025-10-31 03:45,0.0
2025-10-31 04:00,8.2e-05
2025-10-31 04:15,0.001835
2025-10-31 04:30,0.001097
2025-10-31 04:45,0.000217
2025-10-31 05:00,0.0
2025-10-31 05:15,0.000448
2025-10-31 05:30,0.0
2025-10-31 05:45,0.000105
2025-10-31 06:00,0.000216
2025-10-31 06:15,8.2e-05
2025-10-31 06:30,0.000675
2025-10-31 06:45,0.016517
2025-10-31 07:00,0.002476
2025-10-31 07:15,0.002471
2025-10-31 07:30,0.000217
2025-10-31 07:45,0.0
2025-10-31 08:00,0.003276
2025-10-31 08:15,8.2e-05
2025-10-31 08:30,0.000156
2025-10-31 08:45,0.000575
2025-10-31 09:00,0.0
2025-10-31 09:15,0.0
2025-10-31 09:30,0.0
2025-10-31 09:45,0.0
2025-10-31 10:00,0.0
2025-10-31 10:15,0.0
2025-10-31 10:30,0.007448
2025-10-31 10:45,0.01703
2025-10-31 11:00,0.018397
2025-10-31 11:15,0.002539
2025-10-31 11:30,0.0
2025-10-31 11:45,0.004037
2025-10-31 12:00,0.00184
2025-10-31 12:15,0.0
2025-10-31 12:30,0.0
2025-10-31 12:45,0.003406
2025-10-31 13:00,0.0
2025-10-31 13:15,0.00482
2025-10-31 13:30,0.004955
2025-10-31 13:45,0.003327
2025-10-31 14:00,0.002535
2025-10-31 14:15,0.014575
2025-10-31 14:30,0.006889
2025-10-31 14:45,7.4e-05
2025-10-31 15:00,7.4e-05
2025-10-31 15:15,0.002221
2025-10-31 15:30,0.027785
2025-10-31 15:45,0.027305
2025-10-31 16:00,0.105275
2025-10-31 16:15,0.099532
2025-10-31 16:30,0.090517
2025-10-31 16:45,0.167362
2025-10-31 17:00,0.167649
2025-10-31 17:15,0.001253
2025-10-31 17:30,0.0
2025-10-31 17:45,0.0
2025-10-31 18:00,7.4e-05
2025-10-31 18:15,0.012812
2025-10-31 18:30,9.4e-05
2025-10-31 18:45,0.001733
2025-10-31 19:00,0.092115
2025-10-31 19:15,0.080905
2025-10-31 19:30,0.169784
2025-10-31 19:45,0.246965
2025-10-31 20:00,0.230911
2025-10-31 20:15,0.003769
2025-10-31 20:30,0.000119
2025-10-31 20:45,0.010653
2025-10-31 21:00,0.010135
2025-10-31 21:15,0.0
2025-10-31 21:30,0.001921
2025-10-31 21:45,0.0
2025-10-31 22:00,0.00184
2025-10-31 22:15,0.00184
2025-10-31 22:30,0.0
2025-10-31 22:45,8.2e-05
2025-10-31 23:00,0.0
2025-10-31 23:15,7.4e-05
2025-10-31 23:30,0.0
2025-10-31 23:45,0.0
2025-11-01 00:00,0.000163
2025-11-01 00:15,0.0
2025-11-01 00:30,0.0
2025-11-01 00:45,0.001135
2025-11-01 01:00,0.0
2025-11-01 01:15,0.014677
2025-11-01 01:30,0.014629
2025-11-01 01:45,0.0
2025-11-01 02:00,0.0
2025-11-01 02:15,0.000227
2025-11-01 02:30,0.0
2025-11-01 02:45,0.000196
2025-11-01 03:00,8.9e-05
2025-11-01 03:15,0.0
2025-11-01 03:30,0.0
2025-11-01 03:45,0.000714
2025-11-01 04:00,0.000334
2025-11-01 04:15,8.9e-05
2025-11-01 04:30,0.0
2025-11-01 04:45,0.000434
2025-11-01 05:00,0.000258
2025-11-01 05:15,0.011301
2025-11-01 05:30,0.0
2025-11-01 05:45,0.000105
2025-11-01 06:00,0.0
2025-11-01 06:15,0.0
2025-11-01 06:30,9.4e-05
2025-11-01 06:45,0.029354
2025-11-01 07:00,0.000115
2025-11-01 07:15,0.0
2025-11-01 07:30,7.4e-05
2025-11-01 07:45,0.0
2025-11-01 08:00,0.001937
2025-11-01 08:15,0.000227
2025-11-01 08:30,0.0
2025-11-01 08:45,0.000157
2025-11-01 09:00,0.0
2025-11-01 09:15,0.0
2025-11-01 09:30,0.0
2025-11-01 09:45,0.0
2025-11-01 10:00,0.003679
2025-11-01 10:15,0.0
2025-11-01 10:30,0.0
2025-11-01 10:45,0.001937
2025-11-01 11:00,0.0
2025-11-01 11:15,0.0
2025-11-01 11:30,0.0
2025-11-01 11:45,0.0
2025-11-01 12:00,0.0
2025-11-01 12:15,0.0
2025-11-01 12:30,0.0
2025-11-01 12:45,0.00184
2025-11-01 13:00,0.0
2025-11-01 13:15,0.0
2025-11-01 13:30,0.0
2025-11-01 13:45,0.003042
2025-11-01 14:00,0.0
2025-11-01 14:15,0.00184
2025-11-01 14:30,0.0
2025-11-01 14:45,0.0
2025-11-01 15:00,0.0
2025-11-01 15:15,0.0
2025-11-01 15:30,0.029354
2025-11-01 15:45,0.038956
2025-11-01 16:00,0.069695
2025-11-01 16:15,0.08032
2025-11-01 16:30,0.176698
2025-11-01 16:45,0.160801
2025-11-01 17:00,0.101466
2025-11-01 17:15,0.0
2025-11-01 17:30,0.000796
2025-11-01 17:45,0.001835
2025-11-01 18:00,0.0
2025-11-01 18:15,0.0
2025-11-01 18:30,0.0
2025-11-01 18:45,0.0
2025-11-01 19:00,0.035116
2025-11-01 19:15,0.139209
2025-11-01 19:30,0.167956
2025-11-01 19:45,0.143252
2025-11-01 20:00,0.105673
2025-11-01 20:15,0.0
2025-11-01 20:30,0.00184
2025-11-01 20:45,0.003679
2025-11-01 21:00,0.0
2025-11-01 21:15,0.0
2025-11-01 21:30,0.001664
2025-11-01 21:45,0.00171
2025-11-01 22:00,0.0
2025-11-01 22:15,0.0
2025-11-01 22:30,0.0
2025-11-01 22:45,0.003526
2025-11-01 23:00,0.012164
2025-11-01 23:15,0.0
2025-11-01 23:30,0.0
2025-11-01 23:45,0.00159
2025-11-02 00:00,0.0
2025-11-02 00:15,0.005269
2025-11-02 00:30,9.4e-05
2025-11-02 00:45,0.0
2025-11-02 01:00,0.0
2025-11-02 01:15,0.002118
2025-11-02 01:30,0.011038
2025-11-02 01:45,0.003498
2025-11-02 02:00,9.4e-05
2025-11-02 02:15,0.003679
2025-11-02 02:30,0.000163
2025-11-02 02:45,0.002271
2025-11-02 03:00,0.002222
2025-11-02 03:15,0.006814
2025-11-02 03:30,0.0
2025-11-02 03:45,0.0
2025-11-02 04:00,0.000135
2025-11-02 04:15,0.000211
2025-11-02 04:30,0.0
2025-11-02 04:45,0.003429
2025-11-02 05:00,0.003519
2025-11-02 05:15,0.00159
2025-11-02 05:30,0.005869
2025-11-02 05:45,0.003677
2025-11-02 06:00,0.002117
2025-11-02 06:15,0.000383
2025-11-02 06:30,0.0
2025-11-02 06:45,0.000815
2025-11-02 07:00,0.0
2025-11-02 07:15,8.9e-05
2025-11-02 07:30,0.0
2025-11-02 07:45,0.0
2025-11-02 08:00,0.01372
2025-11-02 08:15,0.005713
2025-11-02 08:30,0.00544
2025-11-02 08:45,0.0
2025-11-02 09:00,0.011681
2025-11-02 09:15,0.000105
2025-11-02 09:30,0.008025
2025-11-02 09:45,0.00791
2025-11-02 10:00,0.008262
2025-11-02 10:15,0.009673
2025-11-02 10:30,0.002031
2025-11-02 10:45,0.004113
2025-11-02 11:00,0.000704
2025-11-02 11:15,0.003608
2025-11-02 11:30,0.000163
2025-11-02 11:45,0.005944
2025-11-02 12:00,0.0
2025-11-02 12:15,0.000268
2025-11-02 12:30,0.003195
2025-11-02 12:45,0.00159
2025-11-02 13:00,0.0
2025-11-02 13:15,0.0
2025-11-02 13:30,0.000121
2025-11-02 13:45,0.003202
2025-11-02 14:00,0.000168
2025-11-02 14:15,0.005504
2025-11-02 14:30,0.000558
2025-11-02 14:45,0.009484
2025-11-02 15:00,0.002066
2025-11-02 15:15,0.0
2025-11-02 15:30,0.060961
2025-11-02 15:45,0.04393
2025-11-02 16:00,0.096521
2025-11-02 16:15,0.118929
2025-11-02 16:30,0.200995
2025-11-02 16:45,0.162141
2025-11-02 17:00,0.046149
2025-11-02 17:15,0.0
2025-11-02 17:30,0.0
2025-11-02 17:45,0.0
2025-11-02 18:00,0.00184
2025-11-02 18:15,0.0
2025-11-02 18:30,0.000999
2025-11-02 18:45,0.0
2025-11-02 19:00,0.15171
2025-11-02 19:15,0.069808
2025-11-02 19:30,0.167992
2025-11-02 19:45,0.08541
2025-11-02 20:00,0.288087
2025-11-02 20:15,0.001934
2025-11-02 20:30,0.0
2025-11-02 20:45,0.005351
2025-11-02 21:00,0.000223
2025-11-02 21:15,0.001914
2025-11-02 21:30,0.0
2025-11-02 21:45,0.000884
2025-11-02 22:00,0.0
2025-11-02 22:15,0.000228
2025-11-02 22:30,0.0
2025-11-02 22:45,0.003873
2025-11-02 23:00,0.003154
2025-11-02 23:15,0.0
2025-11-02 23:30,0.0
2025-11-02 23:45,0.005519
2025-11-03 00:00,0.0
2025-11-03 00:15,0.0
2025-11-03 00:30,0.0
2025-11-03 00:45,0.0
2025-11-03 01:00,0.0
2025-11-03 01:15,0.004573
2025-11-03 01:30,0.0
2025-11-03 01:45,0.0
2025-11-03 02:00,0.0
2025-11-03 02:15,0.00605
2025-11-03 02:30,0.00184
2025-11-03 02:45,0.005519
2025-11-03 03:00,0.0
2025-11-03 03:15,0.0
2025-11-03 03:30,0.0
2025-11-03 03:45,0.00184
2025-11-03 04:00,0.0001
2025-11-03 04:15,0.0
2025-11-03 04:30,0.0
2025-11-03 04:45,0.000466
2025-11-03 05:00,0.0
2025-11-03 05:15,0.002363
2025-11-03 05:30,0.000334
2025-11-03 05:45,0.008972
2025-11-03 06:00,0.000103
2025-11-03 06:15,0.0
2025-11-03 06:30,0.0
2025-11-03 06:45,0.000714
2025-11-03 07:00,0.000671
2025-11-03 07:15,0.0
2025-11-03 07:30,0.0
2025-11-03 07:45,0.0
2025-11-03 08:00,0.017356
2025-11-03 08:15,0.002018
2025-11-03 08:30,0.0021
2025-11-03 08:45,0.0
2025-11-03 09:00,0.011888
2025-11-03 09:15,0.004194
2025-11-03 09:30,0.0
2025-11-03 09:45,0.0
2025-11-03 10:00,0.0
2025-11-03 10:15,0.0
2025-11-03 10:30,0.00184
2025-11-03 10:45,0.0
2025-11-03 11:00,0.00184
2025-11-03 11:15,0.003753
2025-11-03 11:30,0.002956
2025-11-03 11:45,0.012791
2025-11-03 12:00,0.007359
2025-11-03 12:15,0.000714
2025-11-03 12:30,8.2e-05
2025-11-03 12:45,0.000865
2025-11-03 13:00,0.0
2025-11-03 13:15,0.0
2025-11-03 13:30,9.4e-05
2025-11-03 13:45,0.0
2025-11-03 14:00,7.4e-05
2025-11-03 14:15,0.004402
2025-11-03 14:30,0.001497
2025-11-03 14:45,0.001934
2025-11-03 15:00,0.002011
2025-11-03 15:15,0.001835
2025-11-03 15:30,0.058384
2025-11-03 15:45,0.020777
2025-11-03 16:00,0.049229
2025-11-03 16:15,0.219241
2025-11-03 16:30,0.162909
2025-11-03 16:45,0.14179
2025-11-03 17:00,0.139768
2025-11-03 17:15,0.002432
2025-11-03 17:30,0.00104
2025-11-03 17:45,0.015067
2025-11-03 18:00,0.000411
2025-11-03 18:15,0.000745
2025-11-03 18:30,0.001505
2025-11-03 18:45,0.000124
2025-11-03 19:00,0.075906
2025-11-03 19:15,0.065099
2025-11-03 19:30,0.1663
2025-11-03 19:45,0.172221
2025-11-03 20:00,0.219726
2025-11-03 20:15,0.005994
2025-11-03 20:30,0.001971
2025-11-03 20:45,0.0
2025-11-03 21:00,7.4e-05
2025-11-03 21:15,0.0
2025-11-03 21:30,0.0
2025-11-03 21:45,8.2e-05
2025-11-03 22:00,0.0
2025-11-03 22:15,0.00184
2025-11-03 22:30,0.0
2025-11-03 22:45,0.003679
2025-11-03 23:00,0.000117
2025-11-03 23:15,0.0036
2025-11-03 23:30,0.00185
2025-11-03 23:45,0.00184
2025-11-04 00:00,0.0
2025-11-04 00:15,0.000667
2025-11-04 00:30,0.001934
2025-11-04 00:45,7.4e-05
2025-11-04 01:00,0.001605
2025-11-04 01:15,0.002166
2025-11-04 01:30,0.0
2025-11-04 01:45,0.0
2025-11-04 02:00,0.000105
2025-11-04 02:15,0.000189
2025-11-04 02:30,0.0
2025-11-04 02:45,0.001909
2025-11-04 03:00,0.003776
2025-11-04 03:15,0.0
2025-11-04 03:30,7.4e-05
2025-11-04 03:45,0.0
2025-11-04 04:00,0.0
2025-11-04 04:15,0.0
2025-11-04 04:30,0.000398
2025-11-04 04:45,0.0
2025-11-04 05:00,0.0
2025-11-04 05:15,0.015034
2025-11-04 05:30,0.00184
2025-11-04 05:45,0.000365
2025-11-04 06:00,0.016662
2025-11-04 06:15,0.00184
2025-11-04 06:30,0.0
2025-11-04 06:45,0.003525
2025-11-04 07:00,0.0
2025-11-04 07:15,0.00184
2025-11-04 07:30,0.0
2025-11-04 07:45,0.0
2025-11-04 08:00,0.00032
2025-11-04 08:15,0.003519
2025-11-04 08:30,0.000179
2025-11-04 08:45,0.00184
2025-11-04 09:00,0.003955
2025-11-04 09:15,0.004425
2025-11-04 09:30,0.0
2025-11-04 09:45,0.0
2025-11-04 10:00,0.0002
2025-11-04 10:15,0.0
2025-11-04 10:30,0.0
2025-11-04 10:45,0.0
2025-11-04 11:00,0.000184
2025-11-04 11:15,0.0
2025-11-04 11:30,0.0
2025-11-04 11:45,0.000184
2025-11-04 12:00,0.00184
2025-11-04 12:15,0.003679
2025-11-04 12:30,0.0
2025-11-04 12:45,0.0
2025-11-04 13:00,0.005157
2025-11-04 13:15,8.2e-05
2025-11-04 13:30,0.001995
2025-11-04 13:45,0.000311
2025-11-04 14:00,0.005269
2025-11-04 14:15,0.061889
2025-11-04 14:30,0.001878
2025-11-04 14:45,1.0
2025-11-04 15:00,0.015093
2025-11-04 15:15,0.004391
2025-11-04 15:30,0.014532
2025-11-04 15:45,0.053214
2025-11-04 16:00,0.091218
2025-11-04 16:15,0.151261
2025-11-04 16:30,0.211028
2025-11-04 16:45,0.144091
2025-11-04 17:00,0.108526
2025-11-04 17:15,0.0
2025-11-04 17:30,0.001725
2025-11-04 17:45,0.016836
2025-11-04 18:00,0.006849
2025-11-04 18:15,0.002652
2025-11-04 18:30,0.000795
2025-11-04 18:45,0.002728
2025-11-04 19:00,0.094265
2025-11-04 19:15,0.067066
2025-11-04 19:30,0.24623
2025-11-04 19:45,0.148027
2025-11-04 20:00,0.294367
2025-11-04 20:15,0.000163
2025-11-04 20:30,0.002493
2025-11-04 20:45,0.00545
2025-11-04 21:00,0.004211
2025-11-04 21:15,0.002484
2025-11-04 21:30,0.0
2025-11-04 21:45,0.001378
2025-11-04 22:00,0.000163
2025-11-04 22:15,0.0003
2025-11-04 22:30,0.000189
2025-11-04 22:45,0.016899
2025-11-04 23:00,0.047848
2025-11-04 23:15,0.00048
2025-11-04 23:30,0.002298
2025-11-04 23:45,0.003679
2025-11-05 00:00,0.03532
2025-11-05 00:00,0.100472
2025-11-05 00:15,0.0
2025-11-05 00:30,0.06038
2025-11-05 00:45,0.04477
2025-11-05 01:00,0.0
2025-11-05 01:15,0.018183
2025-11-05 01:30,0.000232
2025-11-05 01:45,0.004929
2025-11-05 02:00,0.005233
2025-11-05 02:15,0.023332
2025-11-05 02:30,0.055324
2025-11-05 02:45,0.005219
2025-11-05 03:00,0.154062
2025-11-05 03:15,0.0
2025-11-05 03:30,0.047231
2025-11-05 03:45,0.000298
2025-11-05 04:00,0.008674
2025-11-05 04:15,0.0
2025-11-05 04:30,0.000675
2025-11-05 04:45,0.0
2025-11-05 05:00,0.005233
2025-11-05 05:15,0.0157
2025-11-05 05:30,0.001009
2025-11-05 05:45,0.000559
2025-11-05 06:00,0.0
2025-11-05 06:15,0.002573
2025-11-05 06:30,0.000232
2025-11-05 06:45,0.0
2025-11-05 07:00,0.005248
2025-11-05 07:15,0.000853
2025-11-05 07:30,0.0
2025-11-05 07:45,0.0
2025-11-05 08:00,0.011076
2025-11-05 08:15,0.000254
2025-11-05 08:30,0.0
2025-11-05 08:45,0.0
2025-11-05 09:00,0.0
2025-11-05 09:15,0.0
2025-11-05 09:30,0.0
2025-11-05 09:45,0.0
2025-11-05 10:00,0.0
2025-11-05 10:15,0.018814
2025-11-05 10:30,0.000327
2025-11-05 10:45,0.051648
2025-11-05 11:00,0.000232
2025-11-05 11:15,0.003938
2025-11-05 11:30,0.0
2025-11-05 11:45,0.0
2025-11-05 12:00,0.001789
2025-11-05 12:15,0.00842
2025-11-05 12:30,0.004566
2025-11-05 12:45,0.0
2025-11-05 13:00,0.011254
2025-11-05 13:15,0.003593
2025-11-05 13:30,0.00511
2025-11-05 13:45,0.008217
2025-11-05 14:00,0.004776
2025-11-05 14:15,0.167272
2025-11-05 14:30,0.000929
2025-11-05 14:45,0.00021
2025-11-05 15:00,0.011272
2025-11-05 15:15,0.052552
2025-11-05 15:30,0.184014
2025-11-05 15:45,0.11827
2025-11-05 16:00,0.213465
2025-11-05 16:15,0.34533
2025-11-05 16:30,0.375275
2025-11-05 16:45,0.458752
2025-11-05 17:00,0.277667
2025-11-05 17:15,0.0
2025-11-05 17:30,0.0
2025-11-05 17:45,0.092669
2025-11-05 18:00,0.0
2025-11-05 18:15,0.002178
2025-11-05 18:30,0.005571
2025-11-05 18:45,0.019837
2025-11-05 19:00,0.073852
2025-11-05 19:15,0.2739
2025-11-05 19:30,0.459507
2025-11-05 19:45,0.330461
2025-11-05 20:00,0.42161
2025-11-05 20:15,0.014394
2025-11-05 20:30,0.013893
2025-11-05 20:45,0.014277
2025-11-05 21:00,0.008913
2025-11-05 21:15,0.006148
2025-11-05 21:30,0.020781
2025-11-05 21:45,0.006054
2025-11-05 22:00,0.015461
2025-11-05 22:15,0.00033
2025-11-05 22:30,0.005233
2025-11-05 22:45,0.0
2025-11-05 23:00,0.005233
2025-11-05 23:15,0.017126
2025-11-05 23:30,0.006554
2025-11-05 23:45,0.0
2025-11-06 00:00,0.051855
2025-11-06 00:15,0.0
2025-11-06 00:30,0.0
2025-11-06 00:45,0.0
2025-11-06 01:00,0.00021
2025-11-06 01:15,0.01594
2025-11-06 01:30,0.000254
2025-11-06 01:45,0.0
2025-11-06 02:00,0.149815
2025-11-06 02:15,0.005516
2025-11-06 02:30,0.054141
2025-11-06 02:45,0.177478
2025-11-06 03:00,0.016894
2025-11-06 03:15,0.004566
2025-11-06 03:30,0.005233
2025-11-06 03:45,0.016978
2025-11-06 04:00,0.009799
2025-11-06 04:15,0.007821
2025-11-06 04:30,0.005233
2025-11-06 04:45,0.001089
2025-11-06 05:00,0.000508
2025-11-06 05:15,0.005567
2025-11-06 05:30,0.0
2025-11-06 05:45,0.040444
2025-11-06 06:00,0.005516
2025-11-06 06:15,0.0
2025-11-06 06:30,0.0
2025-11-06 06:45,0.002243
2025-11-06 07:00,0.0
2025-11-06 07:15,0.0
2025-11-06 07:30,0.036844
2025-11-06 07:45,0.0
2025-11-06 08:00,0.027546
2025-11-06 08:15,0.005509
2025-11-06 08:30,0.0
2025-11-06 08:45,0.00074
2025-11-06 09:00,0.005509
2025-11-06 09:15,0.006181
2025-11-06 09:30,0.0
2025-11-06 09:45,0.000298
2025-11-06 10:00,0.0
2025-11-06 10:15,0.0
2025-11-06 10:30,0.005233
2025-11-06 10:45,0.0
2025-11-06 11:00,0.005756
2025-11-06 11:15,0.0
2025-11-06 11:30,0.01075
2025-11-06 11:45,0.000334
2025-11-06 12:00,0.010467
2025-11-06 12:15,0.005233
2025-11-06 12:30,0.000254
2025-11-06 12:45,0.000784
2025-11-06 13:00,0.012985
2025-11-06 13:15,0.005233
2025-11-06 13:30,0.006536
2025-11-06 13:45,0.000254
2025-11-06 14:00,0.001807
2025-11-06 14:15,0.007582
2025-11-06 14:30,0.004566
2025-11-06 14:45,0.007135
2025-11-06 15:00,0.000232
2025-11-06 15:15,0.005575
2025-11-06 15:30,0.186761
2025-11-06 15:45,0.127125
2025-11-06 16:00,0.324578
2025-11-06 16:15,0.256886
2025-11-06 16:30,0.169892
2025-11-06 16:45,0.391995
2025-11-06 17:00,0.222698
2025-11-06 17:15,0.001332
2025-11-06 17:30,0.042212
2025-11-06 17:45,0.037628
2025-11-06 18:00,0.005502
2025-11-06 18:15,0.010721
2025-11-06 18:30,0.011741
2025-11-06 18:45,0.004065
2025-11-06 19:00,0.313897
2025-11-06 19:15,0.264507
2025-11-06 19:30,0.544489
2025-11-06 19:45,0.32836
2025-11-06 20:00,0.57765
2025-11-06 20:15,0.00021
2025-11-06 20:30,0.000232
2025-11-06 20:45,0.047079
2025-11-06 21:00,0.010264
2025-11-06 21:15,0.000581
2025-11-06 21:30,0.000254
2025-11-06 21:45,0.001503
2025-11-06 22:00,0.019123
2025-11-06 22:15,0.009229
2025-11-06 22:30,0.031066
2025-11-06 22:45,0.005233
2025-11-06 23:00,0.044426
2025-11-06 23:15,0.000269
2025-11-06 23:30,0.015519
2025-11-06 23:45,0.008427
2025-11-07 00:00,0.044074
2025-11-07 00:15,0.014205
2025-11-07 00:30,0.015032
2025-11-07 00:45,0.000479
2025-11-07 01:00,0.000606
2025-11-07 01:15,0.02216
2025-11-07 01:30,0.020251
2025-11-07 01:45,0.025241
2025-11-07 02:00,0.000232
2025-11-07 02:15,0.006841
2025-11-07 02:30,0.010467
2025-11-07 02:45,0.0
2025-11-07 03:00,0.000501
2025-11-07 03:15,0.0157
2025-11-07 03:30,0.005233
2025-11-07 03:45,0.005233
2025-11-07 04:00,0.005444
2025-11-07 04:15,0.015671
2025-11-07 04:30,0.0
2025-11-07 04:45,0.000443
2025-11-07 05:00,0.0
2025-11-07 05:15,0.010438
2025-11-07 05:30,0.00057
2025-11-07 05:45,0.000501
2025-11-07 06:00,0.0
2025-11-07 06:15,0.0
2025-11-07 06:30,0.005233
2025-11-07 06:45,0.0
2025-11-07 07:00,0.0
2025-11-07 07:15,0.017043
2025-11-07 07:30,0.005161
2025-11-07 07:45,0.0
2025-11-07 08:00,0.001492
2025-11-07 08:15,0.005052
2025-11-07 08:30,0.000929
2025-11-07 08:45,0.0
2025-11-07 09:00,0.011947
2025-11-07 09:15,0.000232
2025-11-07 09:30,0.0
2025-11-07 09:45,0.0
2025-11-07 10:00,0.009973
2025-11-07 10:15,0.0
2025-11-07 10:30,0.0
2025-11-07 10:45,0.004529
2025-11-07 11:00,0.001303
2025-11-07 11:15,0.000853
2025-11-07 11:30,0.013708
2025-11-07 11:45,0.0
2025-11-07 12:00,0.005233
2025-11-07 12:15,0.021202
2025-11-07 12:30,0.002584
2025-11-07 12:45,0.000338
2025-11-07 13:00,0.009799
2025-11-07 13:15,0.004776
2025-11-07 13:30,0.000254
2025-11-07 13:45,0.01079
2025-11-07 14:00,0.00074
2025-11-07 14:15,0.027575
2025-11-07 14:30,0.010866
2025-11-07 14:45,0.0
2025-11-07 15:00,0.032917
2025-11-07 15:15,0.00511
2025-11-07 15:30,0.231514
2025-11-07 15:45,0.087124
2025-11-07 16:00,0.203877
2025-11-07 16:15,0.357884
2025-11-07 16:30,0.293356
2025-11-07 16:45,0.459028
2025-11-07 17:00,0.153768
2025-11-07 17:15,0.009755
2025-11-07 17:30,0.0
2025-11-07 17:45,0.005233
2025-11-07 18:00,0.010888
2025-11-07 18:15,0.0
2025-11-07 18:30,0.0157
2025-11-07 18:45,0.0
2025-11-07 19:00,0.227111
2025-11-07 19:15,0.245395
2025-11-07 19:30,0.689485
2025-11-07 19:45,0.519524
2025-11-07 20:00,0.497247
2025-11-07 20:15,0.039004
2025-11-07 20:30,0.000639
2025-11-07 20:45,0.003067
2025-11-07 21:00,0.006297
2025-11-07 21:15,0.004961
2025-11-07 21:30,0.00021
2025-11-07 21:45,0.010155
2025-11-07 22:00,0.006779
2025-11-07 22:15,0.000494
2025-11-07 22:30,0.0
2025-11-07 22:45,0.014865
2025-11-07 23:00,0.0
2025-11-07 23:15,0.0
2025-11-07 23:30,0.0
2025-11-07 23:45,0.0
2025-11-08 00:00,0.005233
2025-11-08 00:15,0.0
2025-11-08 00:30,0.0
2025-11-08 00:45,0.012499
2025-11-08 01:00,0.000254
2025-11-08 01:15,0.002413
2025-11-08 01:30,0.0
2025-11-08 01:45,0.005052
2025-11-08 02:00,0.0
2025-11-08 02:15,0.0
2025-11-08 02:30,0.00118
2025-11-08 02:45,0.0
2025-11-08 03:00,0.000686
2025-11-08 03:15,0.0
2025-11-08 03:30,0.0
2025-11-08 03:45,0.000501
2025-11-08 04:00,0.001535
2025-11-08 04:15,0.000269
2025-11-08 04:30,0.001103
2025-11-08 04:45,0.0
2025-11-08 05:00,0.003201
2025-11-08 05:15,0.010975
2025-11-08 05:30,0.003103
2025-11-08 05:45,0.01406
2025-11-08 06:00,0.0157
2025-11-08 06:15,0.0
2025-11-08 06:30,0.0
2025-11-08 06:45,0.005219
2025-11-08 07:00,0.0
2025-11-08 07:15,0.0
2025-11-08 07:30,0.010902
2025-11-08 07:45,0.0
2025-11-08 08:00,0.005509
2025-11-08 08:15,0.005284
2025-11-08 08:30,0.0
2025-11-08 08:45,0.000254
2025-11-08 09:00,0.00572
2025-11-08 09:15,0.0
2025-11-08 09:30,0.000356
2025-11-08 09:45,0.0
2025-11-08 10:00,0.00021
2025-11-08 10:15,0.0
2025-11-08 10:30,0.0
2025-11-08 10:45,0.0
2025-11-08 11:00,0.0
2025-11-08 11:15,0.000269
2025-11-08 11:30,0.0
2025-11-08 11:45,0.0
2025-11-08 12:00,0.0
2025-11-08 12:15,0.000682
2025-11-08 12:30,0.0
2025-11-08 12:45,0.000232
2025-11-08 13:00,0.000465
2025-11-08 13:15,0.001303
2025-11-08 13:30,0.006126
2025-11-08 13:45,0.0
2025-11-08 14:00,0.0
2025-11-08 14:15,0.015671
2025-11-08 14:30,0.000269
2025-11-08 14:45,0.0
2025-11-08 15:00,0.0
2025-11-08 15:15,0.003186
2025-11-08 15:30,0.282116
2025-11-08 15:45,0.096335
2025-11-08 16:00,0.387277
2025-11-08 16:15,0.429075
2025-11-08 16:30,0.287524
2025-11-08 16:45,0.466206
2025-11-08 17:00,0.274066
2025-11-08 17:15,0.000537
2025-11-08 17:30,0.005233
2025-11-08 17:45,0.0
2025-11-08 18:00,0.0
2025-11-08 18:15,0.0
2025-11-08 18:30,0.031698
2025-11-08 18:45,0.020934
2025-11-08 19:00,0.449555
2025-11-08 19:15,0.144604
2025-11-08 19:30,0.531547
2025-11-08 19:45,0.399087
2025-11-08 20:00,0.444536
2025-11-08 20:15,0.005219
2025-11-08 20:30,0.0
2025-11-08 20:45,0.010438
2025-11-08 21:00,0.005219
2025-11-08 21:15,0.0
2025-11-08 21:30,0.015686
2025-11-08 21:45,0.0
2025-11-08 22:00,0.001016
2025-11-08 22:15,0.0
2025-11-08 22:30,0.000254
2025-11-08 22:45,0.005233
2025-11-08 23:00,0.045177
2025-11-08 23:15,0.005233
2025-11-08 23:30,0.000853
2025-11-08 23:45,0.000334
2025-11-09 00:00,0.00556
2025-11-09 00:15,0.0
2025-11-09 00:30,0.0
2025-11-09 00:45,0.005233
2025-11-09 01:00,0.0
2025-11-09 01:15,0.007476
2025-11-09 01:30,0.000682
2025-11-09 01:45,0.001365
2025-11-09 02:00,0.005306
2025-11-09 02:15,0.0
2025-11-09 02:30,0.0
2025-11-09 02:45,0.0
2025-11-09 03:00,0.011526
2025-11-09 03:15,0.0
2025-11-09 03:30,0.001089
2025-11-09 03:45,0.0
2025-11-09 04:00,0.000465
2025-11-09 04:15,0.00049
2025-11-09 04:30,0.0
2025-11-09 04:45,0.0
2025-11-09 05:00,0.0
2025-11-09 05:15,0.015657
2025-11-09 05:30,0.0
2025-11-09 05:45,0.015802
2025-11-09 06:00,0.0
2025-11-09 06:15,0.00029
2025-11-09 06:30,0.0
2025-11-09 06:45,0.0
2025-11-09 07:00,0.003186
2025-11-09 07:15,0.000269
2025-11-09 07:30,0.005988
2025-11-09 07:45,0.0
2025-11-09 08:00,0.007077
2025-11-09 08:15,0.0
2025-11-09 08:30,0.0
2025-11-09 08:45,0.005444
2025-11-09 09:00,0.000232
2025-11-09 09:15,0.005233
2025-11-09 09:30,0.0
2025-11-09 09:45,0.005444
2025-11-09 10:00,0.0
2025-11-09 10:15,0.00021
2025-11-09 10:30,0.0
2025-11-09 10:45,0.0
2025-11-09 11:00,0.0
2025-11-09 11:15,0.0
2025-11-09 11:30,0.000327
2025-11-09 11:45,0.0
2025-11-09 12:00,0.0
2025-11-09 12:15,0.00021
2025-11-09 12:30,0.000269
2025-11-09 12:45,0.0
2025-11-09 13:00,0.005712
2025-11-09 13:15,0.0
2025-11-09 13:30,0.0
2025-11-09 13:45,0.0
2025-11-09 14:00,0.0
2025-11-09 14:15,0.0
2025-11-09 14:30,0.000232
2025-11-09 14:45,0.005233
2025-11-09 15:00,0.0
2025-11-09 15:15,0.0
2025-11-09 15:30,0.079259
2025-11-09 15:45,0.104566
2025-11-09 16:00,0.237386
2025-11-09 16:15,0.149286
2025-11-09 16:30,0.234842
2025-11-09 16:45,0.538849
2025-11-09 17:00,0.286366
2025-11-09 17:15,0.0
2025-11-09 17:30,0.010467
2025-11-09 17:45,0.010467
2025-11-09 18:00,0.0
2025-11-09 18:15,0.0
2025-11-09 18:30,0.015671
2025-11-09 18:45,0.01296
2025-11-09 19:00,0.301177
2025-11-09 19:15,0.332548
2025-11-09 19:30,0.369893
2025-11-09 19:45,0.550946
2025-11-09 20:00,0.569074
2025-11-09 20:15,0.044074
2025-11-09 20:30,0.004566
2025-11-09 20:45,0.058761
2025-11-09 21:00,0.01181
2025-11-09 21:15,0.021144
2025-11-09 21:30,0.005676
2025-11-09 21:45,0.0
2025-11-09 22:00,0.0
2025-11-09 22:15,0.0
2025-11-09 22:30,0.002729
2025-11-09 22:45,0.005233
2025-11-09 23:00,0.0
2025-11-09 23:15,0.0
2025-11-09 23:30,0.005233
2025-11-09 23:45,0.005233
2025-11-10 00:00,0.000406
2025-11-10 00:15,0.390424
2025-11-10 00:30,0.000232
2025-11-10 00:45,0.0
2025-11-10 01:00,0.0
2025-11-10 01:15,0.010009
2025-11-10 01:30,0.0
2025-11-10 01:45,0.0
2025-11-10 02:00,0.0
2025-11-10 02:15,0.0
2025-11-10 02:30,0.038568
2025-11-10 02:45,0.002729
2025-11-10 03:00,0.005233
2025-11-10 03:15,0.000254
2025-11-10 03:30,0.005233
2025-11-10 03:45,0.005821
2025-11-10 04:00,0.011026
2025-11-10 04:15,0.004929
2025-11-10 04:30,0.0
2025-11-10 04:45,0.007019
2025-11-10 05:00,0.005509
2025-11-10 05:15,0.010438
2025-11-10 05:30,0.002577
2025-11-10 05:45,0.006569
2025-11-10 06:00,0.0
2025-11-10 06:15,0.0
2025-11-10 06:30,0.000269
2025-11-10 06:45,0.005219
2025-11-10 07:00,0.0
2025-11-10 07:15,0.0
2025-11-10 07:30,0.0
2025-11-10 07:45,0.0
2025-11-10 08:00,0.011018
2025-11-10 08:15,0.0
2025-11-10 08:30,0.000254
2025-11-10 08:45,0.001898
2025-11-10 09:00,0.001016
2025-11-10 09:15,0.000283
2025-11-10 09:30,0.0
2025-11-10 09:45,0.0
2025-11-10 10:00,0.000232
2025-11-10 10:15,0.0
2025-11-10 10:30,0.0
2025-11-10 10:45,0.0
2025-11-10 11:00,0.000341
2025-11-10 11:15,0.034848
2025-11-10 11:30,0.0
2025-11-10 11:45,0.001343
2025-11-10 12:00,0.000269
2025-11-10 12:15,0.009342
2025-11-10 12:30,0.00021
2025-11-10 12:45,0.015954
2025-11-10 13:00,0.0
2025-11-10 13:15,0.0
2025-11-10 13:30,0.010452
2025-11-10 13:45,0.0
2025-11-10 14:00,0.0
2025-11-10 14:15,0.015257
2025-11-10 14:30,0.001357
2025-11-10 14:45,0.118618
2025-11-10 15:00,0.0
2025-11-10 15:15,0.0
2025-11-10 15:30,0.104849
2025-11-10 15:45,0.073826
2025-11-10 16:00,0.291269
2025-11-10 16:15,0.183872
2025-11-10 16:30,0.249068
2025-11-10 16:45,0.461009
2025-11-10 17:00,0.206337
2025-11-10 17:15,0.005081
2025-11-10 17:30,0.00519
2025-11-10 17:45,0.010899
2025-11-10 18:00,0.009984
2025-11-10 18:15,0.004791
2025-11-10 18:30,0.000232
2025-11-10 18:45,0.014328
2025-11-10 19:00,0.161527
2025-11-10 19:15,0.377398
2025-11-10 19:30,1.0
2025-11-10 19:45,0.55709
2025-11-10 20:00,0.559355
2025-11-10 20:15,0.000508
2025-11-10 20:30,0.039998
2025-11-10 20:45,0.016179
2025-11-10 21:00,0.00487
2025-11-10 21:15,0.005444
2025-11-10 21:30,0.000581
2025-11-10 21:45,0.004754
2025-11-10 22:00,0.010623
2025-11-10 22:15,0.005487
2025-11-10 22:30,0.0
2025-11-10 22:45,0.0
2025-11-10 23:00,0.000748
2025-11-10 23:15,0.073282
2025-11-10 23:30,0.0
2025-11-10 23:45,0.044074
2025-11-11 00:00,0.150193
2025-11-11 00:15,0.00021
2025-11-11 00:30,0.00021
2025-11-11 00:45,0.005219
2025-11-11 01:00,0.005466
2025-11-11 01:15,0.179989
2025-11-11 01:30,0.0
2025-11-11 01:45,0.0
2025-11-11 02:00,0.0
2025-11-11 02:15,0.000232
2025-11-11 02:30,0.000254
2025-11-11 02:45,0.0
2025-11-11 03:00,0.0
2025-11-11 03:15,0.005052
2025-11-11 03:30,0.0
2025-11-11 03:45,0.000254
2025-11-11 04:00,0.005233
2025-11-11 04:15,0.0
2025-11-11 04:30,0.0
2025-11-11 04:45,0.00021
2025-11-11 05:00,0.0
2025-11-11 05:15,0.005487
2025-11-11 05:30,0.000719
2025-11-11 05:45,0.005183
2025-11-11 06:00,0.0
2025-11-11 06:15,0.0
2025-11-11 06:30,0.002112
2025-11-11 06:45,0.0
2025-11-11 07:00,0.000631
2025-11-11 07:15,0.0
2025-11-11 07:30,0.005912
2025-11-11 07:45,0.0
2025-11-11 08:00,0.006068
2025-11-11 08:15,0.00262
2025-11-11 08:30,0.000254
2025-11-11 08:45,0.0
2025-11-11 09:00,0.0
2025-11-11 09:15,0.005785
2025-11-11 09:30,0.0
2025-11-11 09:45,0.0
2025-11-11 10:00,0.0
2025-11-11 10:15,0.001891
2025-11-11 10:30,0.005444
2025-11-11 10:45,0.0
2025-11-11 11:00,0.000298
2025-11-11 11:15,0.0121
2025-11-11 11:30,0.012071
2025-11-11 11:45,0.005233
2025-11-11 12:00,0.026167
2025-11-11 12:15,0.004682
2025-11-11 12:30,0.001677
2025-11-11 12:45,0.004892
2025-11-11 13:00,0.048029
2025-11-11 13:15,0.010467
2025-11-11 13:30,0.001815
2025-11-11 13:45,0.019489
2025-11-11 14:00,0.019101
2025-11-11 14:15,0.167791
2025-11-11 14:30,0.000465
2025-11-11 14:45,0.029303
2025-11-11 15:00,0.010198
2025-11-11 15:15,0.0
2025-11-11 15:30,0.09746
2025-11-11 15:45,0.261023
2025-11-11 16:00,0.33977
2025-11-11 16:15,0.219414
2025-11-11 16:30,0.335785
2025-11-11 16:45,0.615169
2025-11-11 17:00,0.205677
2025-11-11 17:15,0.000719
2025-11-11 17:30,0.0
2025-11-11 17:45,0.000563
2025-11-11 18:00,0.019906
2025-11-11 18:15,0.004188
2025-11-11 18:30,0.000232
2025-11-11 18:45,0.011236
2025-11-11 19:00,0.348822
2025-11-11 19:15,0.337157
2025-11-11 19:30,0.505446
2025-11-11 19:45,0.525537
2025-11-11 20:00,0.710106
2025-11-11 20:15,0.025604
2025-11-11 20:30,0.00993
2025-11-11 20:45,0.012053
2025-11-11 21:00,0.003183
2025-11-11 21:15,0.017377
2025-11-11 21:30,0.04109
2025-11-11 21:45,0.022668
2025-11-11 22:00,0.0
2025-11-11 22:15,0.010329
2025-11-11 22:30,0.000232
2025-11-11 22:45,0.009001
2025-11-11 23:00,0.011367
2025-11-11 23:15,0.000719
2025-11-11 23:30,0.000359
2025-11-11 23:45,0.005233
2025-11-12 00:00,0.24639
2025-11-12 00:00,0.250494
2025-11-12 00:15,0.010641
2025-11-12 00:30,0.005996
2025-11-12 00:45,0.002302
2025-11-12 01:00,0.003206
2025-11-12 01:15,0.011128
2025-11-12 01:30,0.0
2025-11-12 01:45,0.005287
2025-11-12 02:00,0.000358
2025-11-12 02:15,0.0
2025-11-12 02:30,0.018057
2025-11-12 02:45,0.005601
2025-11-12 03:00,0.005837
2025-11-12 03:15,0.010922
2025-11-12 03:30,0.000214
2025-11-12 03:45,0.017688
2025-11-12 04:00,0.0
2025-11-12 04:15,0.0
2025-11-12 04:30,0.000273
2025-11-12 04:45,0.005321
2025-11-12 05:00,0.0
2025-11-12 05:15,0.046693
2025-11-12 05:30,0.000214
2025-11-12 05:45,0.085181
2025-11-12 06:00,0.005579
2025-11-12 06:15,0.0
2025-11-12 06:30,0.0
2025-11-12 06:45,0.006516
2025-11-12 07:00,0.005321
2025-11-12 07:15,0.069167
2025-11-12 07:30,0.0
2025-11-12 07:45,0.0
2025-11-12 08:00,0.021563
2025-11-12 08:15,0.026876
2025-11-12 08:30,0.001033
2025-11-12 08:45,0.0
2025-11-12 09:00,0.0
2025-11-12 09:15,0.001107
2025-11-12 09:30,0.001498
2025-11-12 09:45,0.0
2025-11-12 10:00,0.000214
2025-11-12 10:15,0.016751
2025-11-12 10:30,0.021282
2025-11-12 10:45,0.002575
2025-11-12 11:00,0.000528
2025-11-12 11:15,0.0
2025-11-12 11:30,0.026212
2025-11-12 11:45,0.14471
2025-11-12 12:00,0.0
2025-11-12 12:15,0.000834
2025-11-12 12:30,0.005247
2025-11-12 12:45,0.004642
2025-11-12 13:00,0.000273
2025-11-12 13:15,0.014619
2025-11-12 13:30,0.005018
2025-11-12 13:45,0.010316
2025-11-12 14:00,0.000974
2025-11-12 14:15,0.000494
2025-11-12 14:30,0.008649
2025-11-12 14:45,0.001387
2025-11-12 15:00,0.018139
2025-11-12 15:15,0.008715
2025-11-12 15:30,0.182973
2025-11-12 15:45,0.126291
2025-11-12 16:00,0.292671
2025-11-12 16:15,0.549811
2025-11-12 16:30,0.32951
2025-11-12 16:45,0.809242
2025-11-12 17:00,0.239381
2025-11-12 17:15,0.009254
2025-11-12 17:30,0.005597
2025-11-12 17:45,0.005383
2025-11-12 18:00,0.004642
2025-11-12 18:15,0.001708
2025-11-12 18:30,0.019533
2025-11-12 18:45,0.011132
2025-11-12 19:00,0.173029
2025-11-12 19:15,0.564522
2025-11-12 19:30,0.363252
2025-11-12 19:45,0.555523
2025-11-12 20:00,0.450244
2025-11-12 20:15,0.000517
2025-11-12 20:30,0.045044
2025-11-12 20:45,0.010966
2025-11-12 21:00,0.021887
2025-11-12 21:15,0.000694
2025-11-12 21:30,0.014574
2025-11-12 21:45,0.012822
2025-11-12 22:00,0.009733
2025-11-12 22:15,0.016305
2025-11-12 22:30,0.000945
2025-11-12 22:45,0.000258
2025-11-12 23:00,0.015962
2025-11-12 23:15,0.005453
2025-11-12 23:30,0.004642
2025-11-12 23:45,0.001775
2025-11-13 00:00,0.000886
2025-11-13 00:15,0.006427
2025-11-13 00:30,0.0
2025-11-13 00:45,0.0
2025-11-13 01:00,0.003808
2025-11-13 01:15,0.036779
2025-11-13 01:30,0.0
2025-11-13 01:45,0.016249
2025-11-13 02:00,0.280831
2025-11-13 02:15,0.0
2025-11-13 02:30,0.051877
2025-11-13 02:45,0.0
2025-11-13 03:00,0.0
2025-11-13 03:15,0.0
2025-11-13 03:30,0.002513
2025-11-13 03:45,0.001948
2025-11-13 04:00,0.000214
2025-11-13 04:15,0.003125
2025-11-13 04:30,0.002214
2025-11-13 04:45,0.000384
2025-11-13 05:00,0.000568
2025-11-13 05:15,0.016058
2025-11-13 05:30,0.006295
2025-11-13 05:45,0.021541
2025-11-13 06:00,0.0
2025-11-13 06:15,0.001332
2025-11-13 06:30,0.027986
2025-11-13 06:45,0.031864
2025-11-13 07:00,0.000428
2025-11-13 07:15,0.000258
2025-11-13 07:30,0.0
2025-11-13 07:45,0.0
2025-11-13 08:00,0.015821
2025-11-13 08:15,0.000258
2025-11-13 08:30,0.00521
2025-11-13 08:45,0.004642
2025-11-13 09:00,0.0
2025-11-13 09:15,0.0
2025-11-13 09:30,0.001306
2025-11-13 09:45,0.0
2025-11-13 10:00,0.0
2025-11-13 10:15,0.000236
2025-11-13 10:30,0.000446
2025-11-13 10:45,0.000273
2025-11-13 11:00,0.0
2025-11-13 11:15,0.000273
2025-11-13 11:30,0.0
2025-11-13 11:45,0.0
2025-11-13 12:00,0.010612
2025-11-13 12:15,0.004642
2025-11-13 12:30,0.000273
2025-11-13 12:45,0.00045
2025-11-13 13:00,0.0
2025-11-13 13:15,0.005291
2025-11-13 13:30,0.000638
2025-11-13 13:45,0.009888
2025-11-13 14:00,0.000258
2025-11-13 14:15,0.04279
2025-11-13 14:30,0.000472
2025-11-13 14:45,0.001712
2025-11-13 15:00,0.001007
2025-11-13 15:15,0.005557
2025-11-13 15:30,0.147515
2025-11-13 15:45,0.21463
2025-11-13 16:00,0.252413
2025-11-13 16:15,0.526175
2025-11-13 16:30,0.567994
2025-11-13 16:45,0.411495
2025-11-13 17:00,0.214132
2025-11-13 17:15,0.005306
2025-11-13 17:30,0.005284
2025-11-13 17:45,0.000236
2025-11-13 18:00,0.010154
2025-11-13 18:15,0.00121
2025-11-13 18:30,0.0
2025-11-13 18:45,0.010213
2025-11-13 19:00,0.379217
2025-11-13 19:15,0.463841
2025-11-13 19:30,0.679888
2025-11-13 19:45,0.5341
2025-11-13 20:00,0.566928
2025-11-13 20:15,0.037473
2025-11-13 20:30,0.003727
2025-11-13 20:45,0.014501
2025-11-13 21:00,0.005535
2025-11-13 21:15,0.0
2025-11-13 21:30,0.000273
2025-11-13 21:45,0.00238
2025-11-13 22:00,0.000343
2025-11-13 22:15,0.005321
2025-11-13 22:30,0.009763
2025-11-13 22:45,0.011065
2025-11-13 23:00,0.0
2025-11-13 23:15,0.000236
2025-11-13 23:30,0.005601
2025-11-13 23:45,0.000214
2025-11-14 00:00,0.0
2025-11-14 00:15,0.152736
2025-11-14 00:30,0.0
2025-11-14 00:45,0.002472
2025-11-14 01:00,0.000214
2025-11-14 01:15,0.011003
2025-11-14 01:30,0.000214
2025-11-14 01:45,0.0
2025-11-14 02:00,0.012944
2025-11-14 02:15,0.016117
2025-11-14 02:30,0.021223
2025-11-14 02:45,0.0
2025-11-14 03:00,0.00338
2025-11-14 03:15,0.011202
2025-11-14 03:30,0.005321
2025-11-14 03:45,0.001033
2025-11-14 04:00,0.0
2025-11-14 04:15,0.001561
2025-11-14 04:30,0.0
2025-11-14 04:45,0.0
2025-11-14 05:00,0.005542
2025-11-14 05:15,0.001583
2025-11-14 05:30,0.005291
2025-11-14 05:45,0.0
2025-11-14 06:00,0.0
2025-11-14 06:15,0.005321
2025-11-14 06:30,0.0
2025-11-14 06:45,0.0
2025-11-14 07:00,0.000303
2025-11-14 07:15,0.0
2025-11-14 07:30,0.000509
2025-11-14 07:45,0.0
2025-11-14 08:00,0.0
2025-11-14 08:15,0.005601
2025-11-14 08:30,0.0
2025-11-14 08:45,0.0
2025-11-14 09:00,0.0
2025-11-14 09:15,0.0
2025-11-14 09:30,0.000258
2025-11-14 09:45,0.000553
2025-11-14 10:00,0.0
2025-11-14 10:15,0.0
2025-11-14 10:30,0.001557
2025-11-14 10:45,0.0
2025-11-14 11:00,0.041561
2025-11-14 11:15,0.0
2025-11-14 11:30,0.000214
2025-11-14 11:45,0.0
2025-11-14 12:00,0.000531
2025-11-14 12:15,0.0
2025-11-14 12:30,0.000472
2025-11-14 12:45,0.0
2025-11-14 13:00,0.0
2025-11-14 13:15,0.004642
2025-11-14 13:30,0.000945
2025-11-14 13:45,0.0
2025-11-14 14:00,0.0
2025-11-14 14:15,0.004642
2025-11-14 14:30,0.010586
2025-11-14 14:45,0.185681
2025-11-14 15:00,0.007704
2025-11-14 15:15,0.007461
2025-11-14 15:30,0.112946
2025-11-14 15:45,0.124417
2025-11-14 16:00,0.273474
2025-11-14 16:15,0.519305
2025-11-14 16:30,0.350843
2025-11-14 16:45,0.538019
2025-11-14 17:00,0.694492
2025-11-14 17:15,0.671697
2025-11-14 17:30,0.005033
2025-11-14 17:45,0.047918
2025-11-14 18:00,0.002616
2025-11-14 18:15,0.005734
2025-11-14 18:30,0.01546
2025-11-14 18:45,0.005136
2025-11-14 19:00,0.206956
2025-11-14 19:15,0.282318
2025-11-14 19:30,1.0
2025-11-14 19:45,0.564297
2025-11-14 20:00,0.357042
2025-11-14 20:15,0.022773
2025-11-14 20:30,0.014744
2025-11-14 20:45,0.065378
2025-11-14 21:00,0.005999
2025-11-14 21:15,0.0
2025-11-14 21:30,0.0
2025-11-14 21:45,0.001325
2025-11-14 22:00,0.006022
2025-11-14 22:15,0.000627
2025-11-14 22:30,0.021238
2025-11-14 22:45,0.001823
2025-11-14 23:00,0.005321
2025-11-14 23:15,0.010922
2025-11-14 23:30,0.005656
2025-11-14 23:45,0.005557
2025-11-15 00:00,0.005073
2025-11-15 00:15,0.000612
2025-11-15 00:30,0.001044
2025-11-15 00:45,0.0
2025-11-15 01:00,0.0
2025-11-15 01:15,0.013678
2025-11-15 01:30,0.005306
2025-11-15 01:45,0.000236
2025-11-15 02:00,0.006808
2025-11-15 02:15,0.000258
2025-11-15 02:30,0.107924
2025-11-15 02:45,0.000565
2025-11-15 03:00,0.0
2025-11-15 03:15,0.001882
2025-11-15 03:30,0.002247
2025-11-15 03:45,0.0
2025-11-15 04:00,0.005793
2025-11-15 04:15,0.001354
2025-11-15 04:30,0.0
2025-11-15 04:45,0.0
2025-11-15 05:00,0.048154
2025-11-15 05:15,0.01253
2025-11-15 05:30,0.0
2025-11-15 05:45,0.003516
2025-11-15 06:00,0.005837
2025-11-15 06:15,0.0
2025-11-15 06:30,0.000694
2025-11-15 06:45,0.0
2025-11-15 07:00,0.0
2025-11-15 07:15,0.004642
2025-11-15 07:30,0.002066
2025-11-15 07:45,0.000236
2025-11-15 08:00,0.00594
2025-11-15 08:15,0.0
2025-11-15 08:30,0.0
2025-11-15 08:45,0.000236
2025-11-15 09:00,0.011202
2025-11-15 09:15,0.0
2025-11-15 09:30,0.0
2025-11-15 09:45,0.0
2025-11-15 10:00,0.000535
2025-11-15 10:15,0.000214
2025-11-15 10:30,0.0
2025-11-15 10:45,0.005306
2025-11-15 11:00,0.000509
2025-11-15 11:15,0.000236
2025-11-15 11:30,0.0
2025-11-15 11:45,0.000277
2025-11-15 12:00,0.000273
2025-11-15 12:15,0.0
2025-11-15 12:30,0.000236
2025-11-15 12:45,0.000472
2025-11-15 13:00,0.0
2025-11-15 13:15,0.010457
2025-11-15 13:30,0.0
2025-11-15 13:45,0.0
2025-11-15 14:00,0.000694
2025-11-15 14:15,0.039399
2025-11-15 14:30,0.001601
2025-11-15 14:45,0.0
2025-11-15 15:00,0.000273
2025-11-15 15:15,0.011933
2025-11-15 15:30,0.07347
2025-11-15 15:45,0.159816
2025-11-15 16:00,0.237282
2025-11-15 16:15,0.312618
2025-11-15 16:30,0.343796
2025-11-15 16:45,0.367115
2025-11-15 17:00,0.209074
2025-11-15 17:15,0.000214
2025-11-15 17:30,0.000214
2025-11-15 17:45,0.0
2025-11-15 18:00,0.000288
2025-11-15 18:15,0.0
2025-11-15 18:30,0.000557
2025-11-15 18:45,0.002568
2025-11-15 19:00,0.39015
2025-11-15 19:15,0.350574
2025-11-15 19:30,0.413676
2025-11-15 19:45,0.87942
2025-11-15 20:00,0.378605
2025-11-15 20:15,0.000797
2025-11-15 20:30,0.010789
2025-11-15 20:45,0.002424
2025-11-15 21:00,0.011165
2025-11-15 21:15,0.0
2025-11-15 21:30,0.009202
2025-11-15 21:45,0.000214
2025-11-15 22:00,0.000236
2025-11-15 22:15,0.005394
2025-11-15 22:30,0.0
2025-11-15 22:45,0.0
2025-11-15 23:00,0.004642
2025-11-15 23:15,0.00456
2025-11-15 23:30,0.0
2025-11-15 23:45,0.014988
2025-11-16 00:00,0.000214
2025-11-16 00:15,0.0
2025-11-16 00:30,0.0
2025-11-16 00:45,0.0
2025-11-16 01:00,0.008058
2025-11-16 01:15,0.000517
2025-11-16 01:30,0.0
2025-11-16 01:45,0.0
2025-11-16 02:00,0.0
2025-11-16 02:15,0.000258
2025-11-16 02:30,0.0
2025-11-16 02:45,0.003321
2025-11-16 03:00,0.044808
2025-11-16 03:15,0.016242
2025-11-16 03:30,0.00055
2025-11-16 03:45,0.000531
2025-11-16 04:00,0.000214
2025-11-16 04:15,0.000439
2025-11-16 04:30,0.004597
2025-11-16 04:45,0.0
2025-11-16 05:00,0.005955
2025-11-16 05:15,0.000288
2025-11-16 05:30,0.0
2025-11-16 05:45,0.000672
2025-11-16 06:00,0.0
2025-11-16 06:15,0.005321
2025-11-16 06:30,0.00169
2025-11-16 06:45,0.000236
2025-11-16 07:00,0.000214
2025-11-16 07:15,0.0
2025-11-16 07:30,0.0
2025-11-16 07:45,0.0
2025-11-16 08:00,0.00262
2025-11-16 08:15,0.000686
2025-11-16 08:30,0.0
2025-11-16 08:45,0.000362
2025-11-16 09:00,0.005601
2025-11-16 09:15,0.0
2025-11-16 09:30,0.0
2025-11-16 09:45,0.004723
2025-11-16 10:00,0.004597
2025-11-16 10:15,0.0
2025-11-16 10:30,0.0
2025-11-16 10:45,0.0
2025-11-16 11:00,0.0
2025-11-16 11:15,0.000236
2025-11-16 11:30,0.000214
2025-11-16 11:45,0.0
2025-11-16 12:00,0.0
2025-11-16 12:15,0.0
2025-11-16 12:30,0.0
2025-11-16 12:45,0.000273
2025-11-16 13:00,0.0
2025-11-16 13:15,0.004597
2025-11-16 13:30,0.00487
2025-11-16 13:45,0.0
2025-11-16 14:00,0.0
2025-11-16 14:15,0.0
2025-11-16 14:30,0.0009
2025-11-16 14:45,0.0
2025-11-16 15:00,0.0
2025-11-16 15:15,0.000214
2025-11-16 15:30,0.217435
2025-11-16 15:45,0.077624
2025-11-16 16:00,0.205716
2025-11-16 16:15,0.363805
2025-11-16 16:30,0.289495
2025-11-16 16:45,0.453949
2025-11-16 17:00,0.33597
2025-11-16 17:15,0.233765
2025-11-16 17:30,0.0
2025-11-16 17:45,0.002129
2025-11-16 18:00,0.000347
2025-11-16 18:15,0.0
2025-11-16 18:30,0.001218
2025-11-16 18:45,0.000236
2025-11-16 19:00,0.244399
2025-11-16 19:15,0.321145
2025-11-16 19:30,0.859928
2025-11-16 19:45,0.794387
2025-11-16 20:00,0.889043
2025-11-16 20:15,0.0
2025-11-16 20:30,0.0
2025-11-16 20:45,0.010826
2025-11-16 21:00,0.0
2025-11-16 21:15,0.0
2025-11-16 21:30,0.0
2025-11-16 21:45,0.005321
2025-11-16 22:00,0.002944
2025-11-16 22:15,0.000694
2025-11-16 22:30,0.006446
2025-11-16 22:45,0.0
2025-11-16 23:00,0.010641
2025-11-16 23:15,0.0
2025-11-16 23:30,0.000989
2025-11-16 23:45,0.006612
2025-11-17 00:00,0.0
2025-11-17 00:15,0.000214
2025-11-17 00:30,0.010863
2025-11-17 00:45,0.000273
2025-11-17 01:00,0.0
2025-11-17 01:15,0.087107
2025-11-17 01:30,0.0
2025-11-17 01:45,0.0
2025-11-17 02:00,0.0
2025-11-17 02:15,0.000258
2025-11-17 02:30,0.005867
2025-11-17 02:45,0.000273
2025-11-17 03:00,0.02205
2025-11-17 03:15,0.0
2025-11-17 03:30,0.011763
2025-11-17 03:45,0.0
2025-11-17 04:00,0.000531
2025-11-17 04:15,0.0
2025-11-17 04:30,0.004656
2025-11-17 04:45,0.0
2025-11-17 05:00,0.005623
2025-11-17 05:15,0.006575
2025-11-17 05:30,0.005726
2025-11-17 05:45,0.010294
2025-11-17 06:00,0.005321
2025-11-17 06:15,0.000517
2025-11-17 06:30,0.005081
2025-11-17 06:45,0.047966
2025-11-17 07:00,0.001269
2025-11-17 07:15,0.000236
2025-11-17 07:30,0.0
2025-11-17 07:45,0.0049
2025-11-17 08:00,0.011416
2025-11-17 08:15,0.0
2025-11-17 08:30,0.00135
2025-11-17 08:45,0.0
2025-11-17 09:00,0.000236
2025-11-17 09:15,0.005933
2025-11-17 09:30,0.000258
2025-11-17 09:45,0.0
2025-11-17 10:00,0.021825
2025-11-17 10:15,0.000273
2025-11-17 10:30,0.0
2025-11-17 10:45,0.0
2025-11-17 11:00,0.0049
2025-11-17 11:15,0.001771
2025-11-17 11:30,0.005321
2025-11-17 11:45,0.041561
2025-11-17 12:00,0.0
2025-11-17 12:15,0.005114
2025-11-17 12:30,0.000258
2025-11-17 12:45,0.0
2025-11-17 13:00,0.000214
2025-11-17 13:15,0.0
2025-11-17 13:30,0.01698
2025-11-17 13:45,0.017386
2025-11-17 14:00,0.058094
2025-11-17 14:15,0.085646
2025-11-17 14:30,0.005321
2025-11-17 14:45,0.012456
2025-11-17 15:00,0.009276
2025-11-17 15:15,0.000502
2025-11-17 15:30,0.153994
2025-11-17 15:45,0.133704
2025-11-17 16:00,0.255535
2025-11-17 16:15,0.33231
2025-11-17 16:30,0.397216
2025-11-17 16:45,0.717722
2025-11-17 17:00,0.293856
2025-11-17 17:15,0.0
2025-11-17 17:30,0.000347
2025-11-17 17:45,0.003542
2025-11-17 18:00,0.005195
2025-11-17 18:15,0.000686
2025-11-17 18:30,0.004121
2025-11-17 18:45,0.00594
2025-11-17 19:00,0.164033
2025-11-17 19:15,0.599622
2025-11-17 19:30,0.492886
2025-11-17 19:45,0.335516
2025-11-17 20:00,0.797457
2025-11-17 20:15,0.0078
2025-11-17 20:30,0.140858
2025-11-17 20:45,0.414347
2025-11-17 21:00,0.0
2025-11-17 21:15,0.016117
2025-11-17 21:30,0.001343
2025-11-17 21:45,0.006948
2025-11-17 22:00,0.000686
2025-11-17 22:15,0.000273
2025-11-17 22:30,0.002771
2025-11-17 22:45,0.010036
2025-11-17 23:00,0.009918
2025-11-17 23:15,0.000273
2025-11-17 23:30,0.005837
2025-11-17 23:45,0.000332
2025-11-18 00:00,0.006737
2025-11-18 00:15,0.004597
2025-11-18 00:30,0.005749
2025-11-18 00:45,0.000236
2025-11-18 01:00,0.000443
2025-11-18 01:15,0.00538
2025-11-18 01:30,0.000867
2025-11-18 01:45,0.002823
2025-11-18 02:00,0.000531
2025-11-18 02:15,0.015748
2025-11-18 02:30,0.010855
2025-11-18 02:45,0.016198
2025-11-18 03:00,0.009265
2025-11-18 03:15,0.0
2025-11-18 03:30,0.004597
2025-11-18 03:45,0.009859
2025-11-18 04:00,0.002413
2025-11-18 04:15,0.000236
2025-11-18 04:30,0.006778
2025-11-18 04:45,0.0
2025-11-18 05:00,0.002155
2025-11-18 05:15,0.046579
2025-11-18 05:30,0.003203
2025-11-18 05:45,0.016382
2025-11-18 06:00,0.005579
2025-11-18 06:15,0.0
2025-11-18 06:30,0.042683
2025-11-18 06:45,0.0
2025-11-18 07:00,0.0
2025-11-18 07:15,0.001664
2025-11-18 07:30,0.005321
2025-11-18 07:45,0.000856
2025-11-18 08:00,0.01667
2025-11-18 08:15,0.002705
2025-11-18 08:30,0.0
2025-11-18 08:45,0.000343
2025-11-18 09:00,0.009294
2025-11-18 09:15,0.000236
2025-11-18 09:30,0.0
2025-11-18 09:45,0.000273
2025-11-18 10:00,0.000236
2025-11-18 10:15,0.00366
2025-11-18 10:30,0.0
2025-11-18 10:45,0.001199
2025-11-18 11:00,0.0
2025-11-18 11:15,0.00228
2025-11-18 11:30,0.005535
2025-11-18 11:45,0.000358
2025-11-18 12:00,0.0
2025-11-18 12:15,0.000258
2025-11-18 12:30,0.000258
2025-11-18 12:45,0.0
2025-11-18 13:00,0.002439
2025-11-18 13:15,0.004642
2025-11-18 13:30,0.005136
2025-11-18 13:45,0.001365
2025-11-18 14:00,0.000428
2025-11-18 14:15,0.017633
2025-11-18 14:30,0.001181
2025-11-18 14:45,0.005247
2025-11-18 15:00,0.010305
2025-11-18 15:15,0.00193
2025-11-18 15:30,0.323219
2025-11-18 15:45,0.146552
2025-11-18 16:00,0.204908
2025-11-18 16:15,0.308179
2025-11-18 16:30,0.525703
2025-11-18 16:45,0.524315
2025-11-18 17:00,0.39702
2025-11-18 17:15,0.037716
2025-11-18 17:30,0.006391
2025-11-18 17:45,0.0
2025-11-18 18:00,0.02078
2025-11-18 18:15,0.006874
2025-11-18 18:30,0.003653
2025-11-18 18:45,0.00507
2025-11-18 19:00,0.255804
2025-11-18 19:15,0.361355
2025-11-18 19:30,0.443396
2025-11-18 19:45,0.756166
2025-11-18 20:00,0.427508
2025-11-18 20:15,0.0
2025-11-18 20:30,0.001122
2025-11-18 20:45,0.018604
2025-11-18 21:00,0.00535
2025-11-18 21:15,0.001354
2025-11-18 21:30,0.007365
2025-11-18 21:45,0.0
2025-11-18 22:00,0.006937
2025-11-18 22:15,0.011549
2025-11-18 22:30,0.001247
2025-11-18 22:45,0.0
2025-11-18 23:00,0.00045
2025-11-18 23:15,0.010641
2025-11-18 23:30,0.01505
2025-11-18 23:45,0.031923
2025-11-19 00:00,0.208941
2025-11-19 00:00,0.207898
2025-11-19 00:15,0.007721
2025-11-19 00:30,0.000543
2025-11-19 00:45,0.000341
2025-11-19 01:00,0.000448
2025-11-19 01:15,0.060977
2025-11-19 01:30,0.0
2025-11-19 01:45,0.00536
2025-11-19 02:00,0.0
2025-11-19 02:15,0.046126
2025-11-19 02:30,0.037242
2025-11-19 02:45,0.0
2025-11-19 03:00,0.000272
2025-11-19 03:15,0.005294
2025-11-19 03:30,0.010929
2025-11-19 03:45,0.016293
2025-11-19 04:00,0.000624
2025-11-19 04:15,0.001784
2025-11-19 04:30,0.000213
2025-11-19 04:45,0.004618
2025-11-19 05:00,0.001601
2025-11-19 05:15,0.011359
2025-11-19 05:30,0.005294
2025-11-19 05:45,0.000272
2025-11-19 06:00,0.0
2025-11-19 06:15,0.0
2025-11-19 06:30,0.00196
2025-11-19 06:45,0.000301
2025-11-19 07:00,0.0
2025-11-19 07:15,0.005999
2025-11-19 07:30,0.0
2025-11-19 07:45,0.000272
2025-11-19 08:00,0.0017
2025-11-19 08:15,0.00047
2025-11-19 08:30,0.006961
2025-11-19 08:45,0.0
2025-11-19 09:00,0.01101
2025-11-19 09:15,0.000613
2025-11-19 09:30,0.0
2025-11-19 09:45,0.0
2025-11-19 10:00,0.005566
2025-11-19 10:15,0.0
2025-11-19 10:30,0.0
2025-11-19 10:45,0.01724
2025-11-19 11:00,0.125823
2025-11-19 11:15,0.002353
2025-11-19 11:30,0.084469
2025-11-19 11:45,0.002118
2025-11-19 12:00,0.011014
2025-11-19 12:15,0.0
2025-11-19 12:30,0.0
2025-11-19 12:45,0.005459
2025-11-19 13:00,0.002812
2025-11-19 13:15,0.011414
2025-11-19 13:30,0.005294
2025-11-19 13:45,0.011109
2025-11-19 14:00,0.005294
2025-11-19 14:15,0.012901
2025-11-19 14:30,0.016804
2025-11-19 14:45,0.006087
2025-11-19 15:00,0.014597
2025-11-19 15:15,0.004574
2025-11-19 15:30,0.136991
2025-11-19 15:45,0.149246
2025-11-19 16:00,0.243965
2025-11-19 16:15,0.399401
2025-11-19 16:30,0.373202
2025-11-19 16:45,0.518204
2025-11-19 17:00,0.323761
2025-11-19 17:15,0.020354
2025-11-19 17:30,0.014876
2025-11-19 17:45,0.037249
2025-11-19 18:00,0.001659
2025-11-19 18:15,0.014487
2025-11-19 18:30,0.006373
2025-11-19 18:45,0.004875
2025-11-19 19:00,0.311712
2025-11-19 19:15,0.309325
2025-11-19 19:30,0.499745
2025-11-19 19:45,0.710889
2025-11-19 20:00,0.72785
2025-11-19 20:15,0.052305
2025-11-19 20:30,0.001546
2025-11-19 20:45,0.003315
2025-11-19 21:00,0.02459
2025-11-19 21:15,0.005044
2025-11-19 21:30,0.009204
2025-11-19 21:45,0.0067
2025-11-19 22:00,0.006014
2025-11-19 22:15,0.0
2025-11-19 22:30,0.007728
2025-11-19 22:45,0.0
2025-11-19 23:00,0.0
2025-11-19 23:15,0.080163
2025-11-19 23:30,0.04595
2025-11-19 23:45,0.000235
2025-11-20 00:00,0.011058
2025-11-20 00:15,0.000558
2025-11-20 00:30,0.000235
2025-11-20 00:45,0.011587
2025-11-20 01:00,0.000257
2025-11-20 01:15,0.048652
2025-11-20 01:30,0.0
2025-11-20 01:45,0.005683
2025-11-20 02:00,0.242651
2025-11-20 02:15,0.020853
2025-11-20 02:30,0.030795
2025-11-20 02:45,0.034723
2025-11-20 03:00,0.00087
2025-11-20 03:15,0.114838
2025-11-20 03:30,0.000448
2025-11-20 03:45,0.006153
2025-11-20 04:00,0.008451
2025-11-20 04:15,0.000213
2025-11-20 04:30,0.000257
2025-11-20 04:45,0.0
2025-11-20 05:00,0.00351
2025-11-20 05:15,0.010559
2025-11-20 05:30,0.001549
2025-11-20 05:45,0.001072
2025-11-20 06:00,0.011264
2025-11-20 06:15,0.000272
2025-11-20 06:30,0.0
2025-11-20 06:45,0.0
2025-11-20 07:00,0.0
2025-11-20 07:15,0.0
2025-11-20 07:30,0.000301
2025-11-20 07:45,0.005279
2025-11-20 08:00,0.0
2025-11-20 08:15,0.01155
2025-11-20 08:30,0.0
2025-11-20 08:45,0.0
2025-11-20 09:00,0.021705
2025-11-20 09:15,0.000426
2025-11-20 09:30,0.0
2025-11-20 09:45,0.0
2025-11-20 10:00,0.00047
2025-11-20 10:15,0.000587
2025-11-20 10:30,0.0
2025-11-20 10:45,0.004618
2025-11-20 11:00,0.00047
2025-11-20 11:15,0.003752
2025-11-20 11:30,0.002643
2025-11-20 11:45,0.0
2025-11-20 12:00,0.0
2025-11-20 12:15,0.0
2025-11-20 12:30,0.0
2025-11-20 12:45,0.0
2025-11-20 13:00,0.001347
2025-11-20 13:15,0.000213
2025-11-20 13:30,0.00253
2025-11-20 13:45,0.018775
2025-11-20 14:00,0.000257
2025-11-20 14:15,0.042326
2025-11-20 14:30,0.118209
2025-11-20 14:45,0.009193
2025-11-20 15:00,0.002419
2025-11-20 15:15,0.000694
2025-11-20 15:30,0.226152
2025-11-20 15:45,0.069461
2025-11-20 16:00,0.191187
2025-11-20 16:15,0.296083
2025-11-20 16:30,0.604289
2025-11-20 16:45,0.398733
2025-11-20 17:00,0.336177
2025-11-20 17:15,0.005786
2025-11-20 17:30,0.005294
2025-11-20 17:45,0.003991
2025-11-20 18:00,0.0
2025-11-20 18:15,0.005294
2025-11-20 18:30,0.015034
2025-11-20 18:45,0.0
2025-11-20 19:00,0.227727
2025-11-20 19:15,0.259032
2025-11-20 19:30,0.794734
2025-11-20 19:45,0.725177
2025-11-20 20:00,0.488859
2025-11-20 20:15,0.013029
2025-11-20 20:30,0.018441
2025-11-20 20:45,0.02426
2025-11-20 21:00,0.000888
2025-11-20 21:15,0.005294
2025-11-20 21:30,0.014046
2025-11-20 21:45,0.021683
2025-11-20 22:00,0.000756
2025-11-20 22:15,0.005191
2025-11-20 22:30,0.000235
2025-11-20 22:45,0.00746
2025-11-20 23:00,0.005294
2025-11-20 23:15,0.005573
2025-11-20 23:30,0.00612
2025-11-20 23:45,0.0
2025-11-21 00:00,0.050774
2025-11-21 00:15,0.010588
2025-11-21 00:30,0.0
2025-11-21 00:45,0.005279
2025-11-21 01:00,0.0
2025-11-21 01:15,0.017732
2025-11-21 01:30,0.005294
2025-11-21 01:45,0.000587
2025-11-21 02:00,0.005169
2025-11-21 02:15,0.011146
2025-11-21 02:30,0.005294
2025-11-21 02:45,0.0
2025-11-21 03:00,0.0
2025-11-21 03:15,0.000235
2025-11-21 03:30,0.0
2025-11-21 03:45,0.000257
2025-11-21 04:00,0.000529
2025-11-21 04:15,0.0
2025-11-21 04:30,0.0
2025-11-21 04:45,0.002118
2025-11-21 05:00,0.000962
2025-11-21 05:15,0.066164
2025-11-21 05:30,0.001733
2025-11-21 05:45,0.015441
2025-11-21 06:00,0.005566
2025-11-21 06:15,0.005279
2025-11-21 06:30,0.0
2025-11-21 06:45,0.0
2025-11-21 07:00,0.0
2025-11-21 07:15,0.0
2025-11-21 07:30,0.0
2025-11-21 07:45,0.000272
2025-11-21 08:00,0.00612
2025-11-21 08:15,0.005345
2025-11-21 08:30,0.000272
2025-11-21 08:45,0.032976
2025-11-21 09:00,0.000235
2025-11-21 09:15,0.006175
2025-11-21 09:30,0.001355
2025-11-21 09:45,0.0
2025-11-21 10:00,0.004119
2025-11-21 10:15,0.0
2025-11-21 10:30,0.0
2025-11-21 10:45,0.00069
2025-11-21 11:00,0.0
2025-11-21 11:15,0.076033
2025-11-21 11:30,0.000272
2025-11-21 11:45,0.0
2025-11-21 12:00,0.007093
2025-11-21 12:15,0.000441
2025-11-21 12:30,0.004787
2025-11-21 12:45,0.0
2025-11-21 13:00,0.00511
2025-11-21 13:15,0.005169
2025-11-21 13:30,0.001131
2025-11-21 13:45,0.041354
2025-11-21 14:00,0.019946
2025-11-21 14:15,0.004853
2025-11-21 14:30,0.000683
2025-11-21 14:45,0.004618
2025-11-21 15:00,0.008092
2025-11-21 15:15,0.017108
2025-11-21 15:30,0.229823
2025-11-21 15:45,0.175962
2025-11-21 16:00,0.156122
2025-11-21 16:15,0.528403
2025-11-21 16:30,0.317244
2025-11-21 16:45,0.455597
2025-11-21 17:00,0.446948
2025-11-21 17:15,0.04758
2025-11-21 17:30,0.000646
2025-11-21 17:45,0.006223
2025-11-21 18:00,0.004538
2025-11-21 18:15,0.0
2025-11-21 18:30,0.149951
2025-11-21 18:45,0.040913
2025-11-21 19:00,0.317127
2025-11-21 19:15,0.330792
2025-11-21 19:30,0.468509
2025-11-21 19:45,0.716495
2025-11-21 20:00,1.0
2025-11-21 20:15,0.078757
2025-11-21 20:30,0.015478
2025-11-21 20:45,0.012108
2025-11-21 21:00,0.005279
2025-11-21 21:15,0.001744
2025-11-21 21:30,0.076987
2025-11-21 21:45,0.0
2025-11-21 22:00,0.007967
2025-11-21 22:15,0.00047
2025-11-21 22:30,0.000947
2025-11-21 22:45,0.000514
2025-11-21 23:00,0.007673
2025-11-21 23:15,0.001013
2025-11-21 23:30,0.000811
2025-11-21 23:45,0.0
2025-11-22 00:00,0.000507
2025-11-22 00:15,0.005294
2025-11-22 00:30,0.0
2025-11-22 00:45,0.000819
2025-11-22 01:00,0.010537
2025-11-22 01:15,0.005279
2025-11-22 01:30,0.00431
2025-11-22 01:45,0.0
2025-11-22 02:00,0.005434
2025-11-22 02:15,0.039011
2025-11-22 02:30,0.00768
2025-11-22 02:45,0.005294
2025-11-22 03:00,0.0
2025-11-22 03:15,0.000235
2025-11-22 03:30,0.006212
2025-11-22 03:45,0.0
2025-11-22 04:00,0.000213
2025-11-22 04:15,0.001366
2025-11-22 04:30,0.006513
2025-11-22 04:45,0.000213
2025-11-22 05:00,0.0
2025-11-22 05:15,0.006271
2025-11-22 05:30,0.001333
2025-11-22 05:45,0.006304
2025-11-22 06:00,0.001182
2025-11-22 06:15,0.0
2025-11-22 06:30,0.0
2025-11-22 06:45,0.0
2025-11-22 07:00,0.00326
2025-11-22 07:15,0.0
2025-11-22 07:30,0.0
2025-11-22 07:45,0.00047
2025-11-22 08:00,0.005573
2025-11-22 08:15,0.0
2025-11-22 08:30,0.0
2025-11-22 08:45,0.00047
2025-11-22 09:00,0.005573
2025-11-22 09:15,0.010588
2025-11-22 09:30,0.000213
2025-11-22 09:45,0.000352
2025-11-22 10:00,0.0
2025-11-22 10:15,0.0
2025-11-22 10:30,0.0
2025-11-22 10:45,0.018122
2025-11-22 11:00,0.0
2025-11-22 11:15,0.014068
2025-11-22 11:30,0.009237
2025-11-22 11:45,0.0
2025-11-22 12:00,0.0
2025-11-22 12:15,0.0
2025-11-22 12:30,0.0
2025-11-22 12:45,0.0
2025-11-22 13:00,0.0
2025-11-22 13:15,0.005294
2025-11-22 13:30,0.000213
2025-11-22 13:45,0.0
2025-11-22 14:00,0.002056
2025-11-22 14:15,0.016756
2025-11-22 14:30,0.0
2025-11-22 14:45,0.0
2025-11-22 15:00,0.000272
2025-11-22 15:15,0.0
2025-11-22 15:30,0.140486
2025-11-22 15:45,0.043498
2025-11-22 16:00,0.141235
2025-11-22 16:15,0.27744
2025-11-22 16:30,0.288557
2025-11-22 16:45,0.380097
2025-11-22 17:00,0.431378
2025-11-22 17:15,0.015185
2025-11-22 17:30,0.011906
2025-11-22 17:45,0.004618
2025-11-22 18:00,0.006641
2025-11-22 18:15,0.0
2025-11-22 18:30,0.0
2025-11-22 18:45,0.010588
2025-11-22 19:00,0.310915
2025-11-22 19:15,0.328192
2025-11-22 19:30,0.681408
2025-11-22 19:45,0.561481
2025-11-22 20:00,0.87421
2025-11-22 20:15,0.0
2025-11-22 20:30,0.000286
2025-11-22 20:45,0.005551
2025-11-22 21:00,0.005823
2025-11-22 21:15,0.000554
2025-11-22 21:30,0.0
2025-11-22 21:45,0.0
2025-11-22 22:00,0.0
2025-11-22 22:15,0.003811
2025-11-22 22:30,0.00735
2025-11-22 22:45,0.0
2025-11-22 23:00,0.015941
2025-11-22 23:15,0.010588
2025-11-22 23:30,0.0
2025-11-22 23:45,0.004259
2025-11-23 00:00,0.0
2025-11-23 00:15,0.0
2025-11-23 00:30,0.0
2025-11-23 00:45,0.0
2025-11-23 01:00,0.0
2025-11-23 01:15,0.008749
2025-11-23 01:30,0.0
2025-11-23 01:45,0.0
2025-11-23 02:00,0.005294
2025-11-23 02:15,0.067148
2025-11-23 02:30,0.0
2025-11-23 02:45,0.001703
2025-11-23 03:00,0.0
2025-11-23 03:15,0.0
2025-11-23 03:30,0.001006
2025-11-23 03:45,0.0
2025-11-23 04:00,0.002291
2025-11-23 04:15,0.0
2025-11-23 04:30,0.000565
2025-11-23 04:45,0.0
2025-11-23 05:00,0.0
2025-11-23 05:15,0.005793
2025-11-23 05:30,0.001784
2025-11-23 05:45,0.015486
2025-11-23 06:00,0.0
2025-11-23 06:15,0.0
2025-11-23 06:30,0.0
2025-11-23 06:45,0.008216
2025-11-23 07:00,0.0
2025-11-23 07:15,0.000213
2025-11-23 07:30,0.0
2025-11-23 07:45,0.0
2025-11-23 08:00,0.0
2025-11-23 08:15,0.000235
2025-11-23 08:30,0.000448
2025-11-23 08:45,0.0
2025-11-23 09:00,0.001979
2025-11-23 09:15,0.0
2025-11-23 09:30,0.0
2025-11-23 09:45,0.0
2025-11-23 10:00,0.0
2025-11-23 10:15,0.0
2025-11-23 10:30,0.000286
2025-11-23 10:45,0.000213
2025-11-23 11:00,0.0
2025-11-23 11:15,0.0
2025-11-23 11:30,0.000213
2025-11-23 11:45,0.000426
2025-11-23 12:00,0.003635
2025-11-23 12:15,0.0
2025-11-23 12:30,0.0
2025-11-23 12:45,0.0
2025-11-23 13:00,0.004618
2025-11-23 13:15,0.0
2025-11-23 13:30,0.002056
2025-11-23 13:45,0.000352
2025-11-23 14:00,0.000543
2025-11-23 14:15,0.000235
2025-11-23 14:30,0.0
2025-11-23 14:45,0.0
2025-11-23 15:00,0.002427
2025-11-23 15:15,0.0
2025-11-23 15:30,0.103659
2025-11-23 15:45,0.134685
2025-11-23 16:00,0.260802
2025-11-23 16:15,0.302192
2025-11-23 16:30,0.460932
2025-11-23 16:45,0.372461
2025-11-23 17:00,0.334668
2025-11-23 17:15,0.025288
2025-11-23 17:30,0.00558
2025-11-23 17:45,0.005294
2025-11-23 18:00,0.0
2025-11-23 18:15,0.0
2025-11-23 18:30,0.005052
2025-11-23 18:45,0.0
2025-11-23 19:00,0.205784
2025-11-23 19:15,0.211063
2025-11-23 19:30,0.615369
2025-11-23 19:45,0.660188
2025-11-23 20:00,0.455869
2025-11-23 20:15,0.000235
2025-11-23 20:30,0.0
2025-11-23 20:45,0.010588
2025-11-23 21:00,0.010573
2025-11-23 21:15,0.0
2025-11-23 21:30,0.0
2025-11-23 21:45,0.0
2025-11-23 22:00,0.005294
2025-11-23 22:15,0.005507
2025-11-23 22:30,0.0
2025-11-23 22:45,0.010588
2025-11-23 23:00,0.00036
2025-11-23 23:15,0.0
2025-11-23 23:30,0.006146
2025-11-23 23:45,0.007291
2025-11-24 00:00,0.0
2025-11-24 00:15,0.0
2025-11-24 00:30,0.0
2025-11-24 00:45,0.0
2025-11-24 01:00,0.0
2025-11-24 01:15,0.042235
2025-11-24 01:30,0.002709
2025-11-24 01:45,0.000617
2025-11-24 02:00,0.000235
2025-11-24 02:15,0.0
2025-11-24 02:30,0.031764
2025-11-24 02:45,0.0
2025-11-24 03:00,0.0
2025-11-24 03:15,0.002115
2025-11-24 03:30,0.000947
2025-11-24 03:45,0.0013
2025-11-24 04:00,0.0
2025-11-24 04:15,0.0
2025-11-24 04:30,0.0
2025-11-24 04:45,0.0
2025-11-24 05:00,0.0
2025-11-24 05:15,0.015177
2025-11-24 05:30,0.0
2025-11-24 05:45,0.002577
2025-11-24 06:00,0.003334
2025-11-24 06:15,0.03816
2025-11-24 06:30,0.000272
2025-11-24 06:45,0.010559
2025-11-24 07:00,0.0
2025-11-24 07:15,0.0
2025-11-24 07:30,0.010559
2025-11-24 07:45,0.000272
2025-11-24 08:00,0.0
2025-11-24 08:15,0.005345
2025-11-24 08:30,0.0
2025-11-24 08:45,0.0
2025-11-24 09:00,0.0
2025-11-24 09:15,0.0
2025-11-24 09:30,0.002643
2025-11-24 09:45,0.000771
2025-11-24 10:00,0.0
2025-11-24 10:15,0.0
2025-11-24 10:30,0.0
2025-11-24 10:45,0.0
2025-11-24 11:00,0.022527
2025-11-24 11:15,0.001248
2025-11-24 11:30,0.0
2025-11-24 11:45,0.000257
2025-11-24 12:00,0.015853
2025-11-24 12:15,0.010742
2025-11-24 12:30,0.0
2025-11-24 12:45,0.001028
2025-11-24 13:00,0.000925
2025-11-24 13:15,0.004729
2025-11-24 13:30,0.002632
2025-11-24 13:45,0.003781
2025-11-24 14:00,0.014839
2025-11-24 14:15,0.055539
2025-11-24 14:30,0.089873
2025-11-24 14:45,0.005044
2025-11-24 15:00,0.006759
2025-11-24 15:15,0.074718
2025-11-24 15:30,0.059659
2025-11-24 15:45,0.353921
2025-11-24 16:00,0.213259
2025-11-24 16:15,0.303404
2025-11-24 16:30,0.343333
2025-11-24 16:45,0.365405
2025-11-24 17:00,0.575998
2025-11-24 17:15,0.009839
2025-11-24 17:30,0.0
2025-11-24 17:45,0.006395
2025-11-24 18:00,0.005643
2025-11-24 18:15,0.000257
2025-11-24 18:30,0.015515
2025-11-24 18:45,0.014619
2025-11-24 19:00,0.23511
2025-11-24 19:15,0.306223
2025-11-24 19:30,0.759952
2025-11-24 19:45,0.476836
2025-11-24 20:00,0.749918
2025-11-24 20:15,0.117812
2025-11-24 20:30,0.024818
2025-11-24 20:45,0.023041
2025-11-24 21:00,0.002016
2025-11-24 21:15,0.015743
2025-11-24 21:30,0.01477
2025-11-24 21:45,0.001101
2025-11-24 22:00,0.004964
2025-11-24 22:15,0.000301
2025-11-24 22:30,0.030604
2025-11-24 22:45,0.0
2025-11-24 23:00,0.005294
2025-11-24 23:15,0.005294
2025-11-24 23:30,0.018599
2025-11-24 23:45,0.254865
2025-11-25 00:00,0.0
2025-11-25 00:15,0.005595
2025-11-25 00:30,0.000257
2025-11-25 00:45,0.021294
2025-11-25 01:00,0.004574
2025-11-25 01:15,0.008459
2025-11-25 01:30,0.0
2025-11-25 01:45,0.009942
2025-11-25 02:00,0.000742
2025-11-25 02:15,0.002192
2025-11-25 02:30,0.0
2025-11-25 02:45,0.004574
2025-11-25 03:00,0.000881
2025-11-25 03:15,0.013826
2025-11-25 03:30,0.005294
2025-11-25 03:45,0.001153
2025-11-25 04:00,0.00033
2025-11-25 04:15,0.000301
2025-11-25 04:30,0.000609
2025-11-25 04:45,0.0
2025-11-25 05:00,0.027035
2025-11-25 05:15,0.005551
2025-11-25 05:30,0.000771
2025-11-25 05:45,0.006785
2025-11-25 06:00,0.000444
2025-11-25 06:15,0.0
2025-11-25 06:30,0.0
2025-11-25 06:45,0.000543
2025-11-25 07:00,0.000771
2025-11-25 07:15,0.000352
2025-11-25 07:30,0.0
2025-11-25 07:45,0.0
2025-11-25 08:00,0.003032
2025-11-25 08:15,0.0
2025-11-25 08:30,0.0
2025-11-25 08:45,0.009846
2025-11-25 09:00,0.0
2025-11-25 09:15,0.0
2025-11-25 09:30,0.0
2025-11-25 09:45,0.0
2025-11-25 10:00,0.002574
2025-11-25 10:15,0.0
2025-11-25 10:30,0.0
2025-11-25 10:45,0.009149
2025-11-25 11:00,0.0
2025-11-25 11:15,0.004574
2025-11-25 11:30,0.002188
2025-11-25 11:45,0.000683
2025-11-25 12:00,0.010559
2025-11-25 12:15,0.000382
2025-11-25 12:30,0.0
2025-11-25 12:45,0.012115
2025-11-25 13:00,0.05703
2025-11-25 13:15,0.001582
2025-11-25 13:30,0.026485
2025-11-25 13:45,0.000426
2025-11-25 14:00,0.01086
2025-11-25 14:15,0.052999
2025-11-25 14:30,0.005536
2025-11-25 14:45,0.001336
2025-11-25 15:00,0.006641
2025-11-25 15:15,0.056252
2025-11-25 15:30,0.088273
2025-11-25 15:45,0.062614
2025-11-25 16:00,0.164085
2025-11-25 16:15,0.203302
2025-11-25 16:30,0.228707
2025-11-25 16:45,0.350969
2025-11-25 17:00,0.41007
2025-11-25 17:15,0.046387
2025-11-25 17:30,0.036438
2025-11-25 17:45,0.024341
2025-11-25 18:00,0.005294
2025-11-25 18:15,0.00558
2025-11-25 18:30,0.0
2025-11-25 18:45,0.016132
2025-11-25 19:00,0.252872
2025-11-25 19:15,0.260229
2025-11-25 19:30,0.462466
2025-11-25 19:45,0.745285
2025-11-25 20:00,0.427171
2025-11-25 20:15,0.098637
2025-11-25 20:30,0.004497
2025-11-25 20:45,0.018463
2025-11-25 21:00,0.022417
2025-11-25 21:15,0.011293
2025-11-25 21:30,0.009993
2025-11-25 21:45,0.006458
2025-11-25 22:00,0.014656
2025-11-25 22:15,0.000661
2025-11-25 22:30,0.005434
2025-11-25 22:45,0.000272
2025-11-25 23:00,0.00033
2025-11-25 23:15,0.007739
2025-11-25 23:30,0.0
2025-11-25 23:45,0.011535
2025-11-26 00:00,0.058073
2025-11-26 00:00,0.052879
2025-11-26 00:15,0.004333
2025-11-26 00:30,0.0
2025-11-26 00:45,0.009614
2025-11-26 01:00,0.038973
2025-11-26 01:15,0.014997
2025-11-26 01:30,0.000274
2025-11-26 01:45,0.000261
2025-11-26 02:00,0.0
2025-11-26 02:15,0.004239
2025-11-26 02:30,0.004333
2025-11-26 02:45,0.000468
2025-11-26 03:00,0.004807
2025-11-26 03:15,0.013379
2025-11-26 03:30,0.000194
2025-11-26 03:45,0.000709
2025-11-26 04:00,0.000247
2025-11-26 04:15,0.005068
2025-11-26 04:30,0.004821
2025-11-26 04:45,0.0
2025-11-26 05:00,0.000495
2025-11-26 05:15,0.008912
2025-11-26 05:30,0.0
2025-11-26 05:45,0.004921
2025-11-26 06:00,0.01733
2025-11-26 06:15,0.000802
2025-11-26 06:30,0.0
2025-11-26 06:45,0.005335
2025-11-26 07:00,0.0
2025-11-26 07:15,0.000428
2025-11-26 07:30,0.0
2025-11-26 07:45,0.0
2025-11-26 08:00,0.002531
2025-11-26 08:15,0.021897
2025-11-26 08:30,0.001872
2025-11-26 08:45,0.0
2025-11-26 09:00,0.0
2025-11-26 09:15,0.0
2025-11-26 09:30,0.0
2025-11-26 09:45,0.001448
2025-11-26 10:00,0.0
2025-11-26 10:15,0.004821
2025-11-26 10:30,0.000214
2025-11-26 10:45,0.004205
2025-11-26 11:00,0.000468
2025-11-26 11:15,0.000194
2025-11-26 11:30,0.004165
2025-11-26 11:45,0.0
2025-11-26 12:00,0.0
2025-11-26 12:15,0.000468
2025-11-26 12:30,0.0
2025-11-26 12:45,0.000428
2025-11-26 13:00,0.002106
2025-11-26 13:15,0.000909
2025-11-26 13:30,0.000488
2025-11-26 13:45,0.0
2025-11-26 14:00,0.000475
2025-11-26 14:15,0.016862
2025-11-26 14:30,0.001217
2025-11-26 14:45,0.009253
2025-11-26 15:00,0.001227
2025-11-26 15:15,0.012797
2025-11-26 15:30,0.096271
2025-11-26 15:45,0.144437
2025-11-26 16:00,0.166751
2025-11-26 16:15,0.262194
2025-11-26 16:30,0.319863
2025-11-26 16:45,0.266463
2025-11-26 17:00,0.243235
2025-11-26 17:15,0.075013
2025-11-26 17:30,0.011045
2025-11-26 17:45,0.03466
2025-11-26 18:00,0.016407
2025-11-26 18:15,0.043623
2025-11-26 18:30,0.000428
2025-11-26 18:45,0.009474
2025-11-26 19:00,0.207636
2025-11-26 19:15,0.18488
2025-11-26 19:30,0.733243
2025-11-26 19:45,0.399453
2025-11-26 20:00,0.837501
2025-11-26 20:15,0.000408
2025-11-26 20:30,0.000946
2025-11-26 20:45,0.00907
2025-11-26 21:00,0.019566
2025-11-26 21:15,0.0
2025-11-26 21:30,0.000194
2025-11-26 21:45,0.033644
2025-11-26 22:00,0.008411
2025-11-26 22:15,0.015699
2025-11-26 22:30,0.00922
2025-11-26 22:45,0.000354
2025-11-26 23:00,0.000468
2025-11-26 23:15,0.075699
2025-11-26 23:30,0.005482
2025-11-26 23:45,0.0
2025-11-27 00:00,0.033644
2025-11-27 00:15,0.043713
2025-11-27 00:30,0.00351
2025-11-27 00:45,0.004807
2025-11-27 01:00,0.000354
2025-11-27 01:15,0.018206
2025-11-27 01:30,0.0
2025-11-27 01:45,0.0
2025-11-27 02:00,0.186953
2025-11-27 02:15,0.001872
2025-11-27 02:30,0.057145
2025-11-27 02:45,0.0
2025-11-27 03:00,0.0
2025-11-27 03:15,0.0
2025-11-27 03:30,0.006398
2025-11-27 03:45,0.0
2025-11-27 04:00,0.000475
2025-11-27 04:15,0.000247
2025-11-27 04:30,0.0
2025-11-27 04:45,0.0
2025-11-27 05:00,0.000655
2025-11-27 05:15,0.005021
2025-11-27 05:30,0.000515
2025-11-27 05:45,0.000822
2025-11-27 06:00,0.0
2025-11-27 06:15,0.0
2025-11-27 06:30,0.0
2025-11-27 06:45,0.076915
2025-11-27 07:00,0.0
2025-11-27 07:15,0.0
2025-11-27 07:30,0.0
2025-11-27 07:45,0.000194
2025-11-27 08:00,0.0
2025-11-27 08:15,0.0
2025-11-27 08:30,0.000899
2025-11-27 08:45,0.0
2025-11-27 09:00,0.0
2025-11-27 09:15,0.0
2025-11-27 09:30,0.0
2025-11-27 09:45,0.0
2025-11-27 10:00,0.0
2025-11-27 10:15,0.000428
2025-11-27 10:30,0.005075
2025-11-27 10:45,0.0
2025-11-27 11:00,0.0
2025-11-27 11:15,0.0
2025-11-27 11:30,0.000234
2025-11-27 11:45,0.004807
2025-11-27 12:00,0.0
2025-11-27 12:15,0.0
2025-11-27 12:30,0.0
2025-11-27 12:45,0.0
2025-11-27 13:00,0.00117
2025-11-27 13:15,0.0
2025-11-27 13:30,0.000311
2025-11-27 13:45,0.000298
2025-11-27 14:00,0.005075
2025-11-27 14:15,0.077149
2025-11-27 14:30,0.0
2025-11-27 14:45,0.004821
2025-11-27 15:00,0.0
2025-11-27 15:15,0.004205
2025-11-27 15:30,0.050252
2025-11-27 15:45,0.130142
2025-11-27 16:00,0.14774
2025-11-27 16:15,0.328782
2025-11-27 16:30,0.187261
2025-11-27 16:45,0.303924
2025-11-27 17:00,0.259646
2025-11-27 17:15,0.0
2025-11-27 17:30,0.027566
2025-11-27 17:45,0.0
2025-11-27 18:00,0.0
2025-11-27 18:15,0.005131
2025-11-27 18:30,0.001193
2025-11-27 18:45,0.0
2025-11-27 19:00,0.383457
2025-11-27 19:15,0.182413
2025-11-27 19:30,0.614631
2025-11-27 19:45,0.532731
2025-11-27 20:00,0.508448
2025-11-27 20:15,0.029659
2025-11-27 20:30,0.0
2025-11-27 20:45,0.0
2025-11-27 21:00,0.0
2025-11-27 21:15,0.000298
2025-11-27 21:30,0.0
2025-11-27 21:45,0.000214
2025-11-27 22:00,0.0
2025-11-27 22:15,0.000368
2025-11-27 22:30,0.0
2025-11-27 22:45,0.0
2025-11-27 23:00,0.0
2025-11-27 23:15,0.0
2025-11-27 23:30,0.0
2025-11-27 23:45,0.0
2025-11-28 00:00,0.08213
2025-11-28 00:15,0.001631
2025-11-28 00:30,0.0
2025-11-28 00:45,0.0
2025-11-28 01:00,0.0
2025-11-28 01:15,0.005055
2025-11-28 01:30,0.0
2025-11-28 01:45,0.000311
2025-11-28 02:00,0.000274
2025-11-28 02:15,0.014295
2025-11-28 02:30,0.0
2025-11-28 02:45,0.0
2025-11-28 03:00,0.0
2025-11-28 03:15,0.0
2025-11-28 03:30,0.0
2025-11-28 03:45,0.0
2025-11-28 04:00,0.0
2025-11-28 04:15,0.025119
2025-11-28 04:30,0.0
2025-11-28 04:45,0.000234
2025-11-28 05:00,0.006011
2025-11-28 05:15,0.010236
2025-11-28 05:30,0.002173
2025-11-28 05:45,0.013619
2025-11-28 06:00,0.0
2025-11-28 06:15,0.002367
2025-11-28 06:30,0.000348
2025-11-28 06:45,0.004453
2025-11-28 07:00,0.002066
2025-11-28 07:15,0.0
2025-11-28 07:30,0.000214
2025-11-28 07:45,0.0
2025-11-28 08:00,0.000274
2025-11-28 08:15,0.007886
2025-11-28 08:30,0.0
2025-11-28 08:45,0.0
2025-11-28 09:00,0.001173
2025-11-28 09:15,0.00131
2025-11-28 09:30,0.0
2025-11-28 09:45,0.0
2025-11-28 10:00,0.0
2025-11-28 10:15,0.008043
2025-11-28 10:30,0.000214
2025-11-28 10:45,0.0
2025-11-28 11:00,0.0
2025-11-28 11:15,0.0
2025-11-28 11:30,0.000515
2025-11-28 11:45,0.005563
2025-11-28 12:00,0.0
2025-11-28 12:15,0.0
2025-11-28 12:30,0.0
2025-11-28 12:45,0.0
2025-11-28 13:00,0.0
2025-11-28 13:15,0.000522
2025-11-28 13:30,0.0
2025-11-28 13:45,0.0
2025-11-28 14:00,0.0
2025-11-28 14:15,0.001217
2025-11-28 14:30,0.0
2025-11-28 14:45,0.0
2025-11-28 15:00,0.0
2025-11-28 15:15,0.008331
2025-11-28 15:30,0.007321
2025-11-28 15:45,0.111866
2025-11-28 16:00,0.249494
2025-11-28 16:15,0.459674
2025-11-28 16:30,0.268188
2025-11-28 16:45,0.365368
2025-11-28 17:00,0.429072
2025-11-28 17:15,0.000522
2025-11-28 17:30,0.0
2025-11-28 17:45,0.004821
2025-11-28 18:00,0.001872
2025-11-28 18:15,0.000284
2025-11-28 18:30,0.0
2025-11-28 18:45,0.004821
2025-11-28 19:00,0.196086
2025-11-28 19:15,0.176419
2025-11-28 19:30,0.784685
2025-11-28 19:45,0.469723
2025-11-28 20:00,0.634672
2025-11-28 20:15,0.001066
2025-11-28 20:30,0.0
2025-11-28 20:45,0.019423
2025-11-28 21:00,0.021455
2025-11-28 21:15,0.000622
2025-11-28 21:30,0.005075
2025-11-28 21:45,0.0
2025-11-28 22:00,0.0
2025-11-28 22:15,0.004821
2025-11-28 22:30,0.0
2025-11-28 22:45,0.000311
2025-11-28 23:00,0.0
2025-11-28 23:15,0.0
2025-11-28 23:30,0.01044
2025-11-28 23:45,0.0
2025-11-29 00:00,0.0
2025-11-29 00:15,0.007896
2025-11-29 00:30,0.0
2025-11-29 00:45,0.0
2025-11-29 01:00,0.0
2025-11-29 01:15,0.009614
2025-11-29 01:30,0.006749
2025-11-29 01:45,0.0
2025-11-29 02:00,0.0
2025-11-29 02:15,0.005322
2025-11-29 02:30,0.020382
2025-11-29 02:45,0.0
2025-11-29 03:00,0.0
2025-11-29 03:15,0.0
2025-11-29 03:30,0.011186
2025-11-29 03:45,0.000575
2025-11-29 04:00,0.000568
2025-11-29 04:15,0.081194
2025-11-29 04:30,0.000247
2025-11-29 04:45,0.004821
2025-11-29 05:00,0.0
2025-11-29 05:15,0.0
2025-11-29 05:30,0.0
2025-11-29 05:45,0.007067
2025-11-29 06:00,0.000983
2025-11-29 06:15,0.0
2025-11-29 06:30,0.005075
2025-11-29 06:45,0.0
2025-11-29 07:00,0.0
2025-11-29 07:15,0.0
2025-11-29 07:30,0.0
2025-11-29 07:45,0.0
2025-11-29 08:00,0.0
2025-11-29 08:15,0.005503
2025-11-29 08:30,0.0
2025-11-29 08:45,0.005152
2025-11-29 09:00,0.0
2025-11-29 09:15,0.000792
2025-11-29 09:30,0.0
2025-11-29 09:45,0.000979
2025-11-29 10:00,0.000715
2025-11-29 10:15,0.0
2025-11-29 10:30,0.0
2025-11-29 10:45,0.000562
2025-11-29 11:00,0.0
2025-11-29 11:15,0.0
2025-11-29 11:30,0.0
2025-11-29 11:45,0.0
2025-11-29 12:00,0.0
2025-11-29 12:15,0.000214
2025-11-29 12:30,0.000234
2025-11-29 12:45,0.0
2025-11-29 13:00,0.008551
2025-11-29 13:15,0.0
2025-11-29 13:30,0.0
2025-11-29 13:45,0.0
2025-11-29 14:00,0.0
2025-11-29 14:15,0.0
2025-11-29 14:30,0.000859
2025-11-29 14:45,0.0
2025-11-29 15:00,0.000572
2025-11-29 15:15,0.0
2025-11-29 15:30,0.053454
2025-11-29 15:45,0.08326
2025-11-29 16:00,0.252649
2025-11-29 16:15,0.126164
2025-11-29 16:30,0.483098
2025-11-29 16:45,0.486588
2025-11-29 17:00,0.354831
2025-11-29 17:15,0.000328
2025-11-29 17:30,0.0
2025-11-29 17:45,0.0
2025-11-29 18:00,0.0
2025-11-29 18:15,0.019282
2025-11-29 18:30,0.0
2025-11-29 18:45,0.0
2025-11-29 19:00,0.259543
2025-11-29 19:15,0.295216
2025-11-29 19:30,0.512279
2025-11-29 19:45,0.346179
2025-11-29 20:00,0.554982
2025-11-29 20:15,0.0
2025-11-29 20:30,0.00236
2025-11-29 20:45,0.02425
2025-11-29 21:00,0.0
2025-11-29 21:15,0.0
2025-11-29 21:30,0.000234
2025-11-29 21:45,0.000214
2025-11-29 22:00,0.0
2025-11-29 22:15,0.0
2025-11-29 22:30,0.000328
2025-11-29 22:45,0.0
2025-11-29 23:00,0.004821
2025-11-29 23:15,0.005118
2025-11-29 23:30,0.0
2025-11-29 23:45,0.0
2025-11-30 00:00,0.0
2025-11-30 00:15,0.004887
2025-11-30 00:30,0.0
2025-11-30 00:45,0.004874
2025-11-30 01:00,0.0
2025-11-30 01:15,0.000348
2025-11-30 01:30,0.000298
2025-11-30 01:45,0.0
2025-11-30 02:00,0.001936
2025-11-30 02:15,0.015471
2025-11-30 02:30,0.000194
2025-11-30 02:45,0.0
2025-11-30 03:00,0.0
2025-11-30 03:15,0.000247
2025-11-30 03:30,0.005075
2025-11-30 03:45,0.000274
2025-11-30 04:00,0.000287
2025-11-30 04:15,0.000428
2025-11-30 04:30,0.0
2025-11-30 04:45,0.0
2025-11-30 05:00,0.0
2025-11-30 05:15,0.0
2025-11-30 05:30,0.0
2025-11-30 05:45,0.000284
2025-11-30 06:00,0.0
2025-11-30 06:15,0.000261
2025-11-30 06:30,0.004821
2025-11-30 06:45,0.0
2025-11-30 07:00,0.0
2025-11-30 07:15,0.0
2025-11-30 07:30,0.0
2025-11-30 07:45,0.0
2025-11-30 08:00,0.005081
2025-11-30 08:15,0.005289
2025-11-30 08:30,0.0
2025-11-30 08:45,0.0
2025-11-30 09:00,0.0
2025-11-30 09:15,0.000247
2025-11-30 09:30,0.0
2025-11-30 09:45,0.0
2025-11-30 10:00,0.0
2025-11-30 10:15,0.0
2025-11-30 10:30,0.010363
2025-11-30 10:45,0.0
2025-11-30 11:00,0.0
2025-11-30 11:15,0.014462
2025-11-30 11:30,0.0
2025-11-30 11:45,0.000949
2025-11-30 12:00,0.0
2025-11-30 12:15,0.0
2025-11-30 12:30,0.0
2025-11-30 12:45,0.004807
2025-11-30 13:00,0.0
2025-11-30 13:15,0.000856
2025-11-30 13:30,0.0
2025-11-30 13:45,0.002621
2025-11-30 14:00,0.0
2025-11-30 14:15,0.004821
2025-11-30 14:30,0.0
2025-11-30 14:45,0.0
2025-11-30 15:00,0.0
2025-11-30 15:15,0.0
2025-11-30 15:30,0.083033
2025-11-30 15:45,0.235634
2025-11-30 16:00,0.170933
2025-11-30 16:15,0.307745
2025-11-30 16:30,0.159052
2025-11-30 16:45,0.573977
2025-11-30 17:00,0.216111
2025-11-30 17:15,0.000628
2025-11-30 17:30,0.0
2025-11-30 17:45,0.0
2025-11-30 18:00,0.0
2025-11-30 18:15,0.0
2025-11-30 18:30,0.0
2025-11-30 18:45,0.001671
2025-11-30 19:00,0.172485
2025-11-30 19:15,0.477773
2025-11-30 19:30,0.607069
2025-11-30 19:45,0.397762
2025-11-30 20:00,0.47697
2025-11-30 20:15,0.0
2025-11-30 20:30,0.009628
2025-11-30 20:45,0.000298
2025-11-30 21:00,0.005055
2025-11-30 21:15,0.009641
2025-11-30 21:30,0.0
2025-11-30 21:45,0.001334
2025-11-30 22:00,0.005319
2025-11-30 22:15,0.009307
2025-11-30 22:30,0.0
2025-11-30 22:45,0.0
2025-11-30 23:00,0.0
2025-11-30 23:15,0.000401
2025-11-30 23:30,0.003076
2025-11-30 23:45,0.0
2025-12-01 00:00,0.019463
2025-12-01 00:15,0.014462
2025-12-01 00:30,0.0
2025-12-01 00:45,0.0
2025-12-01 01:00,0.0
2025-12-01 01:15,0.000388
2025-12-01 01:30,0.0
2025-12-01 01:45,0.0
2025-12-01 02:00,0.000261
2025-12-01 02:15,0.01049
2025-12-01 02:30,0.019229
2025-12-01 02:45,0.0
2025-12-01 03:00,0.004821
2025-12-01 03:15,0.000722
2025-12-01 03:30,0.0
2025-12-01 03:45,0.013773
2025-12-01 04:00,0.0
2025-12-01 04:15,0.038458
2025-12-01 04:30,0.000568
2025-12-01 04:45,0.0
2025-12-01 05:00,0.000608
2025-12-01 05:15,0.019229
2025-12-01 05:30,0.0
2025-12-01 05:45,0.005783
2025-12-01 06:00,0.000622
2025-12-01 06:15,0.0
2025-12-01 06:30,0.0
2025-12-01 06:45,0.000796
2025-12-01 07:00,0.001832
2025-12-01 07:15,0.0
2025-12-01 07:30,0.0
2025-12-01 07:45,0.0
2025-12-01 08:00,0.000194
2025-12-01 08:15,0.004867
2025-12-01 08:30,0.002577
2025-12-01 08:45,0.0
2025-12-01 09:00,0.0
2025-12-01 09:15,0.650334
2025-12-01 09:30,0.0
2025-12-01 09:45,0.0
2025-12-01 10:00,0.0
2025-12-01 10:15,0.0
2025-12-01 10:30,0.010363
2025-12-01 10:45,0.0
2025-12-01 11:00,0.0
2025-12-01 11:15,0.0
2025-12-01 11:30,0.004821
2025-12-01 11:45,0.0
2025-12-01 12:00,0.006719
2025-12-01 12:15,0.037655
2025-12-01 12:30,0.001762
2025-12-01 12:45,0.0
2025-12-01 13:00,0.0
2025-12-01 13:15,0.0
2025-12-01 13:30,0.001244
2025-12-01 13:45,0.005616
2025-12-01 14:00,0.0
2025-12-01 14:15,0.000856
2025-12-01 14:30,0.011132
2025-12-01 14:45,0.010871
2025-12-01 15:00,0.001491
2025-12-01 15:15,0.003607
2025-12-01 15:30,0.071834
2025-12-01 15:45,0.210628
2025-12-01 16:00,0.477612
2025-12-01 16:15,0.309965
2025-12-01 16:30,0.270825
2025-12-01 16:45,0.31164
2025-12-01 17:00,0.164826
2025-12-01 17:15,0.001671
2025-12-01 17:30,0.000334
2025-12-01 17:45,0.001675
2025-12-01 18:00,0.028984
2025-12-01 18:15,0.0
2025-12-01 18:30,0.009868
2025-12-01 18:45,0.007528
2025-12-01 19:00,0.302339
2025-12-01 19:15,0.117078
2025-12-01 19:30,1.0
2025-12-01 19:45,0.417061
2025-12-01 20:00,0.34995
2025-12-01 20:15,0.017517
2025-12-01 20:30,0.006271
2025-12-01 20:45,0.002838
2025-12-01 21:00,0.00808
2025-12-01 21:15,0.006345
2025-12-01 21:30,0.007027
2025-12-01 21:45,0.000214
2025-12-01 22:00,0.001949
2025-12-01 22:15,0.0
2025-12-01 22:30,0.014462
2025-12-01 22:45,0.0
2025-12-01 23:00,0.009895
2025-12-01 23:15,0.0
2025-12-01 23:30,0.000298
2025-12-01 23:45,0.004807
2025-12-02 00:00,0.0
2025-12-02 00:15,0.0
2025-12-02 00:30,0.0
2025-12-02 00:45,0.010022
2025-12-02 01:00,0.0
2025-12-02 01:15,0.042449
2025-12-02 01:30,0.001872
2025-12-02 01:45,0.000234
2025-12-02 02:00,0.001712
2025-12-02 02:15,0.0
2025-12-02 02:30,0.038759
2025-12-02 02:45,0.024103
2025-12-02 03:00,0.0
2025-12-02 03:15,0.000247
2025-12-02 03:30,0.001003
2025-12-02 03:45,0.001411
2025-12-02 04:00,0.0
2025-12-02 04:15,0.000214
2025-12-02 04:30,0.0
2025-12-02 04:45,0.0
2025-12-02 05:00,0.001407
2025-12-02 05:15,0.004807
2025-12-02 05:30,0.0
2025-12-02 05:45,0.000388
2025-12-02 06:00,0.0
2025-12-02 06:15,0.001936
2025-12-02 06:30,0.000214
2025-12-02 06:45,0.193679
2025-12-02 07:00,0.002537
2025-12-02 07:15,0.000488
2025-12-02 07:30,0.008665
2025-12-02 07:45,0.0
2025-12-02 08:00,0.010363
2025-12-02 08:15,0.005503
2025-12-02 08:30,0.000408
2025-12-02 08:45,0.000214
2025-12-02 09:00,0.000247
2025-12-02 09:15,0.0
2025-12-02 09:30,0.000287
2025-12-02 09:45,0.0
2025-12-02 10:00,0.004807
2025-12-02 10:15,0.000214
2025-12-02 10:30,0.015739
2025-12-02 10:45,0.010363
2025-12-02 11:00,0.04513
2025-12-02 11:15,0.032541
2025-12-02 11:30,0.010691
2025-12-02 11:45,0.01611
2025-12-02 12:00,0.024932
2025-12-02 12:15,0.010149
2025-12-02 12:30,0.010149
2025-12-02 12:45,0.026443
2025-12-02 13:00,0.011005
2025-12-02 13:15,0.058837
2025-12-02 13:30,0.001227
2025-12-02 13:45,0.0
2025-12-02 14:00,0.004914
2025-12-02 14:15,0.015368
2025-12-02 14:30,0.027546
2025-12-02 14:45,0.009855
2025-12-02 15:00,0.113213
2025-12-02 15:15,0.027667
2025-12-02 15:30,0.067528
2025-12-02 15:45,0.104749
2025-12-02 16:00,0.185017
2025-12-02 16:15,0.25638
2025-12-02 16:30,0.283692
2025-12-02 16:45,0.303242
2025-12-02 17:00,0.286387
2025-12-02 17:15,0.056216
2025-12-02 17:30,0.006576
2025-12-02 17:45,0.010657
2025-12-02 18:00,0.000214
2025-12-02 18:15,0.030662
2025-12-02 18:30,0.013044
2025-12-02 18:45,0.000214
2025-12-02 19:00,0.234383
2025-12-02 19:15,0.205012
2025-12-02 19:30,0.628374
2025-12-02 19:45,0.520573
2025-12-02 20:00,0.569109
2025-12-02 20:15,0.114811
2025-12-02 20:30,0.056811
2025-12-02 20:45,0.010256
2025-12-02 21:00,0.023434
2025-12-02 21:15,0.013847
2025-12-02 21:30,0.004821
2025-12-02 21:45,0.001411
2025-12-02 22:00,0.000632
2025-12-02 22:15,0.028923
2025-12-02 22:30,0.004707
2025-12-02 22:45,0.000214
2025-12-02 23:00,0.005035
2025-12-02 23:15,0.000318
2025-12-02 23:30,0.005075
2025-12-02 23:45,0.010149
2025-12-03 00:00,0.0
2025-12-03 00:00,0.0
2025-12-03 00:15,0.001389
2025-12-03 00:30,0.083968
2025-12-03 00:45,0.000296
2025-12-03 01:00,0.006657
2025-12-03 01:15,0.012351
2025-12-03 01:30,0.000296
2025-12-03 01:45,0.000805
2025-12-03 02:00,0.000343
2025-12-03 02:15,0.0
2025-12-03 02:30,0.0
2025-12-03 02:45,0.002592
2025-12-03 03:00,0.0
2025-12-03 03:15,0.0
2025-12-03 03:30,0.020729
2025-12-03 03:45,0.0
2025-12-03 04:00,0.000361
2025-12-03 04:15,0.0
2025-12-03 04:30,0.01335
2025-12-03 04:45,0.0
2025-12-03 05:00,0.004259
2025-12-03 05:15,0.010568
2025-12-03 05:30,0.0
2025-12-03 05:45,0.0
2025-12-03 06:00,0.0
2025-12-03 06:15,0.0
2025-12-03 06:30,0.0
2025-12-03 06:45,0.005111
2025-12-03 07:00,0.0
2025-12-03 07:15,0.0
2025-12-03 07:30,0.0
2025-12-03 07:45,0.000324
2025-12-03 08:00,0.022266
2025-12-03 08:15,0.02197
2025-12-03 08:30,0.007027
2025-12-03 08:45,0.0
2025-12-03 09:00,0.004388
2025-12-03 09:15,0.0
2025-12-03 09:30,0.0
2025-12-03 09:45,0.001065
2025-12-03 10:00,0.0
2025-12-03 10:15,0.00044
2025-12-03 10:30,0.009754
2025-12-03 10:45,0.028224
2025-12-03 11:00,0.0
2025-12-03 11:15,0.007027
2025-12-03 11:30,0.000268
2025-12-03 11:45,0.0
2025-12-03 12:00,0.002777
2025-12-03 12:15,0.0
2025-12-03 12:30,0.001736
2025-12-03 12:45,0.0
2025-12-03 13:00,0.000324
2025-12-03 13:15,0.009018
2025-12-03 13:30,0.012096
2025-12-03 13:45,0.006911
2025-12-03 14:00,0.013147
2025-12-03 14:15,0.063531
2025-12-03 14:30,0.001648
2025-12-03 14:45,0.027071
2025-12-03 15:00,0.006092
2025-12-03 15:15,0.00786
2025-12-03 15:30,0.240679
2025-12-03 15:45,0.181806
2025-12-03 16:00,0.547046
2025-12-03 16:15,0.479386
2025-12-03 16:30,0.55536
2025-12-03 16:45,1.0
2025-12-03 17:00,0.354621
2025-12-03 17:15,0.000805
2025-12-03 17:30,0.012499
2025-12-03 17:45,0.023933
2025-12-03 18:00,0.006675
2025-12-03 18:15,0.005999
2025-12-03 18:30,0.000537
2025-12-03 18:45,0.00037
2025-12-03 19:00,0.484321
2025-12-03 19:15,0.198582
2025-12-03 19:30,0.575404
2025-12-03 19:45,0.719371
2025-12-03 20:00,0.835359
2025-12-03 20:15,0.122437
2025-12-03 20:30,0.006675
2025-12-03 20:45,0.012008
2025-12-03 21:00,0.030386
2025-12-03 21:15,0.010906
2025-12-03 21:30,0.008615
2025-12-03 21:45,0.016642
2025-12-03 22:00,0.007865
2025-12-03 22:15,0.030515
2025-12-03 22:30,0.012499
2025-12-03 22:45,0.000296
2025-12-03 23:00,0.016721
2025-12-03 23:15,0.0
2025-12-03 23:30,0.007726
2025-12-03 23:45,0.020007
2025-12-04 00:00,0.000537
2025-12-04 00:15,0.0
2025-12-04 00:30,0.026701
2025-12-04 00:45,0.01335
2025-12-04 01:00,0.0
2025-12-04 01:15,0.040764
2025-12-04 01:30,0.014156
2025-12-04 01:45,0.006675
2025-12-04 02:00,0.000268
2025-12-04 02:15,0.007703
2025-12-04 02:30,0.062952
2025-12-04 02:45,0.046463
2025-12-04 03:00,0.0
2025-12-04 03:15,0.005162
2025-12-04 03:30,0.009832
2025-12-04 03:45,0.020942
2025-12-04 04:00,0.007527
2025-12-04 04:15,0.006675
2025-12-04 04:30,0.007851
2025-12-04 04:45,0.008541
2025-12-04 05:00,0.006675
2025-12-04 05:15,0.005416
2025-12-04 05:30,0.023197
2025-12-04 05:45,0.025146
2025-12-04 06:00,0.0
2025-12-04 06:15,0.0
2025-12-04 06:30,0.006675
2025-12-04 06:45,0.008661
2025-12-04 07:00,0.000944
2025-12-04 07:15,0.000296
2025-12-04 07:30,0.0
2025-12-04 07:45,0.0
2025-12-04 08:00,0.014485
2025-12-04 08:15,0.00762
2025-12-04 08:30,0.0
2025-12-04 08:45,0.000782
2025-12-04 09:00,0.000995
2025-12-04 09:15,0.0
2025-12-04 09:30,0.000296
2025-12-04 09:45,0.006675
2025-12-04 10:00,0.000324
2025-12-04 10:15,0.001981
2025-12-04 10:30,0.00762
2025-12-04 10:45,0.0
2025-12-04 11:00,0.003268
2025-12-04 11:15,0.0
2025-12-04 11:30,0.003148
2025-12-04 11:45,0.000639
2025-12-04 12:00,0.000296
2025-12-04 12:15,0.012888
2025-12-04 12:30,0.013022
2025-12-04 12:45,0.000685
2025-12-04 13:00,0.000412
2025-12-04 13:15,0.013249
2025-12-04 13:30,0.0
2025-12-04 13:45,0.011647
2025-12-04 14:00,0.0
2025-12-04 14:15,0.022396
2025-12-04 14:30,0.0
2025-12-04 14:45,0.001352
2025-12-04 15:00,0.006675
2025-12-04 15:15,0.001694
2025-12-04 15:30,0.0
2025-12-04 15:45,0.0171
2025-12-04 16:00,0.000296
2025-12-04 16:15,0.000593
2025-12-04 16:30,0.011138
2025-12-04 16:45,0.002703
2025-12-04 17:00,0.000708
2025-12-04 17:15,0.002023
2025-12-04 17:30,0.006675
2025-12-04 17:45,0.001463
2025-12-04 18:00,0.01248
2025-12-04 18:15,0.092759
2025-12-04 18:30,0.167775
2025-12-04 18:45,0.006518
2025-12-04 19:00,0.001157
2025-12-04 19:15,0.026743
2025-12-04 19:30,0.008606
2025-12-04 19:45,0.059258
2025-12-04 20:00,0.000296
2025-12-04 20:15,0.000268
2025-12-04 20:30,0.048435
2025-12-04 20:45,0.003666
2025-12-04 21:00,0.002953
2025-12-04 21:15,0.263709
2025-12-04 21:30,0.034797
2025-12-04 21:45,0.0
2025-12-04 22:00,0.0
2025-12-04 22:15,0.008152
2025-12-04 22:30,0.015262
2025-12-04 22:45,0.001005
2025-12-04 23:00,0.000324
2025-12-04 23:15,0.003291
2025-12-04 23:30,0.000296
2025-12-04 23:45,0.003162
2025-12-05 00:00,0.0
2025-12-05 00:15,0.00087
2025-12-05 00:30,0.002046
2025-12-05 00:45,0.01747
2025-12-05 01:00,0.006944
2025-12-05 01:15,0.034293
2025-12-05 01:30,0.007476
2025-12-05 01:45,0.0
2025-12-05 02:00,0.000648
2025-12-05 02:15,0.034339
2025-12-05 02:30,0.003564
2025-12-05 02:45,0.0
2025-12-05 03:00,0.005013
2025-12-05 03:15,0.0
2025-12-05 03:30,0.013702
2025-12-05 03:45,0.001329
2025-12-05 04:00,0.051074
2025-12-05 04:15,0.000537
2025-12-05 04:30,0.0
2025-12-05 04:45,0.000694
2025-12-05 05:00,0.009888
2025-12-05 05:15,0.0
2025-12-05 05:30,0.000565
2025-12-05 05:45,0.002185
2025-12-05 06:00,0.000268
2025-12-05 06:15,0.000565
2025-12-05 06:30,0.0
2025-12-05 06:45,0.002125
2025-12-05 07:00,0.000343
2025-12-05 07:15,0.0
2025-12-05 07:30,0.0
2025-12-05 07:45,0.004338
2025-12-05 08:00,0.021405
2025-12-05 08:15,0.019952
2025-12-05 08:30,0.002861
2025-12-05 08:45,0.000268
2025-12-05 09:00,0.121488
2025-12-05 09:15,0.021266
2025-12-05 09:30,0.0
2025-12-05 09:45,0.000509
2025-12-05 10:00,0.002861
2025-12-05 10:15,0.0
2025-12-05 10:30,0.015531
2025-12-05 10:45,0.007027
2025-12-05 11:00,0.000889
2025-12-05 11:15,0.001347
2025-12-05 11:30,0.000412
2025-12-05 11:45,0.004189
2025-12-05 12:00,0.005009
2025-12-05 12:15,0.000972
2025-12-05 12:30,0.014499
2025-12-05 12:45,0.0
2025-12-05 13:00,0.0
2025-12-05 13:15,0.0
2025-12-05 13:30,0.093518
2025-12-05 13:45,0.03008
2025-12-05 14:00,0.007462
2025-12-05 14:15,0.011647
2025-12-05 14:30,0.000268
2025-12-05 14:45,0.000639
2025-12-05 15:00,0.0
2025-12-05 15:15,0.013388
2025-12-05 15:30,0.0
2025-12-05 15:45,0.013647
2025-12-05 16:00,0.000343
2025-12-05 16:15,0.002199
2025-12-05 16:30,0.010467
2025-12-05 16:45,0.01947
2025-12-05 17:00,0.006735
2025-12-05 17:15,0.019822
2025-12-05 17:30,0.005462
2025-12-05 17:45,0.013374
2025-12-05 18:00,0.0
2025-12-05 18:15,0.004106
2025-12-05 18:30,0.011545
2025-12-05 18:45,0.00842
2025-12-05 19:00,0.000537
2025-12-05 19:15,0.061225
2025-12-05 19:30,0.096314
2025-12-05 19:45,0.068586
2025-12-05 20:00,0.0
2025-12-05 20:15,0.109493
2025-12-05 20:30,0.001
2025-12-05 20:45,0.022549
2025-12-05 21:00,0.03889
2025-12-05 21:15,0.000755
2025-12-05 21:30,0.003426
2025-12-05 21:45,0.012443
2025-12-05 22:00,0.000398
2025-12-05 22:15,0.007407
2025-12-05 22:30,0.0
2025-12-05 22:45,0.001477
2025-12-05 23:00,0.014239
2025-12-05 23:15,0.008305
2025-12-05 23:30,0.000435
2025-12-05 23:45,0.0
2025-12-06 00:00,0.053124
2025-12-06 00:15,0.002861
2025-12-06 00:30,0.0
2025-12-06 00:45,0.0
2025-12-06 01:00,0.000296
2025-12-06 01:15,0.002083
2025-12-06 01:30,0.0
2025-12-06 01:45,0.001116
2025-12-06 02:00,0.0
2025-12-06 02:15,0.013702
2025-12-06 02:30,0.000268
2025-12-06 02:45,0.000768
2025-12-06 03:00,0.002935
2025-12-06 03:15,0.006847
2025-12-06 03:30,0.006675
2025-12-06 03:45,0.000343
2025-12-06 04:00,0.009036
2025-12-06 04:15,0.000412
2025-12-06 04:30,0.009707
2025-12-06 04:45,0.000398
2025-12-06 05:00,0.0
2025-12-06 05:15,0.028266
2025-12-06 05:30,0.00113
2025-12-06 05:45,0.020128
2025-12-06 06:00,0.001477
2025-12-06 06:15,0.001477
2025-12-06 06:30,0.0
2025-12-06 06:45,0.005106
2025-12-06 07:00,0.00212
2025-12-06 07:15,0.000268
2025-12-06 07:30,0.003574
2025-12-06 07:45,0.007749
2025-12-06 08:00,0.014619
2025-12-06 08:15,0.000398
2025-12-06 08:30,0.003268
2025-12-06 08:45,0.000343
2025-12-06 09:00,0.0
2025-12-06 09:15,0.0
2025-12-06 09:30,0.01261
2025-12-06 09:45,0.007231
2025-12-06 10:00,0.00836
2025-12-06 10:15,0.006972
2025-12-06 10:30,0.000296
2025-12-06 10:45,0.019544
2025-12-06 11:00,0.000343
2025-12-06 11:15,0.0
2025-12-06 11:30,0.006286
2025-12-06 11:45,0.00611
2025-12-06 12:00,0.002902
2025-12-06 12:15,0.000296
2025-12-06 12:30,0.0
2025-12-06 12:45,0.002861
2025-12-06 13:00,0.0
2025-12-06 13:15,0.000343
2025-12-06 13:30,0.0
2025-12-06 13:45,0.0
2025-12-06 14:00,0.0
2025-12-06 14:15,0.0
2025-12-06 14:30,0.03308
2025-12-06 14:45,0.0
2025-12-06 15:00,0.001287
2025-12-06 15:15,0.0
2025-12-06 15:30,0.0
2025-12-06 15:45,0.0
2025-12-06 16:00,0.00069
2025-12-06 16:15,0.0
2025-12-06 16:30,0.006675
2025-12-06 16:45,0.0
2025-12-06 17:00,0.002592
2025-12-06 17:15,0.0
2025-12-06 17:30,0.000296
2025-12-06 17:45,0.0
2025-12-06 18:00,0.000296
2025-12-06 18:15,0.0
2025-12-06 18:30,0.0
2025-12-06 18:45,0.000657
2025-12-06 19:00,0.006453
2025-12-06 19:15,0.001088
2025-12-06 19:30,0.002273
2025-12-06 19:45,0.000944
2025-12-06 20:00,0.000657
2025-12-06 20:15,0.015947
2025-12-06 20:30,0.004314
2025-12-06 20:45,0.000926
2025-12-06 21:00,0.006953
2025-12-06 21:15,0.000268
2025-12-06 21:30,0.060207
2025-12-06 21:45,0.0
2025-12-06 22:00,0.000713
2025-12-06 22:15,0.000296
2025-12-06 22:30,0.00081
2025-12-06 22:45,0.001523
2025-12-06 23:00,0.0
2025-12-06 23:15,0.020322
2025-12-06 23:30,0.000431
2025-12-06 23:45,0.0
2025-12-07 00:00,0.0
2025-12-07 00:15,0.006305
2025-12-07 00:30,0.000268
2025-12-07 00:45,0.0
2025-12-07 01:00,0.001074
2025-12-07 01:15,0.00287
2025-12-07 01:30,0.006435
2025-12-07 01:45,0.005476
2025-12-07 02:00,0.000343
2025-12-07 02:15,0.010351
2025-12-07 02:30,0.015355
2025-12-07 02:45,0.005768
2025-12-07 03:00,0.012573
2025-12-07 03:15,0.001296
2025-12-07 03:30,0.0
2025-12-07 03:45,0.000639
2025-12-07 04:00,0.013369
2025-12-07 04:15,0.000268
2025-12-07 04:30,0.0
2025-12-07 04:45,0.007018
2025-12-07 05:00,0.002657
2025-12-07 05:15,0.006999
2025-12-07 05:30,0.001639
2025-12-07 05:45,0.038815
2025-12-07 06:00,0.006472
2025-12-07 06:15,0.000431
2025-12-07 06:30,0.0
2025-12-07 06:45,0.007296
2025-12-07 07:00,0.000296
2025-12-07 07:15,0.007976
2025-12-07 07:30,0.016665
2025-12-07 07:45,0.000431
2025-12-07 08:00,0.0
2025-12-07 08:15,0.012888
2025-12-07 08:30,0.006342
2025-12-07 08:45,0.0
2025-12-07 09:00,0.000685
2025-12-07 09:15,0.0
2025-12-07 09:30,0.005185
2025-12-07 09:45,0.000268
2025-12-07 10:00,0.00599
2025-12-07 10:15,0.00162
2025-12-07 10:30,0.008022
2025-12-07 10:45,0.000268
2025-12-07 11:00,0.001995
2025-12-07 11:15,0.0
2025-12-07 11:30,0.000268
2025-12-07 11:45,0.001574
2025-12-07 12:00,0.005629
2025-12-07 12:15,0.000268
2025-12-07 12:30,0.008657
2025-12-07 12:45,0.0
2025-12-07 13:00,0.00618
2025-12-07 13:15,0.002861
2025-12-07 13:30,0.000829
2025-12-07 13:45,0.0
2025-12-07 14:00,0.0
2025-12-07 14:15,0.0
2025-12-07 14:30,0.007226
2025-12-07 14:45,0.006259
2025-12-07 15:00,0.006972
2025-12-07 15:15,0.003768
2025-12-07 15:30,0.000268
2025-12-07 15:45,0.021609
2025-12-07 16:00,0.000324
2025-12-07 16:15,0.0
2025-12-07 16:30,0.000431
2025-12-07 16:45,0.001773
2025-12-07 17:00,0.0
2025-12-07 17:15,0.0
2025-12-07 17:30,0.011531
2025-12-07 17:45,0.000324
2025-12-07 18:00,0.007342
2025-12-07 18:15,0.006064
2025-12-07 18:30,0.000815
2025-12-07 18:45,0.0
2025-12-07 19:00,0.005768
2025-12-07 19:15,0.013749
2025-12-07 19:30,0.019118
2025-12-07 19:45,0.006675
2025-12-07 20:00,0.001185
2025-12-07 20:15,0.0
2025-12-07 20:30,0.0
2025-12-07 20:45,0.0
2025-12-07 21:00,0.0
2025-12-07 21:15,0.0
2025-12-07 21:30,0.000324
2025-12-07 21:45,0.093444
2025-12-07 22:00,0.001296
2025-12-07 22:15,0.0
2025-12-07 22:30,0.0
2025-12-07 22:45,0.0
2025-12-07 23:00,0.007087
2025-12-07 23:15,0.000431
2025-12-07 23:30,0.000565
2025-12-07 23:45,0.056216
2025-12-08 00:00,0.0
2025-12-08 00:15,0.010045
2025-12-08 00:30,0.000296
2025-12-08 00:45,0.0
2025-12-08 01:00,0.001167
2025-12-08 01:15,0.004675
2025-12-08 01:30,0.004935
2025-12-08 01:45,0.0
2025-12-08 02:00,0.000343
2025-12-08 02:15,0.020729
2025-12-08 02:30,0.000995
2025-12-08 02:45,0.0
2025-12-08 03:00,0.0
2025-12-08 03:15,0.0
2025-12-08 03:30,0.001639
2025-12-08 03:45,0.008374
2025-12-08 04:00,0.000509
2025-12-08 04:15,0.000268
2025-12-08 04:30,0.000782
2025-12-08 04:45,0.000435
2025-12-08 05:00,0.006972
2025-12-08 05:15,0.006657
2025-12-08 05:30,0.006495
2025-12-08 05:45,0.012915
2025-12-08 06:00,0.005768
2025-12-08 06:15,0.006675
2025-12-08 06:30,0.0
2025-12-08 06:45,0.012425
2025-12-08 07:00,0.007916
2025-12-08 07:15,0.0
2025-12-08 07:30,0.0
2025-12-08 07:45,0.000727
2025-12-08 08:00,0.001676
2025-12-08 08:15,0.000296
2025-12-08 08:30,0.007027
2025-12-08 08:45,0.001842
2025-12-08 09:00,0.000268
2025-12-08 09:15,0.0
2025-12-08 09:30,0.00081
2025-12-08 09:45,0.006064
2025-12-08 10:00,0.005768
2025-12-08 10:15,0.000458
2025-12-08 10:30,0.0
2025-12-08 10:45,0.000412
2025-12-08 11:00,0.004143
2025-12-08 11:15,0.001301
2025-12-08 11:30,0.00075
2025-12-08 11:45,0.001352
2025-12-08 12:00,0.001454
2025-12-08 12:15,0.0
2025-12-08 12:30,0.006675
2025-12-08 12:45,0.0
2025-12-08 13:00,0.006305
2025-12-08 13:15,0.007643
2025-12-08 13:30,0.009249
2025-12-08 13:45,0.005842
2025-12-08 14:00,0.04931
2025-12-08 14:15,0.000778
2025-12-08 14:30,0.006694
2025-12-08 14:45,0.006101
2025-12-08 15:00,0.034043
2025-12-08 15:15,0.014151
2025-12-08 15:30,0.007083
2025-12-08 15:45,0.00062
2025-12-08 16:00,0.13843
2025-12-08 16:15,0.012795
2025-12-08 16:30,0.070437
2025-12-08 16:45,0.002916
2025-12-08 17:00,0.008402
2025-12-08 17:15,0.007083
2025-12-08 17:30,0.0
2025-12-08 17:45,0.000268
2025-12-08 18:00,0.002699
2025-12-08 18:15,0.000639
2025-12-08 18:30,0.006675
2025-12-08 18:45,0.011115
2025-12-08 19:00,0.001079
2025-12-08 19:15,0.01541
2025-12-08 19:30,0.001204
2025-12-08 19:45,0.040774
2025-12-08 20:00,0.000537
2025-12-08 20:15,0.021433
2025-12-08 20:30,0.013647
2025-12-08 20:45,0.012003
2025-12-08 21:00,0.066336
2025-12-08 21:15,0.007115
2025-12-08 21:30,0.0
2025-12-08 21:45,0.001412
2025-12-08 22:00,0.042959
2025-12-08 22:15,0.0
2025-12-08 22:30,0.0
2025-12-08 22:45,0.035075
2025-12-08 23:00,0.006675
2025-12-08 23:15,0.011536
2025-12-08 23:30,0.006675
2025-12-08 23:45,0.0
2025-12-09 00:00,0.008272
2025-12-09 00:15,0.013212
2025-12-09 00:30,0.0
2025-12-09 00:45,0.000426
2025-12-09 01:00,0.0
2025-12-09 01:15,0.007221
2025-12-09 01:30,0.0
2025-12-09 01:45,0.033571
2025-12-09 02:00,0.000296
2025-12-09 02:15,0.020378
2025-12-09 02:30,0.000412
2025-12-09 02:45,0.001139
2025-12-09 03:00,0.071159
2025-12-09 03:15,0.0
2025-12-09 03:30,0.008499
2025-12-09 03:45,0.230352
2025-12-09 04:00,0.0
2025-12-09 04:15,0.000296
2025-12-09 04:30,0.001662
2025-12-09 04:45,0.0
2025-12-09 05:00,0.0
2025-12-09 05:15,0.01997
2025-12-09 05:30,0.0
2025-12-09 05:45,0.051546
2025-12-09 06:00,0.0
2025-12-09 06:15,0.006675
2025-12-09 06:30,0.000296
2025-12-09 06:45,0.113164
2025-12-09 07:00,0.004064
2025-12-09 07:15,0.0
2025-12-09 07:30,0.0
2025-12-09 07:45,0.0
2025-12-09 08:00,0.000324
2025-12-09 08:15,0.001213
2025-12-09 08:30,0.0
2025-12-09 08:45,0.001861
2025-12-09 09:00,0.001944
2025-12-09 09:15,0.0
2025-12-09 09:30,0.0
2025-12-09 09:45,0.0
2025-12-09 10:00,0.0
2025-12-09 10:15,0.0
2025-12-09 10:30,0.0
2025-12-09 10:45,0.0
2025-12-09 11:00,0.001477
2025-12-09 11:15,0.058587
2025-12-09 11:30,0.00087
2025-12-09 11:45,0.006675
2025-12-09 12:00,0.0
2025-12-09 12:15,0.000343
2025-12-09 12:30,0.0
2025-12-09 12:45,0.002819
2025-12-09 13:00,0.006897
2025-12-09 13:15,0.000268
2025-12-09 13:30,0.0
2025-12-09 13:45,0.006444
2025-12-09 14:00,0.002958
2025-12-09 14:15,0.007323
2025-12-09 14:30,0.432669
2025-12-09 14:45,0.000268
2025-12-09 15:00,0.014656
2025-12-09 15:15,0.00375
2025-12-09 15:30,0.024183
2025-12-09 15:45,0.006675
2025-12-09 16:00,0.000324
2025-12-09 16:15,0.006675
2025-12-09 16:30,0.001472
2025-12-09 16:45,0.006444
2025-12-09 17:00,0.066373
2025-12-09 17:15,0.000343
2025-12-09 17:30,0.013415
2025-12-09 17:45,0.005023
2025-12-09 18:00,0.001722
2025-12-09 18:15,0.007425
2025-12-09 18:30,0.007916
2025-12-09 18:45,0.017489
2025-12-09 19:00,0.004388
2025-12-09 19:15,0.00062
2025-12-09 19:30,0.002403
2025-12-09 19:45,0.03895
2025-12-09 20:00,0.000805
2025-12-09 20:15,0.020776
2025-12-09 20:30,0.018517
2025-12-09 20:45,0.021197
2025-12-09 21:00,0.004379
2025-12-09 21:15,0.003189
2025-12-09 21:30,0.072321
2025-12-09 21:45,0.005823
2025-12-09 22:00,0.000565
2025-12-09 22:15,0.000343
2025-12-09 22:30,0.0
2025-12-09 22:45,0.000889
2025-12-09 23:00,0.000824
2025-12-09 23:15,0.0
2025-12-09 23:30,0.001296
2025-12-09 23:45,0.338484
2025-12-10 00:00,0.117173
2025-12-10 00:00,0.039646
2025-12-10 00:15,0.021286
2025-12-10 00:30,0.0
2025-12-10 00:45,0.00047
2025-12-10 01:00,0.002259
2025-12-10 01:15,0.000141
2025-12-10 01:30,0.002259
2025-12-10 01:45,0.019823
2025-12-10 02:00,0.001156
2025-12-10 02:15,0.023892
2025-12-10 02:30,0.000727
2025-12-10 02:45,0.0
2025-12-10 03:00,0.0
2025-12-10 03:15,0.000141
2025-12-10 03:30,0.002785
2025-12-10 03:45,0.0
2025-12-10 04:00,0.0
2025-12-10 04:15,9.1e-05
2025-12-10 04:30,0.0
2025-12-10 04:45,0.002259
2025-12-10 05:00,0.0
2025-12-10 05:15,0.0
2025-12-10 05:30,0.002114
2025-12-10 05:45,0.000116
2025-12-10 06:00,0.0001
2025-12-10 06:15,0.0
2025-12-10 06:30,0.0
2025-12-10 06:45,0.000219
2025-12-10 07:00,0.0
2025-12-10 07:15,0.000476
2025-12-10 07:30,0.0
2025-12-10 07:45,0.0
2025-12-10 08:00,0.0
2025-12-10 08:15,0.003751
2025-12-10 08:30,0.000166
2025-12-10 08:45,0.000191
2025-12-10 09:00,0.0
2025-12-10 09:15,0.000614
2025-12-10 09:30,0.0
2025-12-10 09:45,0.0
2025-12-10 10:00,0.0
2025-12-10 10:15,0.000132
2025-12-10 10:30,0.002478
2025-12-10 10:45,0.00011
2025-12-10 11:00,0.0
2025-12-10 11:15,0.0
2025-12-10 11:30,0.0
2025-12-10 11:45,0.0
2025-12-10 12:00,0.002375
2025-12-10 12:15,0.000439
2025-12-10 12:30,0.000565
2025-12-10 12:45,0.003482
2025-12-10 13:00,1.0
2025-12-10 13:15,0.002378
2025-12-10 13:30,0.000354
2025-12-10 13:45,0.002415
2025-12-10 14:00,0.0002
2025-12-10 14:15,0.005852
2025-12-10 14:30,0.002349
2025-12-10 14:45,0.0001
2025-12-10 15:00,0.003458
2025-12-10 15:15,0.002281
2025-12-10 15:30,0.002459
2025-12-10 15:45,0.003487
2025-12-10 16:00,0.008019
2025-12-10 16:15,0.016741
2025-12-10 16:30,0.004708
2025-12-10 16:45,0.00473
2025-12-10 17:00,0.000116
2025-12-10 17:15,0.000377
2025-12-10 17:30,0.038293
2025-12-10 17:45,0.00011
2025-12-10 18:00,0.00208
2025-12-10 18:15,0.059373
2025-12-10 18:30,0.001204
2025-12-10 18:45,0.001673
2025-12-10 19:00,0.005543
2025-12-10 19:15,0.001704
2025-12-10 19:30,0.002559
2025-12-10 19:45,0.001364
2025-12-10 20:00,0.002359
2025-12-10 20:15,0.00011
2025-12-10 20:30,0.004232
2025-12-10 20:45,0.000993
2025-12-10 21:00,0.002916
2025-12-10 21:15,0.00265
2025-12-10 21:30,0.002246
2025-12-10 21:45,9.1e-05
2025-12-10 22:00,0.00047
2025-12-10 22:15,0.0
2025-12-10 22:30,0.002384
2025-12-10 22:45,0.002562
2025-12-10 23:00,0.000191
2025-12-10 23:15,0.001132
2025-12-10 23:30,0.004105
2025-12-10 23:45,0.020421
2025-12-11 00:00,0.001164
2025-12-11 00:15,0.002259
2025-12-11 00:30,0.000116
2025-12-11 00:45,0.001538
2025-12-11 01:00,0.001364
2025-12-11 01:15,0.021634
2025-12-11 01:30,0.003327
2025-12-11 01:45,0.000153
2025-12-11 02:00,0.002406
2025-12-11 02:15,0.002378
2025-12-11 02:30,0.0
2025-12-11 02:45,0.0
2025-12-11 03:00,0.00011
2025-12-11 03:15,0.000291
2025-12-11 03:30,0.002378
2025-12-11 03:45,0.0
2025-12-11 04:00,0.0
2025-12-11 04:15,0.000363
2025-12-11 04:30,0.0
2025-12-11 04:45,0.002321
2025-12-11 05:00,0.000971
2025-12-11 05:15,0.001859
2025-12-11 05:30,0.000116
2025-12-11 05:45,0.005567
2025-12-11 06:00,0.000147
2025-12-11 06:15,0.019876
2025-12-11 06:30,0.000146
2025-12-11 06:45,0.020271
2025-12-11 07:00,0.0001
2025-12-11 07:15,0.000219
2025-12-11 07:30,0.002412
2025-12-11 07:45,0.0
2025-12-11 08:00,0.0
2025-12-11 08:15,0.005393
2025-12-11 08:30,0.0
2025-12-11 08:45,0.00047
2025-12-11 09:00,0.0
2025-12-11 09:15,0.0
2025-12-11 09:30,0.0
2025-12-11 09:45,0.002252
2025-12-11 10:00,0.0001
2025-12-11 10:15,0.009034
2025-12-11 10:30,0.000631
2025-12-11 10:45,0.000116
2025-12-11 11:00,0.0001
2025-12-11 11:15,0.000439
2025-12-11 11:30,0.000116
2025-12-11 11:45,0.022375
2025-12-11 12:00,0.000368
2025-12-11 12:15,0.0
2025-12-11 12:30,0.000576
2025-12-11 12:45,0.0
2025-12-11 13:00,0.0
2025-12-11 13:15,0.002248
2025-12-11 13:30,0.0
2025-12-11 13:45,0.0001
2025-12-11 14:00,0.00405
2025-12-11 14:15,0.002545
2025-12-11 14:30,0.002721
2025-12-11 14:45,0.007232
2025-12-11 15:00,0.005329
2025-12-11 15:15,0.00244
2025-12-11 15:30,0.004229
2025-12-11 15:45,0.002871
2025-12-11 16:00,0.0
2025-12-11 16:15,0.003072
2025-12-11 16:30,0.034446
2025-12-11 16:45,0.00266
2025-12-11 17:00,0.000663
2025-12-11 17:15,0.001145
2025-12-11 17:30,0.011262
2025-12-11 17:45,0.0001
2025-12-11 18:00,0.000273
2025-12-11 18:15,0.002531
2025-12-11 18:30,0.017495
2025-12-11 18:45,0.002349
2025-12-11 19:00,0.000157
2025-12-11 19:15,0.000262
2025-12-11 19:30,0.005137
2025-12-11 19:45,0.004157
2025-12-11 20:00,0.002309
2025-12-11 20:15,0.002068
2025-12-11 20:30,0.001811
2025-12-11 20:45,0.007246
2025-12-11 21:00,0.006646
2025-12-11 21:15,0.007089
2025-12-11 21:30,0.004151
2025-12-11 21:45,0.002259
2025-12-11 22:00,0.002639
2025-12-11 22:15,0.000807
2025-12-11 22:30,0.000608
2025-12-11 22:45,0.002093
2025-12-11 23:00,0.001073
2025-12-11 23:15,0.010378
2025-12-11 23:30,0.002061
2025-12-11 23:45,0.002368
2025-12-12 00:00,0.040222
2025-12-12 00:15,9.1e-05
2025-12-12 00:30,9.1e-05
2025-12-12 00:45,0.000993
2025-12-12 01:00,0.002259
2025-12-12 01:15,0.023039
2025-12-12 01:30,0.015303
2025-12-12 01:45,0.0
2025-12-12 02:00,0.00021
2025-12-12 02:15,0.000576
2025-12-12 02:30,0.0
2025-12-12 02:45,0.00019
2025-12-12 03:00,0.003516
2025-12-12 03:15,0.0
2025-12-12 03:30,0.0
2025-12-12 03:45,0.02403
2025-12-12 04:00,0.0001
2025-12-12 04:15,0.024895
2025-12-12 04:30,0.00023
2025-12-12 04:45,0.001703
2025-12-12 05:00,0.0
2025-12-12 05:15,0.019986
2025-12-12 05:30,0.000191
2025-12-12 05:45,0.004254
2025-12-12 06:00,0.0
2025-12-12 06:15,0.00047
2025-12-12 06:30,9.1e-05
2025-12-12 06:45,0.000481
2025-12-12 07:00,0.001488
2025-12-12 07:15,9.1e-05
2025-12-12 07:30,0.002329
2025-12-12 07:45,0.00075
2025-12-12 08:00,0.0
2025-12-12 08:15,0.00011
2025-12-12 08:30,0.000222
2025-12-12 08:45,0.000622
2025-12-12 09:00,0.0
2025-12-12 09:15,0.0
2025-12-12 09:30,0.0
2025-12-12 09:45,0.00205
2025-12-12 10:00,0.000323
2025-12-12 10:15,0.0
2025-12-12 10:30,0.002097
2025-12-12 10:45,0.0
2025-12-12 11:00,0.0
2025-12-12 11:15,0.000139
2025-12-12 11:30,0.00023
2025-12-12 11:45,0.00036
2025-12-12 12:00,0.011808
2025-12-12 12:15,0.036648
2025-12-12 12:30,0.000954
2025-12-12 12:45,0.004517
2025-12-12 13:00,0.004373
2025-12-12 13:15,0.0001
2025-12-12 13:30,0.0001
2025-12-12 13:45,0.0
2025-12-12 14:00,0.000251
2025-12-12 14:15,0.00229
2025-12-12 14:30,0.038327
2025-12-12 14:45,0.003136
2025-12-12 15:00,0.017038
2025-12-12 15:15,0.001488
2025-12-12 15:30,0.004733
2025-12-12 15:45,0.004325
2025-12-12 16:00,0.0
2025-12-12 16:15,0.000575
2025-12-12 16:30,0.0
2025-12-12 16:45,0.00249
2025-12-12 17:00,9.1e-05
2025-12-12 17:15,0.000182
2025-12-12 17:30,0.00011
2025-12-12 17:45,0.00019
2025-12-12 18:00,0.003383
2025-12-12 18:15,0.0
2025-12-12 18:30,0.000501
2025-12-12 18:45,0.0
2025-12-12 19:00,0.004617
2025-12-12 19:15,0.001325
2025-12-12 19:30,0.006488
2025-12-12 19:45,0.001818
2025-12-12 20:00,0.002287
2025-12-12 20:15,0.000608
2025-12-12 20:30,0.002187
2025-12-12 20:45,0.002556
2025-12-12 21:00,0.010999
2025-12-12 21:15,0.000294
2025-12-12 21:30,0.000237
2025-12-12 21:45,0.005756
2025-12-12 22:00,0.0
2025-12-12 22:15,0.00042
2025-12-12 22:30,0.0
2025-12-12 22:45,0.00432
2025-12-12 23:00,0.0
2025-12-12 23:15,0.000348
2025-12-12 23:30,0.002259
2025-12-12 23:45,0.000135
2025-12-13 00:00,9.1e-05
2025-12-13 00:15,0.0
2025-12-13 00:30,0.002835
2025-12-13 00:45,0.002404
2025-12-13 01:00,9.1e-05
2025-12-13 01:15,0.003584
2025-12-13 01:30,0.00677
2025-12-13 01:45,0.001159
2025-12-13 02:00,0.003263
2025-12-13 02:15,0.005225
2025-12-13 02:30,0.00031
2025-12-13 02:45,0.001582
2025-12-13 03:00,0.003656
2025-12-13 03:15,0.005214
2025-12-13 03:30,9.1e-05
2025-12-13 03:45,0.003361
2025-12-13 04:00,0.002738
2025-12-13 04:15,0.000222
2025-12-13 04:30,0.0
2025-12-13 04:45,0.0
2025-12-13 05:00,0.000821
2025-12-13 05:15,0.003728
2025-12-13 05:30,0.0
2025-12-13 05:45,0.008749
2025-12-13 06:00,0.000216
2025-12-13 06:15,0.001103
2025-12-13 06:30,0.000363
2025-12-13 06:45,0.0
2025-12-13 07:00,0.0
2025-12-13 07:15,0.004517
2025-12-13 07:30,0.0
2025-12-13 07:45,0.0
2025-12-13 08:00,0.0
2025-12-13 08:15,0.000742
2025-12-13 08:30,0.002091
2025-12-13 08:45,0.0
2025-12-13 09:00,0.001989
2025-12-13 09:15,0.0
2025-12-13 09:30,0.000139
2025-12-13 09:45,0.002481
2025-12-13 10:00,0.002498
2025-12-13 10:15,0.000337
2025-12-13 10:30,0.0
2025-12-13 10:45,0.000456
2025-12-13 11:00,0.00011
2025-12-13 11:15,0.002967
2025-12-13 11:30,0.000567
2025-12-13 11:45,0.003006
2025-12-13 12:00,0.0
2025-12-13 12:15,0.0
2025-12-13 12:30,0.0
2025-12-13 12:45,0.000291
2025-12-13 13:00,0.001106
2025-12-13 13:15,0.0
2025-12-13 13:30,0.0001
2025-12-13 13:45,0.0001
2025-12-13 14:00,0.000968
2025-12-13 14:15,0.002252
2025-12-13 14:30,0.0
2025-12-13 14:45,0.00011
2025-12-13 15:00,0.0
2025-12-13 15:15,0.000139
2025-12-13 15:30,0.0
2025-12-13 15:45,0.00011
2025-12-13 16:00,0.00031
2025-12-13 16:15,0.004346
2025-12-13 16:30,0.002259
2025-12-13 16:45,0.001649
2025-12-13 17:00,0.0
2025-12-13 17:15,0.000677
2025-12-13 17:30,0.002317
2025-12-13 17:45,0.0
2025-12-13 18:00,0.002431
2025-12-13 18:15,0.001488
2025-12-13 18:30,0.002259
2025-12-13 18:45,0.0
2025-12-13 19:00,0.000359
2025-12-13 19:15,0.0
2025-12-13 19:30,0.003111
2025-12-13 19:45,0.000479
2025-12-13 20:00,0.0
2025-12-13 20:15,0.004505
2025-12-13 20:30,0.0
2025-12-13 20:45,0.0
2025-12-13 21:00,0.000146
2025-12-13 21:15,0.0
2025-12-13 21:30,0.000381
2025-12-13 21:45,0.000769
2025-12-13 22:00,0.006867
2025-12-13 22:15,0.018369
2025-12-13 22:30,0.000313
2025-12-13 22:45,0.002259
2025-12-13 23:00,0.0
2025-12-13 23:15,0.001671
2025-12-13 23:30,0.00244
2025-12-13 23:45,0.0
2025-12-14 00:00,0.0
2025-12-14 00:15,0.002259
2025-12-14 00:30,0.000329
2025-12-14 00:45,0.0
2025-12-14 01:00,0.004611
2025-12-14 01:15,0.011403
2025-12-14 01:30,0.000146
2025-12-14 01:45,0.002425
2025-12-14 02:00,0.001342
2025-12-14 02:15,0.004594
2025-12-14 02:30,0.000122
2025-12-14 02:45,0.000332
2025-12-14 03:00,9.1e-05
2025-12-14 03:15,0.0
2025-12-14 03:30,0.0
2025-12-14 03:45,0.001277
2025-12-14 04:00,0.001168
2025-12-14 04:15,0.00245
2025-12-14 04:30,0.000486
2025-12-14 04:45,0.0
2025-12-14 05:00,0.001021
2025-12-14 05:15,0.00094
2025-12-14 05:30,9.1e-05
2025-12-14 05:45,0.002127
2025-12-14 06:00,0.0
2025-12-14 06:15,0.004517
2025-12-14 06:30,0.000298
2025-12-14 06:45,0.000504
2025-12-14 07:00,0.020374
2025-12-14 07:15,0.000222
2025-12-14 07:30,0.000977
2025-12-14 07:45,0.0
2025-12-14 08:00,0.0
2025-12-14 08:15,0.002378
2025-12-14 08:30,0.072075
2025-12-14 08:45,9.1e-05
2025-12-14 09:00,0.002691
2025-12-14 09:15,0.0
2025-12-14 09:30,0.016636
2025-12-14 09:45,0.0
2025-12-14 10:00,0.0
2025-12-14 10:15,0.0
2025-12-14 10:30,0.0001
2025-12-14 10:45,0.0
2025-12-14 11:00,0.000135
2025-12-14 11:15,0.0
2025-12-14 11:30,0.00023
2025-12-14 11:45,0.001634
2025-12-14 12:00,0.0
2025-12-14 12:15,0.0
2025-12-14 12:30,0.000146
2025-12-14 12:45,9.1e-05
2025-12-14 13:00,0.001817
2025-12-14 13:15,0.000172
2025-12-14 13:30,0.0
2025-12-14 13:45,0.009088
2025-12-14 14:00,0.000191
2025-12-14 14:15,0.0
2025-12-14 14:30,0.000877
2025-12-14 14:45,0.0
2025-12-14 15:00,0.00058
2025-12-14 15:15,0.0
2025-12-14 15:30,0.002858
2025-12-14 15:45,0.0
2025-12-14 16:00,0.000139
2025-12-14 16:15,0.0001
2025-12-14 16:30,0.0
2025-12-14 16:45,0.000244
2025-12-14 17:00,0.000614
2025-12-14 17:15,0.0
2025-12-14 17:30,0.0
2025-12-14 17:45,0.000562
2025-12-14 18:00,9.1e-05
2025-12-14 18:15,0.000616
2025-12-14 18:30,9.1e-05
2025-12-14 18:45,0.000146
2025-12-14 19:00,0.0
2025-12-14 19:15,0.000456
2025-12-14 19:30,0.001792
2025-12-14 19:45,0.0
2025-12-14 20:00,0.003941
2025-12-14 20:15,0.004617
2025-12-14 20:30,0.002212
2025-12-14 20:45,0.00245
2025-12-14 21:00,0.0
2025-12-14 21:15,0.000395
2025-12-14 21:30,0.000586
2025-12-14 21:45,0.0
2025-12-14 22:00,0.00011
2025-12-14 22:15,0.000135
2025-12-14 22:30,0.000116
2025-12-14 22:45,0.0
2025-12-14 23:00,0.000459
2025-12-14 23:15,0.000146
2025-12-14 23:30,0.0
2025-12-14 23:45,0.000813
2025-12-15 00:00,0.0
2025-12-15 00:15,0.001576
2025-12-15 00:30,0.0
2025-12-15 00:45,0.002368
2025-12-15 01:00,0.000139
2025-12-15 01:15,0.002396
2025-12-15 01:30,0.0
2025-12-15 01:45,0.0
2025-12-15 02:00,0.00011
2025-12-15 02:15,0.000684
2025-12-15 02:30,0.010876
2025-12-15 02:45,0.0
2025-12-15 03:00,0.0
2025-12-15 03:15,0.0001
2025-12-15 03:30,0.004693
2025-12-15 03:45,0.000191
2025-12-15 04:00,0.0
2025-12-15 04:15,0.0
2025-12-15 04:30,0.0
2025-12-15 04:45,0.000146
2025-12-15 05:00,0.000116
2025-12-15 05:15,0.000191
2025-12-15 05:30,9.1e-05
2025-12-15 05:45,0.023867
2025-12-15 06:00,0.00083
2025-12-15 06:15,0.000551
2025-12-15 06:30,0.0001
2025-12-15 06:45,0.0
2025-12-15 07:00,0.002841
2025-12-15 07:15,0.0
2025-12-15 07:30,0.0
2025-12-15 07:45,0.000849
2025-12-15 08:00,0.0
2025-12-15 08:15,0.002478
2025-12-15 08:30,0.000191
2025-12-15 08:45,0.016383
2025-12-15 09:00,0.0
2025-12-15 09:15,9.1e-05
2025-12-15 09:30,0.001667
2025-12-15 09:45,0.000279
2025-12-15 10:00,0.00197
2025-12-15 10:15,0.000139
2025-12-15 10:30,0.000716
2025-12-15 10:45,0.005231
2025-12-15 11:00,0.0
2025-12-15 11:15,0.0
2025-12-15 11:30,0.0
2025-12-15 11:45,0.000135
2025-12-15 12:00,0.025076
2025-12-15 12:15,0.000489
2025-12-15 12:30,0.000246
2025-12-15 12:45,0.004069
2025-12-15 13:00,0.0001
2025-12-15 13:15,0.002111
2025-12-15 13:30,0.004895
2025-12-15 13:45,0.008192
2025-12-15 14:00,0.000957
2025-12-15 14:15,0.014084
2025-12-15 14:30,0.001313
2025-12-15 14:45,0.005076
2025-12-15 15:00,0.002439
2025-12-15 15:15,0.007706
2025-12-15 15:30,0.00047
2025-12-15 15:45,0.004766
2025-12-15 16:00,0.005802
2025-12-15 16:15,0.00252
2025-12-15 16:30,0.005697
2025-12-15 16:45,0.001316
2025-12-15 17:00,0.0
2025-12-15 17:15,0.0
2025-12-15 17:30,0.002133
2025-12-15 17:45,9.1e-05
2025-12-15 18:00,0.000232
2025-12-15 18:15,0.002459
2025-12-15 18:30,0.002779
2025-12-15 18:45,0.002505
2025-12-15 19:00,0.008925
2025-12-15 19:15,0.00159
2025-12-15 19:30,0.030909
2025-12-15 19:45,0.039182
2025-12-15 20:00,0.0
2025-12-15 20:15,0.000752
2025-12-15 20:30,0.004232
2025-12-15 20:45,0.00405
2025-12-15 21:00,0.0051
2025-12-15 21:15,0.00197
2025-12-15 21:30,0.0001
2025-12-15 21:45,0.002274
2025-12-15 22:00,0.002349
2025-12-15 22:15,0.002746
2025-12-15 22:30,0.002259
2025-12-15 22:45,0.0001
2025-12-15 23:00,0.001049
2025-12-15 23:15,0.0
2025-12-15 23:30,0.001017
2025-12-15 23:45,0.000656
2025-12-16 00:00,0.002398
2025-12-16 00:15,0.01946
2025-12-16 00:30,0.0001
2025-12-16 00:45,0.005062
2025-12-16 01:00,0.004433
2025-12-16 01:15,0.0
2025-12-16 01:30,0.002898
2025-12-16 01:45,9.1e-05
2025-12-16 02:00,0.0005
2025-12-16 02:15,0.002733
2025-12-16 02:30,0.000288
2025-12-16 02:45,0.0
2025-12-16 03:00,0.0
2025-12-16 03:15,0.000222
2025-12-16 03:30,0.002976
2025-12-16 03:45,0.000421
2025-12-16 04:00,0.0
2025-12-16 04:15,0.000692
2025-12-16 04:30,9.1e-05
2025-12-16 04:45,0.00229
2025-12-16 05:00,0.0
2025-12-16 05:15,0.0
2025-12-16 05:30,0.001046
2025-12-16 05:45,0.00437
2025-12-16 06:00,0.00047
2025-12-16 06:15,0.000561
2025-12-16 06:30,0.001454
2025-12-16 06:45,0.0
2025-12-16 07:00,0.0
2025-12-16 07:15,0.001241
2025-12-16 07:30,0.0
2025-12-16 07:45,0.0
2025-12-16 08:00,0.002403
2025-12-16 08:15,0.002378
2025-12-16 08:30,9.1e-05
2025-12-16 08:45,0.000172
2025-12-16 09:00,0.000222
2025-12-16 09:15,0.0
2025-12-16 09:30,0.00054
2025-12-16 09:45,0.003109
2025-12-16 10:00,0.002266
2025-12-16 10:15,0.0001
2025-12-16 10:30,0.002588
2025-12-16 10:45,0.0
2025-12-16 11:00,0.001197
2025-12-16 11:15,0.006699
2025-12-16 11:30,0.0001
2025-12-16 11:45,0.017734
2025-12-16 12:00,0.0001
2025-12-16 12:15,0.001211
2025-12-16 12:30,0.0
2025-12-16 12:45,0.001454
2025-12-16 13:00,0.00021
2025-12-16 13:15,0.001261
2025-12-16 13:30,0.002265
2025-12-16 13:45,0.004361
2025-12-16 14:00,0.000219
2025-12-16 14:15,0.001872
2025-12-16 14:30,0.11639
2025-12-16 14:45,0.002091
2025-12-16 15:00,0.003883
2025-12-16 15:15,0.000373
2025-12-16 15:30,0.001029
2025-12-16 15:45,0.010435
2025-12-16 16:00,0.001363
2025-12-16 16:15,0.033603
2025-12-16 16:30,9.1e-05
2025-12-16 16:45,0.018576
2025-12-16 17:00,0.0002
2025-12-16 17:15,0.00011
2025-12-16 17:30,0.00011
2025-12-16 17:45,0.001157
2025-12-16 18:00,0.025076
2025-12-16 18:15,0.005397
2025-12-16 18:30,0.019228
2025-12-16 18:45,0.002708
2025-12-16 19:00,0.004408
2025-12-16 19:15,0.007351
2025-12-16 19:30,0.002216
2025-12-16 19:45,0.000216
2025-12-16 20:00,0.002312
2025-12-16 20:15,0.049301
2025-12-16 20:30,0.109597
2025-12-16 20:45,0.14723
2025-12-16 21:00,0.006843
2025-12-16 21:15,0.004119
2025-12-16 21:30,0.010432
2025-12-16 21:45,0.004862
2025-12-16 22:00,0.008615
2025-12-16 22:15,0.005086
2025-12-16 22:30,0.000191
2025-12-16 22:45,0.002359
2025-12-16 23:00,0.001197
2025-12-16 23:15,0.020987
2025-12-16 23:30,0.001947
2025-12-16 23:45,0.036065
2025-12-17 00:00,0.003206
2025-12-17 00:00,0.01471
2025-12-17 00:15,0.17921
2025-12-17 00:30,0.009593
2025-12-17 00:45,0.002292
2025-12-17 01:00,0.0
2025-12-17 01:15,0.003758
2025-12-17 01:30,0.010994
2025-12-17 01:45,0.00092
2025-12-17 02:00,0.110555
2025-12-17 02:15,0.16634
2025-12-17 02:30,0.000417
2025-12-17 02:45,0.01407
2025-12-17 03:00,0.0
2025-12-17 03:15,0.083227
2025-12-17 03:30,0.000668
2025-12-17 03:45,0.215779
2025-12-17 04:00,0.00046
2025-12-17 04:15,0.002278
2025-12-17 04:30,0.001258
2025-12-17 04:45,0.0
2025-12-17 05:00,0.010427
2025-12-17 05:15,0.020667
2025-12-17 05:30,0.00046
2025-12-17 05:45,0.031122
2025-12-17 06:00,0.0
2025-12-17 06:15,0.000503
2025-12-17 06:30,0.004441
2025-12-17 06:45,0.000618
2025-12-17 07:00,0.0
2025-12-17 07:15,0.001933
2025-12-17 07:30,0.000704
2025-12-17 07:45,0.000913
2025-12-17 08:00,0.0
2025-12-17 08:15,0.000503
2025-12-17 08:30,0.000417
2025-12-17 08:45,0.0
2025-12-17 09:00,0.005476
2025-12-17 09:15,0.00046
2025-12-17 09:30,0.000668
2025-12-17 09:45,0.0
2025-12-17 10:00,0.0
2025-12-17 10:15,0.00046
2025-12-17 10:30,0.010908
2025-12-17 10:45,0.0
2025-12-17 11:00,0.031
2025-12-17 11:15,0.011612
2025-12-17 11:30,0.003406
2025-12-17 11:45,0.009931
2025-12-17 12:00,0.001056
2025-12-17 12:15,0.024145
2025-12-17 12:30,0.001926
2025-12-17 12:45,0.008853
2025-12-17 13:00,0.017936
2025-12-17 13:15,0.009644
2025-12-17 13:30,0.0
2025-12-17 13:45,0.02482
2025-12-17 14:00,0.009543
2025-12-17 14:15,0.113264
2025-12-17 14:30,0.026344
2025-12-17 14:45,1.0
2025-12-17 15:00,0.024763
2025-12-17 15:15,0.042383
2025-12-17 15:30,0.009572
2025-12-17 15:45,0.008968
2025-12-17 16:00,0.007243
2025-12-17 16:15,0.010032
2025-12-17 16:30,0.015938
2025-12-17 16:45,0.00508
2025-12-17 17:00,0.009255
2025-12-17 17:15,0.005583
2025-12-17 17:30,0.017376
2025-12-17 17:45,0.048117
2025-12-17 18:00,0.0
2025-12-17 18:15,0.036713
2025-12-17 18:30,0.031589
2025-12-17 18:45,0.0
2025-12-17 19:00,0.00904
2025-12-17 19:15,0.011612
2025-12-17 19:30,0.038301
2025-12-17 19:45,0.020121
2025-12-17 20:00,0.010779
2025-12-17 20:15,0.006554
2025-12-17 20:30,0.009938
2025-12-17 20:45,0.004743
2025-12-17 21:00,0.005454
2025-12-17 21:15,0.002882
2025-12-17 21:30,0.007229
2025-12-17 21:45,0.000417
2025-12-17 22:00,0.029728
2025-12-17 22:15,0.009457
2025-12-17 22:30,0.002652
2025-12-17 22:45,0.013294
2025-12-17 23:00,0.207465
2025-12-17 23:15,0.026768
2025-12-17 23:30,0.018518
2025-12-17 23:45,0.005001
2025-12-18 00:00,0.196434
2025-12-18 00:15,0.012051
2025-12-18 00:30,0.000589
2025-12-18 00:45,0.000503
2025-12-18 01:00,0.005073
2025-12-18 01:15,0.000417
2025-12-18 01:30,0.004376
2025-12-18 01:45,0.001092
2025-12-18 02:00,0.003615
2025-12-18 02:15,0.01351
2025-12-18 02:30,0.010362
2025-12-18 02:45,0.012051
2025-12-18 03:00,0.006877
2025-12-18 03:15,0.002616
2025-12-18 03:30,0.001085
2025-12-18 03:45,0.044366
2025-12-18 04:00,0.0
2025-12-18 04:15,0.0
2025-12-18 04:30,0.0
2025-12-18 04:45,0.001293
2025-12-18 05:00,0.005447
2025-12-18 05:15,0.173619
2025-12-18 05:30,0.000532
2025-12-18 05:45,0.000949
2025-12-18 06:00,0.0
2025-12-18 06:15,0.00046
2025-12-18 06:30,0.00184
2025-12-18 06:45,0.037453
2025-12-18 07:00,0.003995
2025-12-18 07:15,0.0
2025-12-18 07:30,0.637061
2025-12-18 07:45,0.000417
2025-12-18 08:00,0.022018
2025-12-18 08:15,0.002026
2025-12-18 08:30,0.001272
2025-12-18 08:45,0.000532
2025-12-18 09:00,0.00258
2025-12-18 09:15,0.015579
2025-12-18 09:30,0.001401
2025-12-18 09:45,0.000589
2025-12-18 10:00,0.001761
2025-12-18 10:15,0.009572
2025-12-18 10:30,0.010908
2025-12-18 10:45,0.001466
2025-12-18 11:00,0.00079
2025-12-18 11:15,0.001078
2025-12-18 11:30,0.002501
2025-12-18 11:45,0.000503
2025-12-18 12:00,0.002537
2025-12-18 12:15,0.000417
2025-12-18 12:30,0.010075
2025-12-18 12:45,0.0
2025-12-18 13:00,0.000417
2025-12-18 13:15,0.0
2025-12-18 13:30,0.032588
2025-12-18 13:45,0.012834
2025-12-18 14:00,0.029146
2025-12-18 14:15,0.005332
2025-12-18 14:30,0.02878
2025-12-18 14:45,0.001919
2025-12-18 15:00,0.067907
2025-12-18 15:15,0.015414
2025-12-18 15:30,0.003277
2025-12-18 15:45,0.004585
2025-12-18 16:00,0.011239
2025-12-18 16:15,0.002156
2025-12-18 16:30,0.007222
2025-12-18 16:45,0.013725
2025-12-18 17:00,0.001466
2025-12-18 17:15,0.00549
2025-12-18 17:30,0.010463
2025-12-18 17:45,0.000417
2025-12-18 18:00,0.015565
2025-12-18 18:15,0.087934
2025-12-18 18:30,0.017289
2025-12-18 18:45,0.032545
2025-12-18 19:00,0.0
2025-12-18 19:15,0.330675
2025-12-18 19:30,0.0
2025-12-18 19:45,0.002853
2025-12-18 20:00,0.018202
2025-12-18 20:15,0.060441
2025-12-18 20:30,0.003708
2025-12-18 20:45,0.002544
2025-12-18 21:00,0.17811
2025-12-18 21:15,0.092109
2025-12-18 21:30,0.028471
2025-12-18 21:45,0.000661
2025-12-18 22:00,0.029599
2025-12-18 22:15,0.0
2025-12-18 22:30,0.009938
2025-12-18 22:45,0.010923
2025-12-18 23:00,0.00046
2025-12-18 23:15,0.020724
2025-12-18 23:30,0.012302
2025-12-18 23:45,0.010362
2025-12-19 00:00,0.021773
2025-12-19 00:15,0.0
2025-12-19 00:30,0.0
2025-12-19 00:45,0.011965
2025-12-19 01:00,0.020315
2025-12-19 01:15,0.010362
2025-12-19 01:30,0.013481
2025-12-19 01:45,0.010362
2025-12-19 02:00,0.001128
2025-12-19 02:15,0.024921
2025-12-19 02:30,0.082667
2025-12-19 02:45,0.0
2025-12-19 03:00,0.00046
2025-12-19 03:15,0.046479
2025-12-19 03:30,0.0
2025-12-19 03:45,0.055518
2025-12-19 04:00,0.121672
2025-12-19 04:15,0.014501
2025-12-19 04:30,0.000675
2025-12-19 04:45,0.0
2025-12-19 05:00,0.005627
2025-12-19 05:15,0.020667
2025-12-19 05:30,0.005073
2025-12-19 05:45,0.064601
2025-12-19 06:00,0.0
2025-12-19 06:15,0.011332
2025-12-19 06:30,0.001064
2025-12-19 06:45,0.011368
2025-12-19 07:00,0.031086
2025-12-19 07:15,0.000877
2025-12-19 07:30,0.000618
2025-12-19 07:45,0.0
2025-12-19 08:00,0.01619
2025-12-19 08:15,0.013531
2025-12-19 08:30,0.0
2025-12-19 08:45,0.016427
2025-12-19 09:00,0.0
2025-12-19 09:15,0.0
2025-12-19 09:30,0.0
2025-12-19 09:45,0.0
2025-12-19 10:00,0.001308
2025-12-19 10:15,0.005533
2025-12-19 10:30,0.011368
2025-12-19 10:45,0.0
2025-12-19 11:00,0.006827
2025-12-19 11:15,0.00046
2025-12-19 11:30,0.044553
2025-12-19 11:45,0.0
2025-12-19 12:00,0.00046
2025-12-19 12:15,0.010362
2025-12-19 12:30,0.00784
2025-12-19 12:45,0.000417
2025-12-19 13:00,0.00046
2025-12-19 13:15,0.004635
2025-12-19 13:30,0.010362
2025-12-19 13:45,0.0
2025-12-19 14:00,0.011742
2025-12-19 14:15,0.034162
2025-12-19 14:30,0.002608
2025-12-19 14:45,0.094251
2025-12-19 15:00,0.000417
2025-12-19 15:15,0.00046
2025-12-19 15:30,0.010362
2025-12-19 15:45,0.02551
2025-12-19 16:00,0.010362
2025-12-19 16:15,0.0
2025-12-19 16:30,0.018389
2025-12-19 16:45,0.010822
2025-12-19 17:00,0.001128
2025-12-19 17:15,0.002774
2025-12-19 17:30,0.011196
2025-12-19 17:45,0.020724
2025-12-19 18:00,0.000532
2025-12-19 18:15,0.012072
2025-12-19 18:30,0.099748
2025-12-19 18:45,0.000503
2025-12-19 19:00,0.004498
2025-12-19 19:15,0.0
2025-12-19 19:30,0.018949
2025-12-19 19:45,0.047485
2025-12-19 20:00,0.032301
2025-12-19 20:15,0.014128
2025-12-19 20:30,0.0
2025-12-19 20:45,0.01292
2025-12-19 21:00,0.196219
2025-12-19 21:15,0.0
2025-12-19 21:30,0.016599
2025-12-19 21:45,0.0
2025-12-19 22:00,0.0
2025-12-19 22:15,0.005742
2025-12-19 22:30,0.008364
2025-12-19 22:45,0.010362
2025-12-19 23:00,0.057782
2025-12-19 23:15,0.035276
2025-12-19 23:30,0.0
2025-12-19 23:45,0.010362
2025-12-20 00:00,0.056762
2025-12-20 00:15,0.0
2025-12-20 00:30,0.0
2025-12-20 00:45,0.00064
2025-12-20 01:00,0.012798
2025-12-20 01:15,0.213106
2025-12-20 01:30,0.025136
2025-12-20 01:45,0.0
2025-12-20 02:00,0.035908
2025-12-20 02:15,0.032725
2025-12-20 02:30,0.082667
2025-12-20 02:45,0.000417
2025-12-20 03:00,0.00102
2025-12-20 03:15,0.094021
2025-12-20 03:30,0.0
2025-12-20 03:45,0.0
2025-12-20 04:00,0.009342
2025-12-20 04:15,0.000532
2025-12-20 04:30,0.004922
2025-12-20 04:45,0.000532
2025-12-20 05:00,0.000668
2025-12-20 05:15,0.004527
2025-12-20 05:30,0.000877
2025-12-20 05:45,0.010362
2025-12-20 06:00,0.000417
2025-12-20 06:15,0.001078
2025-12-20 06:30,0.000668
2025-12-20 06:45,0.0
2025-12-20 07:00,0.010362
2025-12-20 07:15,0.006812
2025-12-20 07:30,0.000417
2025-12-20 07:45,0.0
2025-12-20 08:00,0.00046
2025-12-20 08:15,0.022276
2025-12-20 08:30,0.000417
2025-12-20 08:45,0.0
2025-12-20 09:00,0.000417
2025-12-20 09:15,0.005188
2025-12-20 09:30,0.010894
2025-12-20 09:45,0.00046
2025-12-20 10:00,0.000618
2025-12-20 10:15,0.0
2025-12-20 10:30,0.0
2025-12-20 10:45,0.004254
2025-12-20 11:00,0.0
2025-12-20 11:15,0.002616
2025-12-20 11:30,0.00148
2025-12-20 11:45,0.012554
2025-12-20 12:00,0.0
2025-12-20 12:15,0.005777
2025-12-20 12:30,0.00064
2025-12-20 12:45,0.001969
2025-12-20 13:00,0.0
2025-12-20 13:15,0.003679
2025-12-20 13:30,0.00669
2025-12-20 13:45,0.0
2025-12-20 14:00,0.002242
2025-12-20 14:15,0.0
2025-12-20 14:30,0.00549
2025-12-20 14:45,0.330667
2025-12-20 15:00,0.000532
2025-12-20 15:15,0.000589
2025-12-20 15:30,0.010362
2025-12-20 15:45,0.00046
2025-12-20 16:00,0.00102
2025-12-20 16:15,0.000668
2025-12-20 16:30,0.006453
2025-12-20 16:45,0.024245
2025-12-20 17:00,0.002601
2025-12-20 17:15,0.00184
2025-12-20 17:30,0.00909
2025-12-20 17:45,0.008465
2025-12-20 18:00,0.010362
2025-12-20 18:15,0.0
2025-12-20 18:30,0.020724
2025-12-20 18:45,0.00046
2025-12-20 19:00,0.004247
2025-12-20 19:15,0.0
2025-12-20 19:30,0.0
2025-12-20 19:45,0.0
2025-12-20 20:00,0.010362
2025-12-20 20:15,0.004441
2025-12-20 20:30,0.010894
2025-12-20 20:45,0.00046
2025-12-20 21:00,0.0
2025-12-20 21:15,0.000869
2025-12-20 21:30,0.006086
2025-12-20 21:45,0.0
2025-12-20 22:00,0.001847
2025-12-20 22:15,0.000417
2025-12-20 22:30,0.008328
2025-12-20 22:45,0.0
2025-12-20 23:00,0.0
2025-12-20 23:15,0.0
2025-12-20 23:30,0.0
2025-12-20 23:45,0.000417
2025-12-21 00:00,0.0
2025-12-21 00:15,0.0
2025-12-21 00:30,0.00064
2025-12-21 00:45,0.009859
2025-12-21 01:00,0.0
2025-12-21 01:15,0.015637
2025-12-21 01:30,0.020667
2025-12-21 01:45,0.0
2025-12-21 02:00,0.0
2025-12-21 02:15,0.041951
2025-12-21 02:30,0.0
2025-12-21 02:45,0.000834
2025-12-21 03:00,0.010362
2025-12-21 03:15,0.010333
2025-12-21 03:30,0.0
2025-12-21 03:45,0.000869
2025-12-21 04:00,0.0
2025-12-21 04:15,0.0
2025-12-21 04:30,0.007143
2025-12-21 04:45,0.010362
2025-12-21 05:00,0.001107
2025-12-21 05:15,0.085742
2025-12-21 05:30,0.0
2025-12-21 05:45,0.01029
2025-12-21 06:00,0.005663
2025-12-21 06:15,0.011814
2025-12-21 06:30,0.00046
2025-12-21 06:45,0.007962
2025-12-21 07:00,0.000417
2025-12-21 07:15,0.000417
2025-12-21 07:30,0.00046
2025-12-21 07:45,0.002343
2025-12-21 08:00,0.013423
2025-12-21 08:15,0.010923
2025-12-21 08:30,0.000532
2025-12-21 08:45,0.0
2025-12-21 09:00,0.000417
2025-12-21 09:15,0.0
2025-12-21 09:30,0.0
2025-12-21 09:45,0.002062
2025-12-21 10:00,0.00046
2025-12-21 10:15,0.0
2025-12-21 10:30,0.0
2025-12-21 10:45,0.0
2025-12-21 11:00,0.0
2025-12-21 11:15,0.0
2025-12-21 11:30,0.0
2025-12-21 11:45,0.002242
2025-12-21 12:00,0.00046
2025-12-21 12:15,0.010362
2025-12-21 12:30,0.000417
2025-12-21 12:45,0.00064
2025-12-21 13:00,0.0
2025-12-21 13:15,0.00046
2025-12-21 13:30,0.00125
2025-12-21 13:45,0.0
2025-12-21 14:00,0.0
2025-12-21 14:15,0.031589
2025-12-21 14:30,0.0
2025-12-21 14:45,0.0
2025-12-21 15:00,0.020724
2025-12-21 15:15,0.002537
2025-12-21 15:30,0.0
2025-12-21 15:45,0.00046
2025-12-21 16:00,0.031589
2025-12-21 16:15,0.002608
2025-12-21 16:30,0.000417
2025-12-21 16:45,0.010118
2025-12-21 17:00,0.002292
2025-12-21 17:15,0.002752
2025-12-21 17:30,0.001739
2025-12-21 17:45,0.011957
2025-12-21 18:00,0.0
2025-12-21 18:15,0.015191
2025-12-21 18:30,0.0
2025-12-21 18:45,0.000417
2025-12-21 19:00,0.005828
2025-12-21 19:15,0.0
2025-12-21 19:30,0.0
2025-12-21 19:45,0.010362
2025-12-21 20:00,0.0
2025-12-21 20:15,0.0
2025-12-21 20:30,0.0
2025-12-21 20:45,0.0
2025-12-21 21:00,0.009493
2025-12-21 21:15,0.001646
2025-12-21 21:30,0.010362
2025-12-21 21:45,0.000417
2025-12-21 22:00,0.007998
2025-12-21 22:15,0.007006
2025-12-21 22:30,0.006719
2025-12-21 22:45,0.000417
2025-12-21 23:00,0.010362
2025-12-21 23:15,0.0
2025-12-21 23:30,0.00064
2025-12-21 23:45,0.00064
2025-12-22 00:00,0.0
2025-12-22 00:15,0.0
2025-12-22 00:30,0.0
2025-12-22 00:45,0.00046
2025-12-22 01:00,0.002055
2025-12-22 01:15,0.002127
2025-12-22 01:30,0.022176
2025-12-22 01:45,0.0
2025-12-22 02:00,0.0
2025-12-22 02:15,0.021816
2025-12-22 02:30,0.0
2025-12-22 02:45,0.0
2025-12-22 03:00,0.0
2025-12-22 03:15,0.0
2025-12-22 03:30,0.000532
2025-12-22 03:45,0.0
2025-12-22 04:00,0.001926
2025-12-22 04:15,0.00909
2025-12-22 04:30,0.0
2025-12-22 04:45,0.0
2025-12-22 05:00,0.00102
2025-12-22 05:15,0.030468
2025-12-22 05:30,0.06749
2025-12-22 05:45,0.087826
2025-12-22 06:00,0.009119
2025-12-22 06:15,0.000503
2025-12-22 06:30,0.010362
2025-12-22 06:45,0.020667
2025-12-22 07:00,0.0
2025-12-22 07:15,0.0
2025-12-22 07:30,0.002673
2025-12-22 07:45,0.013057
2025-12-22 08:00,0.012029
2025-12-22 08:15,0.010908
2025-12-22 08:30,0.0
2025-12-22 08:45,0.0
2025-12-22 09:00,0.0
2025-12-22 09:15,0.0
2025-12-22 09:30,0.000417
2025-12-22 09:45,0.000575
2025-12-22 10:00,0.0
2025-12-22 10:15,0.00079
2025-12-22 10:30,0.033026
2025-12-22 10:45,0.000647
2025-12-22 11:00,0.0
2025-12-22 11:15,0.00138
2025-12-22 11:30,0.000877
2025-12-22 11:45,0.0
2025-12-22 12:00,0.0
2025-12-22 12:15,0.024863
2025-12-22 12:30,0.0
2025-12-22 12:45,0.00064
2025-12-22 13:00,0.0
2025-12-22 13:15,0.0
2025-12-22 13:30,0.000877
2025-12-22 13:45,0.0
2025-12-22 14:00,0.015234
2025-12-22 14:15,0.001796
2025-12-22 14:30,0.010333
2025-12-22 14:45,0.000532
2025-12-22 15:00,0.00508
2025-12-22 15:15,0.032308
2025-12-22 15:30,0.0
2025-12-22 15:45,0.027745
2025-12-22 16:00,0.033098
2025-12-22 16:15,0.000532
2025-12-22 16:30,0.01808
2025-12-22 16:45,0.00125
2025-12-22 17:00,0.005684
2025-12-22 17:15,0.000532
2025-12-22 17:30,0.010865
2025-12-22 17:45,0.002292
2025-12-22 18:00,0.023426
2025-12-22 18:15,0.032983
2025-12-22 18:30,0.185152
2025-12-22 18:45,0.012345
2025-12-22 19:00,0.013236
2025-12-22 19:15,0.020365
2025-12-22 19:30,0.0
2025-12-22 19:45,0.01471
2025-12-22 20:00,0.00194
2025-12-22 20:15,0.000532
2025-12-22 20:30,0.000949
2025-12-22 20:45,0.010491
2025-12-22 21:00,0.010923
2025-12-22 21:15,0.0
2025-12-22 21:30,0.0
2025-12-22 21:45,0.010003
2025-12-22 22:00,0.012712
2025-12-22 22:15,0.020724
2025-12-22 22:30,0.054419
2025-12-22 22:45,0.040248
2025-12-22 23:00,0.00046
2025-12-22 23:15,0.01818
2025-12-22 23:30,0.008954
2025-12-22 23:45,0.009593
2025-12-23 00:00,0.012317
2025-12-23 00:15,0.00092
2025-12-23 00:30,0.005835
2025-12-23 00:45,0.00138
2025-12-23 01:00,0.002616
2025-12-23 01:15,0.03146
2025-12-23 01:30,0.003234
2025-12-23 01:45,0.011002
2025-12-23 02:00,0.0
2025-12-23 02:15,0.01144
2025-12-23 02:30,0.010362
2025-12-23 02:45,0.011382
2025-12-23 03:00,0.002292
2025-12-23 03:15,0.0
2025-12-23 03:30,0.0
2025-12-23 03:45,0.005691
2025-12-23 04:00,0.000949
2025-12-23 04:15,0.0
2025-12-23 04:30,0.004441
2025-12-23 04:45,0.00046
2025-12-23 05:00,0.001006
2025-12-23 05:15,0.052256
2025-12-23 05:30,0.0
2025-12-23 05:45,0.022255
2025-12-23 06:00,0.031589
2025-12-23 06:15,0.00046
2025-12-23 06:30,0.0
2025-12-23 06:45,0.000532
2025-12-23 07:00,0.00411
2025-12-23 07:15,0.000503
2025-12-23 07:30,0.004441
2025-12-23 07:45,0.0
2025-12-23 08:00,0.01259
2025-12-23 08:15,0.001035
2025-12-23 08:30,0.0
2025-12-23 08:45,0.0
2025-12-23 09:00,0.000834
2025-12-23 09:15,0.001143
2025-12-23 09:30,0.037942
2025-12-23 09:45,0.0
2025-12-23 10:00,0.00046
2025-12-23 10:15,0.0
2025-12-23 10:30,0.00046
2025-12-23 10:45,0.0
2025-12-23 11:00,0.00102
2025-12-23 11:15,0.009514
2025-12-23 11:30,0.002292
2025-12-23 11:45,0.000503
2025-12-23 12:00,0.010362
2025-12-23 12:15,0.018568
2025-12-23 12:30,0.018626
2025-12-23 12:45,0.000503
2025-12-23 13:00,0.0
2025-12-23 13:15,0.0
2025-12-23 13:30,0.0
2025-12-23 13:45,0.0
2025-12-23 14:00,0.0
2025-12-23 14:15,0.010362
2025-12-23 14:30,0.0
2025-12-23 14:45,0.000503
2025-12-23 15:00,0.001638
2025-12-23 15:15,0.009485
2025-12-23 15:30,0.012971
2025-12-23 15:45,0.0
2025-12-23 16:00,0.00184
2025-12-23 16:15,0.0
2025-12-23 16:30,0.00046
2025-12-23 16:45,0.001955
2025-12-23 17:00,0.010362
2025-12-23 17:15,0.024447
2025-12-23 17:30,0.005073
2025-12-23 17:45,0.022075
2025-12-23 18:00,0.162574
2025-12-23 18:15,0.00996
2025-12-23 18:30,0.072319
2025-12-23 18:45,0.000503
2025-12-23 19:00,0.010362
2025-12-23 19:15,0.018482
2025-12-23 19:30,0.178448
2025-12-23 19:45,0.012647
2025-12-23 20:00,0.016298
2025-12-23 20:15,0.014106
2025-12-23 20:30,0.089853
2025-12-23 20:45,0.000417
2025-12-23 21:00,0.001487
2025-12-23 21:15,0.010822
2025-12-23 21:30,0.012123
2025-12-23 21:45,0.013804
2025-12-23 22:00,0.00549
2025-12-23 22:15,0.201968
2025-12-23 22:30,0.00046
2025-12-23 22:45,0.000618
2025-12-23 23:00,0.012051
2025-12-23 23:15,0.001768
2025-12-23 23:30,0.010362
2025-12-23 23:45,0.011368
2025-12-24 00:00,0.18779
2025-12-24 00:00,0.821328
2025-12-24 00:15,0.047709
2025-12-24 00:30,0.092652
2025-12-24 00:45,0.0
2025-12-24 01:00,0.004211
2025-12-24 01:15,0.0
2025-12-24 01:30,0.003834
2025-12-24 01:45,0.003269
2025-12-24 02:00,0.0
2025-12-24 02:15,0.011754
2025-12-24 02:30,0.0
2025-12-24 02:45,0.0
2025-12-24 03:00,0.047143
2025-12-24 03:15,0.002703
2025-12-24 03:30,0.00308
2025-12-24 03:45,0.010026
2025-12-24 04:00,0.04532
2025-12-24 04:15,0.001823
2025-12-24 04:30,0.002011
2025-12-24 04:45,0.0033
2025-12-24 05:00,0.067132
2025-12-24 05:15,0.001823
2025-12-24 05:30,0.0044
2025-12-24 05:45,0.141115
2025-12-24 06:00,0.0
2025-12-24 06:15,0.050286
2025-12-24 06:30,0.0
2025-12-24 06:45,0.0044
2025-12-24 07:00,0.002011
2025-12-24 07:15,0.04752
2025-12-24 07:30,0.002011
2025-12-24 07:45,0.0
2025-12-24 08:00,0.026212
2025-12-24 08:15,0.008863
2025-12-24 08:30,0.0
2025-12-24 08:45,0.04532
2025-12-24 09:00,0.001823
2025-12-24 09:15,0.0
2025-12-24 09:30,0.002011
2025-12-24 09:45,0.0
2025-12-24 10:00,0.0
2025-12-24 10:15,0.0352
2025-12-24 10:30,0.097241
2025-12-24 10:45,0.0
2025-12-24 11:00,0.001823
2025-12-24 11:15,0.135961
2025-12-24 11:30,0.0
2025-12-24 11:45,0.015369
2025-12-24 12:00,0.045195
2025-12-24 12:15,0.0
2025-12-24 12:30,0.0
2025-12-24 12:45,0.043372
2025-12-24 13:00,0.016374
2025-12-24 13:15,0.037212
2025-12-24 13:30,0.009429
2025-12-24 13:45,0.0
2025-12-24 14:00,0.0
2025-12-24 14:15,0.0352
2025-12-24 14:30,0.039537
2025-12-24 14:45,0.0
2025-12-24 15:00,0.0
2025-12-24 15:15,0.0
2025-12-24 15:30,0.0022
2025-12-24 15:45,0.002923
2025-12-24 16:00,0.037212
2025-12-24 16:15,0.16475
2025-12-24 16:30,0.0
2025-12-24 16:45,0.004023
2025-12-24 17:00,0.049343
2025-12-24 17:15,0.181281
2025-12-24 17:30,0.0
2025-12-24 17:45,0.170501
2025-12-24 18:00,0.056729
2025-12-24 18:15,0.019423
2025-12-24 18:30,0.0
2025-12-24 18:45,0.093029
2025-12-24 19:00,0.004589
2025-12-24 19:15,0.04532
2025-12-24 19:30,0.0
2025-12-24 19:45,0.0
2025-12-24 20:00,0.064743
2025-12-24 20:15,0.090641
2025-12-24 20:30,0.0
2025-12-24 20:45,0.011691
2025-12-24 21:00,0.04532
2025-12-24 21:15,0.0
2025-12-24 21:30,0.0
2025-12-24 21:45,0.002577
2025-12-24 22:00,0.0
2025-12-24 22:15,0.00902
2025-12-24 22:30,0.04532
2025-12-24 22:45,0.0
2025-12-24 23:00,0.137784
2025-12-24 23:15,0.0
2025-12-24 23:30,0.04532
2025-12-24 23:45,0.0
2025-12-25 00:00,0.0
2025-12-25 00:15,0.0
2025-12-25 00:30,0.045195
2025-12-25 00:45,0.0
2025-12-25 01:00,0.0
2025-12-25 01:15,0.0
2025-12-25 01:30,0.723113
2025-12-25 01:45,0.0
2025-12-25 02:00,0.002326
2025-12-25 02:15,0.0
2025-12-25 02:30,0.0
2025-12-25 02:45,0.0
2025-12-25 03:00,0.0
2025-12-25 03:15,0.0
2025-12-25 03:30,0.0
2025-12-25 03:45,0.047709
2025-12-25 04:00,0.0
2025-12-25 04:15,0.0
2025-12-25 04:30,0.0022
2025-12-25 04:45,0.0
2025-12-25 05:00,0.007229
2025-12-25 05:15,0.0
2025-12-25 05:30,0.003331
2025-12-25 05:45,0.092338
2025-12-25 06:00,0.00968
2025-12-25 06:15,0.0
2025-12-25 06:30,0.0
2025-12-25 06:45,0.0
2025-12-25 07:00,0.002011
2025-12-25 07:15,0.0
2025-12-25 07:30,0.0
2025-12-25 07:45,0.0
2025-12-25 08:00,0.093029
2025-12-25 08:15,0.095418
2025-12-25 08:30,0.0
2025-12-25 08:45,0.0
2025-12-25 09:00,0.004211
2025-12-25 09:15,0.0
2025-12-25 09:30,0.0
2025-12-25 09:45,0.0
2025-12-25 10:00,0.0352
2025-12-25 10:15,0.0
2025-12-25 10:30,0.0
2025-12-25 10:45,0.0
2025-12-25 11:00,0.04532
2025-12-25 11:15,0.0
2025-12-25 11:30,0.002577
2025-12-25 11:45,0.0
2025-12-25 12:00,0.0
2025-12-25 12:15,0.002011
2025-12-25 12:30,0.0
2025-12-25 12:45,0.0
2025-12-25 13:00,0.011251
2025-12-25 13:15,0.018103
2025-12-25 13:30,0.001823
2025-12-25 13:45,0.0
2025-12-25 14:00,0.006663
2025-12-25 14:15,0.0
2025-12-25 14:30,0.0022
2025-12-25 14:45,0.135584
2025-12-25 15:00,0.0
2025-12-25 15:15,0.002451
2025-12-25 15:30,0.047049
2025-12-25 15:45,0.092841
2025-12-25 16:00,0.00858
2025-12-25 16:15,0.0
2025-12-25 16:30,0.0
2025-12-25 16:45,0.130964
2025-12-25 17:00,0.006254
2025-12-25 17:15,0.04532
2025-12-25 17:30,0.001823
2025-12-25 17:45,0.0
2025-12-25 18:00,0.002923
2025-12-25 18:15,0.0
2025-12-25 18:30,0.0
2025-12-25 18:45,0.002011
2025-12-25 19:00,0.021466
2025-12-25 19:15,0.0
2025-12-25 19:30,0.067163
2025-12-25 19:45,0.0
2025-12-25 20:00,0.045195
2025-12-25 20:15,0.0022
2025-12-25 20:30,0.04532
2025-12-25 20:45,0.0
2025-12-25 21:00,0.053995
2025-12-25 21:15,0.0
2025-12-25 21:30,0.0
2025-12-25 21:45,0.038092
2025-12-25 22:00,0.04532
2025-12-25 22:15,0.0
2025-12-25 22:30,0.0
2025-12-25 22:45,0.0
2025-12-25 23:00,0.0
2025-12-25 23:15,0.002326
2025-12-25 23:30,0.004683
2025-12-25 23:45,0.0
2025-12-26 00:00,0.0
2025-12-26 00:15,0.0
2025-12-26 00:30,0.004651
2025-12-26 00:45,0.0
2025-12-26 01:00,0.0
2025-12-26 01:15,0.0
2025-12-26 01:30,0.068955
2025-12-26 01:45,0.004526
2025-12-26 02:00,0.047143
2025-12-26 02:15,0.001823
2025-12-26 02:30,0.0352
2025-12-26 02:45,0.0
2025-12-26 03:00,0.0
2025-12-26 03:15,0.0
2025-12-26 03:30,0.0022
2025-12-26 03:45,0.001823
2025-12-26 04:00,0.0
2025-12-26 04:15,0.0
2025-12-26 04:30,0.0
2025-12-26 04:45,0.04532
2025-12-26 05:00,0.002577
2025-12-26 05:15,0.278333
2025-12-26 05:30,0.007731
2025-12-26 05:45,0.022252
2025-12-26 06:00,0.002326
2025-12-26 06:15,0.0022
2025-12-26 06:30,0.0
2025-12-26 06:45,0.045195
2025-12-26 07:00,0.0
2025-12-26 07:15,0.04532
2025-12-26 07:30,0.0
2025-12-26 07:45,0.0
2025-12-26 08:00,0.0
2025-12-26 08:15,0.0
2025-12-26 08:30,0.0
2025-12-26 08:45,0.0
2025-12-26 09:00,0.002514
2025-12-26 09:15,0.0
2025-12-26 09:30,0.0
2025-12-26 09:45,0.0
2025-12-26 10:00,0.0
2025-12-26 10:15,0.0
2025-12-26 10:30,0.04532
2025-12-26 10:45,0.025677
2025-12-26 11:00,0.0
2025-12-26 11:15,0.346156
2025-12-26 11:30,0.0
2025-12-26 11:45,0.0
2025-12-26 12:00,0.0
2025-12-26 12:15,0.0
2025-12-26 12:30,0.0
2025-12-26 12:45,0.079075
2025-12-26 13:00,0.0
2025-12-26 13:15,0.0
2025-12-26 13:30,0.0
2025-12-26 13:45,0.0
2025-12-26 14:00,0.0
2025-12-26 14:15,0.0
2025-12-26 14:30,0.079075
2025-12-26 14:45,0.140235
2025-12-26 15:00,0.04246
2025-12-26 15:15,0.0044
2025-12-26 15:30,0.0
2025-12-26 15:45,0.0
2025-12-26 16:00,0.019423
2025-12-26 16:15,0.0
2025-12-26 16:30,0.135961
2025-12-26 16:45,0.0
2025-12-26 17:00,0.005909
2025-12-26 17:15,0.0088
2025-12-26 17:30,0.0
2025-12-26 17:45,0.0
2025-12-26 18:00,0.002326
2025-12-26 18:15,0.0
2025-12-26 18:30,0.0
2025-12-26 18:45,0.0
2025-12-26 19:00,0.0
2025-12-26 19:15,0.011094
2025-12-26 19:30,0.0
2025-12-26 19:45,0.001823
2025-12-26 20:00,0.047332
2025-12-26 20:15,0.0
2025-12-26 20:30,0.002011
2025-12-26 20:45,0.0
2025-12-26 21:00,0.039537
2025-12-26 21:15,0.001823
2025-12-26 21:30,0.0
2025-12-26 21:45,0.0
2025-12-26 22:00,0.002011
2025-12-26 22:15,0.0
2025-12-26 22:30,0.0
2025-12-26 22:45,0.0
2025-12-26 23:00,0.0
2025-12-26 23:15,0.0
2025-12-26 23:30,0.090641
2025-12-26 23:45,0.01012
2025-12-27 00:00,0.051135
2025-12-27 00:15,0.0
2025-12-27 00:30,0.0
2025-12-27 00:45,0.0
2025-12-27 01:00,0.049846
2025-12-27 01:15,0.090389
2025-12-27 01:30,0.138915
2025-12-27 01:45,0.0
2025-12-27 02:00,0.0
2025-12-27 02:15,0.091772
2025-12-27 02:30,0.319442
2025-12-27 02:45,0.0022
2025-12-27 03:00,0.002451
2025-12-27 03:15,0.0
2025-12-27 03:30,0.005657
2025-12-27 03:45,0.002829
2025-12-27 04:00,0.005249
2025-12-27 04:15,0.002326
2025-12-27 04:30,0.0
2025-12-27 04:45,0.0
2025-12-27 05:00,0.110409
2025-12-27 05:15,0.137784
2025-12-27 05:30,0.0
2025-12-27 05:45,0.046892
2025-12-27 06:00,0.048275
2025-12-27 06:15,0.0
2025-12-27 06:30,0.0
2025-12-27 06:45,0.0044
2025-12-27 07:00,0.0
2025-12-27 07:15,0.0
2025-12-27 07:30,0.0
2025-12-27 07:45,0.0
2025-12-27 08:00,0.014897
2025-12-27 08:15,0.049909
2025-12-27 08:30,0.0
2025-12-27 08:45,0.0
2025-12-27 09:00,0.0
2025-12-27 09:15,0.0
2025-12-27 09:30,0.0
2025-12-27 09:45,0.0
2025-12-27 10:00,0.002326
2025-12-27 10:15,0.0
2025-12-27 10:30,0.047709
2025-12-27 10:45,0.0
2025-12-27 11:00,0.0
2025-12-27 11:15,0.0
2025-12-27 11:30,0.0
2025-12-27 11:45,0.0
2025-12-27 12:00,0.0
2025-12-27 12:15,0.0484
2025-12-27 12:30,0.0022
2025-12-27 12:45,0.0
2025-12-27 13:00,0.0
2025-12-27 13:15,0.0
2025-12-27 13:30,0.008046
2025-12-27 13:45,0.0
2025-12-27 14:00,0.0
2025-12-27 14:15,0.002577
2025-12-27 14:30,0.0
2025-12-27 14:45,0.0
2025-12-27 15:00,0.007794
2025-12-27 15:15,0.0
2025-12-27 15:30,0.0044
2025-12-27 15:45,0.0
2025-12-27 16:00,0.002326
2025-12-27 16:15,0.0
2025-12-27 16:30,0.007291
2025-12-27 16:45,0.028537
2025-12-27 17:00,0.003771
2025-12-27 17:15,0.0
2025-12-27 17:30,0.763342
2025-12-27 17:45,0.0
2025-12-27 18:00,0.0
2025-12-27 18:15,0.0
2025-12-27 18:30,0.0
2025-12-27 18:45,0.0
2025-12-27 19:00,0.0
2025-12-27 19:15,0.0
2025-12-27 19:30,0.0
2025-12-27 19:45,0.0
2025-12-27 20:00,0.135961
2025-12-27 20:15,0.018606
2025-12-27 20:30,0.0
2025-12-27 20:45,0.002011
2025-12-27 21:00,0.001823
2025-12-27 21:15,0.0
2025-12-27 21:30,0.04532
2025-12-27 21:45,0.008894
2025-12-27 22:00,0.0
2025-12-27 22:15,0.0
2025-12-27 22:30,0.048777
2025-12-27 22:45,0.0
2025-12-27 23:00,0.002451
2025-12-27 23:15,0.0
2025-12-27 23:30,0.002577
2025-12-27 23:45,0.0
2025-12-28 00:00,0.092463
2025-12-28 00:15,0.0
2025-12-28 00:30,0.003457
2025-12-28 00:45,0.045195
2025-12-28 01:00,0.0
2025-12-28 01:15,0.0
2025-12-28 01:30,0.18323
2025-12-28 01:45,0.0
2025-12-28 02:00,0.0
2025-12-28 02:15,0.0066
2025-12-28 02:30,0.090641
2025-12-28 02:45,0.0
2025-12-28 03:00,0.045195
2025-12-28 03:15,0.04752
2025-12-28 03:30,0.0352
2025-12-28 03:45,0.066472
2025-12-28 04:00,0.0
2025-12-28 04:15,0.0
2025-12-28 04:30,0.0
2025-12-28 04:45,0.0
2025-12-28 05:00,0.0
2025-12-28 05:15,0.0
2025-12-28 05:30,0.0
2025-12-28 05:45,0.090766
2025-12-28 06:00,0.0
2025-12-28 06:15,0.0022
2025-12-28 06:30,0.0
2025-12-28 06:45,0.0
2025-12-28 07:00,0.0
2025-12-28 07:15,0.095041
2025-12-28 07:30,0.0
2025-12-28 07:45,0.0
2025-12-28 08:00,0.002011
2025-12-28 08:15,0.095418
2025-12-28 08:30,0.0
2025-12-28 08:45,0.0
2025-12-28 09:00,0.002326
2025-12-28 09:15,0.0
2025-12-28 09:30,0.0
2025-12-28 09:45,0.04334
2025-12-28 10:00,0.0
2025-12-28 10:15,0.0
2025-12-28 10:30,0.004023
2025-12-28 10:45,0.022377
2025-12-28 11:00,0.0
2025-12-28 11:15,0.0
2025-12-28 11:30,0.0
2025-12-28 11:45,0.0
2025-12-28 12:00,0.0
2025-12-28 12:15,0.002829
2025-12-28 12:30,0.0352
2025-12-28 12:45,0.0
2025-12-28 13:00,0.039223
2025-12-28 13:15,0.0
2025-12-28 13:30,0.0
2025-12-28 13:45,0.0
2025-12-28 14:00,0.0
2025-12-28 14:15,0.0
2025-12-28 14:30,0.0
2025-12-28 14:45,0.0176
2025-12-28 15:00,0.0
2025-12-28 15:15,0.0
2025-12-28 15:30,0.0
2025-12-28 15:45,0.0
2025-12-28 16:00,0.0
2025-12-28 16:15,0.0
2025-12-28 16:30,0.537746
2025-12-28 16:45,0.002011
2025-12-28 17:00,0.0
2025-12-28 17:15,0.0
2025-12-28 17:30,0.0
2025-12-28 17:45,0.0
2025-12-28 18:00,0.0
2025-12-28 18:15,0.0
2025-12-28 18:30,0.0
2025-12-28 18:45,0.0
2025-12-28 19:00,0.04532
2025-12-28 19:15,0.0
2025-12-28 19:30,0.0
2025-12-28 19:45,0.0
2025-12-28 20:00,0.0
2025-12-28 20:15,0.018197
2025-12-28 20:30,0.090641
2025-12-28 20:45,0.135961
2025-12-28 21:00,0.0
2025-12-28 21:15,0.0
2025-12-28 21:30,0.0
2025-12-28 21:45,0.0
2025-12-28 22:00,0.002011
2025-12-28 22:15,0.084858
2025-12-28 22:30,0.0
2025-12-28 22:45,0.04532
2025-12-28 23:00,0.0
2025-12-28 23:15,0.04532
2025-12-28 23:30,0.0
2025-12-28 23:45,0.0
2025-12-29 00:00,0.0
2025-12-29 00:15,0.0
2025-12-29 00:30,0.0
2025-12-29 00:45,0.0
2025-12-29 01:00,0.0
2025-12-29 01:15,0.092715
2025-12-29 01:30,0.04752
2025-12-29 01:45,0.002011
2025-12-29 02:00,0.0022
2025-12-29 02:15,0.0
2025-12-29 02:30,0.741687
2025-12-29 02:45,0.0
2025-12-29 03:00,0.04994
2025-12-29 03:15,0.0
2025-12-29 03:30,0.00572
2025-12-29 03:45,0.008737
2025-12-29 04:00,0.0
2025-12-29 04:15,0.0
2025-12-29 04:30,0.090641
2025-12-29 04:45,0.0
2025-12-29 05:00,0.002011
2025-12-29 05:15,0.092903
2025-12-29 05:30,0.0
2025-12-29 05:45,0.146018
2025-12-29 06:00,0.0
2025-12-29 06:15,0.0
2025-12-29 06:30,0.0
2025-12-29 06:45,0.090389
2025-12-29 07:00,0.0
2025-12-29 07:15,0.0
2025-12-29 07:30,0.0
2025-12-29 07:45,0.0
2025-12-29 08:00,0.001823
2025-12-29 08:15,0.002891
2025-12-29 08:30,0.0
2025-12-29 08:45,0.0
2025-12-29 09:00,0.0
2025-12-29 09:15,0.0022
2025-12-29 09:30,0.0
2025-12-29 09:45,0.0
2025-12-29 10:00,0.090641
2025-12-29 10:15,0.0
2025-12-29 10:30,0.0
2025-12-29 10:45,0.0
2025-12-29 11:00,0.0
2025-12-29 11:15,0.0
2025-12-29 11:30,0.0
2025-12-29 11:45,0.002326
2025-12-29 12:00,0.0
2025-12-29 12:15,0.019423
2025-12-29 12:30,0.002011
2025-12-29 12:45,0.039537
2025-12-29 13:00,0.013734
2025-12-29 13:15,0.05676
2025-12-29 13:30,0.086555
2025-12-29 13:45,0.034477
2025-12-29 14:00,0.057389
2025-12-29 14:15,0.009931
2025-12-29 14:30,0.035074
2025-12-29 14:45,0.399585
2025-12-29 15:00,0.0
2025-12-29 15:15,0.130178
2025-12-29 15:30,0.044063
2025-12-29 15:45,0.0
2025-12-29 16:00,0.083098
2025-12-29 16:15,0.0
2025-12-29 16:30,0.021372
2025-12-29 16:45,0.009209
2025-12-29 17:00,0.0
2025-12-29 17:15,0.002011
2025-12-29 17:30,0.002829
2025-12-29 17:45,0.0
2025-12-29 18:00,0.039537
2025-12-29 18:15,0.008046
2025-12-29 18:30,0.043875
2025-12-29 18:45,0.004526
2025-12-29 19:00,0.002011
2025-12-29 19:15,0.024137
2025-12-29 19:30,0.717581
2025-12-29 19:45,0.02266
2025-12-29 20:00,0.065718
2025-12-29 20:15,1.0
2025-12-29 20:30,0.011346
2025-12-29 20:45,0.0
2025-12-29 21:00,0.0
2025-12-29 21:15,0.0
2025-12-29 21:30,0.203721
2025-12-29 21:45,0.019989
2025-12-29 22:00,0.041109
2025-12-29 22:15,0.010151
2025-12-29 22:30,0.0
2025-12-29 22:45,0.004903
2025-12-29 23:00,0.0
2025-12-29 23:15,0.0
2025-12-29 23:30,0.0
2025-12-29 23:45,0.766799
2025-12-30 00:00,0.0
2025-12-30 00:15,0.046515
2025-12-30 00:30,0.0
2025-12-30 00:45,0.04532
2025-12-30 01:00,0.0
2025-12-30 01:15,0.045195
2025-12-30 01:30,0.146144
2025-12-30 01:45,0.0
2025-12-30 02:00,0.0
2025-12-30 02:15,0.622226
2025-12-30 02:30,0.135961
2025-12-30 02:45,0.0
2025-12-30 03:00,0.04752
2025-12-30 03:15,0.0
2025-12-30 03:30,0.0
2025-12-30 03:45,0.051166
2025-12-30 04:00,0.145924
2025-12-30 04:15,0.04532
2025-12-30 04:30,0.002011
2025-12-30 04:45,0.0
2025-12-30 05:00,0.04532
2025-12-30 05:15,0.045195
2025-12-30 05:30,0.0
2025-12-30 05:45,0.087686
2025-12-30 06:00,0.0
2025-12-30 06:15,0.0
2025-12-30 06:30,0.002577
2025-12-30 06:45,0.0
2025-12-30 07:00,0.0
2025-12-30 07:15,0.0
2025-12-30 07:30,0.0
2025-12-30 07:45,0.0
2025-12-30 08:00,0.0
2025-12-30 08:15,0.065152
2025-12-30 08:30,0.0
2025-12-30 08:45,0.0
2025-12-30 09:00,0.0
2025-12-30 09:15,0.004683
2025-12-30 09:30,0.0
2025-12-30 09:45,0.0
2025-12-30 10:00,0.0
2025-12-30 10:15,0.0
2025-12-30 10:30,0.0
2025-12-30 10:45,0.0
2025-12-30 11:00,0.0
2025-12-30 11:15,0.0
2025-12-30 11:30,0.289145
2025-12-30 11:45,0.0
2025-12-30 12:00,0.0
2025-12-30 12:15,0.090766
2025-12-30 12:30,0.002829
2025-12-30 12:45,0.002514
2025-12-30 13:00,0.002011
2025-12-30 13:15,0.0
2025-12-30 13:30,0.126658
2025-12-30 13:45,0.0
2025-12-30 14:00,0.030737
2025-12-30 14:15,0.0
2025-12-30 14:30,0.03828
2025-12-30 14:45,0.017317
2025-12-30 15:00,0.0022
2025-12-30 15:15,0.002326
2025-12-30 15:30,0.058583
2025-12-30 15:45,0.169684
2025-12-30 16:00,0.002891
2025-12-30 16:15,0.004337
2025-12-30 16:30,0.04532
2025-12-30 16:45,0.002923
2025-12-30 17:00,0.0
2025-12-30 17:15,0.0
2025-12-30 17:30,0.002011
2025-12-30 17:45,0.090641
2025-12-30 18:00,0.047206
2025-12-30 18:15,0.003174
2025-12-30 18:30,0.043749
2025-12-30 18:45,0.0
2025-12-30 19:00,0.0
2025-12-30 19:15,0.08228
2025-12-30 19:30,0.117481
2025-12-30 19:45,0.03916
2025-12-30 20:00,0.052612
2025-12-30 20:15,0.002011
2025-12-30 20:30,0.047709
2025-12-30 20:45,0.071815
2025-12-30 21:00,0.009617
2025-12-30 21:15,0.210635
2025-12-30 21:30,0.010591
2025-12-30 21:45,0.054403
2025-12-30 22:00,0.0
2025-12-30 22:15,0.097838
2025-12-30 22:30,0.090641
2025-12-30 22:45,0.0
2025-12-30 23:00,0.0
2025-12-30 23:15,0.0
2025-12-30 23:30,0.0
2025-12-30 23:45,0.0231
2025-12-31 00:00,0.0
2025-12-31 00:00,0.0
2025-12-31 00:15,0.061349
2025-12-31 00:30,0.0
2025-12-31 00:45,0.058742
2025-12-31 01:00,0.0
2025-12-31 01:15,0.176063
2025-12-31 01:30,0.0
2025-12-31 01:45,0.0
2025-12-31 02:00,0.0
2025-12-31 02:15,0.064853
2025-12-31 02:30,0.01104
2025-12-31 02:45,0.117484
2025-12-31 03:00,0.002852
2025-12-31 03:15,0.0
2025-12-31 03:30,0.045625
2025-12-31 03:45,0.006925
2025-12-31 04:00,0.0
2025-12-31 04:15,0.47124
2025-12-31 04:30,0.0
2025-12-31 04:45,0.0
2025-12-31 05:00,0.064853
2025-12-31 05:15,0.0
2025-12-31 05:30,0.002852
2025-12-31 05:45,0.008392
2025-12-31 06:00,0.0
2025-12-31 06:15,0.022812
2025-12-31 06:30,0.0
2025-12-31 06:45,0.058579
2025-12-31 07:00,0.0
2025-12-31 07:15,0.059557
2025-12-31 07:30,0.0
2025-12-31 07:45,0.051409
2025-12-31 08:00,0.002607
2025-12-31 08:15,0.0
2025-12-31 08:30,0.0
2025-12-31 08:45,0.0
2025-12-31 09:00,0.0
2025-12-31 09:15,0.0
2025-12-31 09:30,0.0
2025-12-31 09:45,0.0
2025-12-31 10:00,0.0
2025-12-31 10:15,0.0
2025-12-31 10:30,0.005214
2025-12-31 10:45,0.058742
2025-12-31 11:00,0.058742
2025-12-31 11:15,0.0
2025-12-31 11:30,0.00831
2025-12-31 11:45,0.061838
2025-12-31 12:00,0.015643
2025-12-31 12:15,0.0
2025-12-31 12:30,0.063508
2025-12-31 12:45,0.051247
2025-12-31 13:00,0.003015
2025-12-31 13:15,0.004277
2025-12-31 13:30,0.0
2025-12-31 13:45,0.0
2025-12-31 14:00,0.0
2025-12-31 14:15,0.01495
2025-12-31 14:30,0.0
2025-12-31 14:45,0.0
2025-12-31 15:00,0.176226
2025-12-31 15:15,0.0
2025-12-31 15:30,0.0
2025-12-31 15:45,0.082532
2025-12-31 16:00,0.0
2025-12-31 16:15,0.003015
2025-12-31 16:30,0.0
2025-12-31 16:45,0.0
2025-12-31 17:00,0.0
2025-12-31 17:15,0.006396
2025-12-31 17:30,0.061838
2025-12-31 17:45,0.058824
2025-12-31 18:00,1.0
2025-12-31 18:15,0.058986
2025-12-31 18:30,0.0
2025-12-31 18:45,0.0
2025-12-31 19:00,0.0
2025-12-31 19:15,0.0
2025-12-31 19:30,0.120825
2025-12-31 19:45,0.143678
2025-12-31 20:00,0.003015
2025-12-31 20:15,0.19965
2025-12-31 20:30,0.0
2025-12-31 20:45,0.0
2025-12-31 21:00,0.002363
2025-12-31 21:15,0.002607
2025-12-31 21:30,0.163109
2025-12-31 21:45,0.003626
2025-12-31 22:00,0.080821
2025-12-31 22:15,0.070148
2025-12-31 22:30,0.0
2025-12-31 22:45,0.0
2025-12-31 23:00,0.010225
2025-12-31 23:15,0.0
2025-12-31 23:30,0.007047
2025-12-31 23:45,0.0
