timestamp,value
2025-01-01 00:00,0.0
2025-01-01 00:15,0.0
2025-01-01 00:30,0.0
2025-01-01 00:45,0.0
2025-01-01 01:00,0.0
2025-01-01 01:15,0.061356
2025-01-01 01:30,0.0
2025-01-01 01:45,0.0
2025-01-01 02:00,0.0
2025-01-01 02:15,0.114628
2025-01-01 02:30,0.0
2025-01-01 02:45,0.0
2025-01-01 03:00,0.0
2025-01-01 03:15,0.0
2025-01-01 03:30,0.0
2025-01-01 03:45,0.061356
2025-01-01 04:00,0.378077
2025-01-01 04:15,0.0
2025-01-01 04:30,0.0
2025-01-01 04:45,0.0
2025-01-01 05:00,0.0
2025-01-01 05:15,0.0
2025-01-01 05:30,0.0
2025-01-01 05:45,0.002587
2025-01-01 06:00,0.0
2025-01-01 06:15,0.004082
2025-01-01 06:30,0.0
2025-01-01 06:45,0.003799
2025-01-01 07:00,0.061356
2025-01-01 07:15,0.009943
2025-01-01 07:30,0.0
2025-01-01 07:45,0.0
2025-01-01 08:00,0.003799
2025-01-01 08:15,0.002344
2025-01-01 08:30,0.0
2025-01-01 08:45,0.0
2025-01-01 09:00,0.0
2025-01-01 09:15,0.0
2025-01-01 09:30,0.0
2025-01-01 09:45,0.003799
2025-01-01 10:00,0.003799
2025-01-01 10:15,0.0
2025-01-01 10:30,0.0
2025-01-01 10:45,0.0
2025-01-01 11:00,0.003799
2025-01-01 11:15,0.0
2025-01-01 11:30,0.0
2025-01-01 11:45,0.0
2025-01-01 12:00,0.002951
2025-01-01 12:15,0.0
2025-01-01 12:30,0.0
2025-01-01 12:45,0.0
2025-01-01 13:00,0.0
2025-01-01 13:15,0.0
2025-01-01 13:30,0.0
2025-01-01 13:45,0.0
2025-01-01 14:00,0.0
2025-01-01 14:15,0.0
2025-01-01 14:30,0.003921
2025-01-01 14:45,0.0
2025-01-01 15:00,0.0
2025-01-01 15:15,0.0
2025-01-01 15:30,0.0
2025-01-01 15:45,0.003799
2025-01-01 16:00,0.0
2025-01-01 16:15,0.0
2025-01-01 16:30,0.0
2025-01-01 16:45,0.0
2025-01-01 17:00,0.0
2025-01-01 17:15,0.0
2025-01-01 17:30,0.0
2025-01-01 17:45,0.0
2025-01-01 18:00,0.007841
2025-01-01 18:15,0.033143
2025-01-01 18:30,0.0
2025-01-01 18:45,0.0
2025-01-01 19:00,0.061356
2025-01-01 19:15,0.0
2025-01-01 19:30,0.0
2025-01-01 19:45,0.0
2025-01-01 20:00,0.0
2025-01-01 20:15,0.007599
2025-01-01 20:30,0.0
2025-01-01 20:45,0.003799
2025-01-01 21:00,0.0
2025-01-01 21:15,0.0
2025-01-01 21:30,0.0
2025-01-01 21:45,0.0
2025-01-01 22:00,0.0
2025-01-01 22:15,0.0
2025-01-01 22:30,0.0
2025-01-01 22:45,0.005659
2025-01-01 23:00,0.0
2025-01-01 23:15,0.0
2025-01-01 23:30,0.0
2025-01-01 23:45,0.005659
2025-01-02 00:00,0.122711
2025-01-02 00:15,0.0
2025-01-02 00:30,0.002344
2025-01-02 00:45,0.0
2025-01-02 01:00,0.0
2025-01-02 01:15,0.0
2025-01-02 01:30,0.0
2025-01-02 01:45,0.0
2025-01-02 02:00,0.011802
2025-01-02 02:15,0.0
2025-01-02 02:30,0.0
2025-01-02 02:45,0.0
2025-01-02 03:00,0.007599
2025-01-02 03:15,0.003759
2025-01-02 03:30,0.0
2025-01-02 03:45,0.126511
2025-01-02 04:00,0.122711
2025-01-02 04:15,0.003799
2025-01-02 04:30,0.010428
2025-01-02 04:45,0.0
2025-01-02 05:00,0.002829
2025-01-02 05:15,0.0
2025-01-02 05:30,0.0
2025-01-02 05:45,0.007599
2025-01-02 06:00,0.001495
2025-01-02 06:15,0.0
2025-01-02 06:30,0.0
2025-01-02 06:45,0.0
2025-01-02 07:00,0.0
2025-01-02 07:15,0.061356
2025-01-02 07:30,0.0
2025-01-02 07:45,0.0
2025-01-02 08:00,0.0
2025-01-02 08:15,0.061356
2025-01-02 08:30,0.0
2025-01-02 08:45,0.008569
2025-01-02 09:00,0.0
2025-01-02 09:15,0.0
2025-01-02 09:30,0.0
2025-01-02 09:45,0.0
2025-01-02 10:00,0.003799
2025-01-02 10:15,0.0
2025-01-02 10:30,0.0
2025-01-02 10:45,0.0
2025-01-02 11:00,0.0
2025-01-02 11:15,0.0
2025-01-02 11:30,0.004689
2025-01-02 11:45,0.0
2025-01-02 12:00,0.0
2025-01-02 12:15,0.0
2025-01-02 12:30,0.0
2025-01-02 12:45,0.122711
2025-01-02 13:00,0.0
2025-01-02 13:15,0.18439
2025-01-02 13:30,0.113011
2025-01-02 13:45,0.143446
2025-01-02 14:00,0.527505
2025-01-02 14:15,0.233944
2025-01-02 14:30,0.235965
2025-01-02 14:45,0.349056
2025-01-02 15:00,0.11584
2025-01-02 15:15,0.180874
2025-01-02 15:30,0.114223
2025-01-02 15:45,0.245908
2025-01-02 16:00,0.307182
2025-01-02 16:15,0.176266
2025-01-02 16:30,0.118063
2025-01-02 16:45,0.248454
2025-01-02 17:00,0.309102
2025-01-02 17:15,0.571966
2025-01-02 17:30,0.24809
2025-01-02 17:45,0.129219
2025-01-02 18:00,0.659513
2025-01-02 18:15,0.213168
2025-01-02 18:30,0.620953
2025-01-02 18:45,0.888404
2025-01-02 19:00,0.926074
2025-01-02 19:15,0.912332
2025-01-02 19:30,0.839012
2025-01-02 19:45,0.407987
2025-01-02 20:00,0.188634
2025-01-02 20:15,0.524756
2025-01-02 20:30,0.410654
2025-01-02 20:45,0.229821
2025-01-02 21:00,0.129663
2025-01-02 21:15,0.719454
2025-01-02 21:30,0.297078
2025-01-02 21:45,0.066489
2025-01-02 22:00,0.536437
2025-01-02 22:15,0.002587
2025-01-02 22:30,0.0
2025-01-02 22:45,0.0
2025-01-02 23:00,0.0
2025-01-02 23:15,0.0
2025-01-02 23:30,0.113011
2025-01-02 23:45,0.0
2025-01-03 00:00,0.0
2025-01-03 00:15,0.0
2025-01-03 00:30,0.005174
2025-01-03 00:45,0.0
2025-01-03 01:00,0.059092
2025-01-03 01:15,0.0
2025-01-03 01:30,0.0
2025-01-03 01:45,0.005659
2025-01-03 02:00,0.0
2025-01-03 02:15,0.0
2025-01-03 02:30,0.0
2025-01-03 02:45,0.0
2025-01-03 03:00,0.0
2025-01-03 03:15,0.0
2025-01-03 03:30,0.0
2025-01-03 03:45,0.007518
2025-01-03 04:00,0.114628
2025-01-03 04:15,0.0
2025-01-03 04:30,0.0
2025-01-03 04:45,0.0
2025-01-03 05:00,0.005659
2025-01-03 05:15,0.0
2025-01-03 05:30,0.003799
2025-01-03 05:45,0.0
2025-01-03 06:00,0.0
2025-01-03 06:15,0.0
2025-01-03 06:30,0.122711
2025-01-03 06:45,0.005174
2025-01-03 07:00,0.0
2025-01-03 07:15,0.003799
2025-01-03 07:30,0.065155
2025-01-03 07:45,0.122711
2025-01-03 08:00,0.0
2025-01-03 08:15,0.0
2025-01-03 08:30,0.0
2025-01-03 08:45,0.0
2025-01-03 09:00,0.0
2025-01-03 09:15,0.0
2025-01-03 09:30,0.0
2025-01-03 09:45,0.0
2025-01-03 10:00,0.0
2025-01-03 10:15,0.0
2025-01-03 10:30,0.0
2025-01-03 10:45,0.003799
2025-01-03 11:00,0.0
2025-01-03 11:15,0.0
2025-01-03 11:30,0.0
2025-01-03 11:45,0.0
2025-01-03 12:00,0.0
2025-01-03 12:15,0.0
2025-01-03 12:30,0.0
2025-01-03 12:45,0.012126
2025-01-03 13:00,0.134352
2025-01-03 13:15,0.005174
2025-01-03 13:30,0.359646
2025-01-03 13:45,0.233944
2025-01-03 14:00,0.100764
2025-01-03 14:15,0.233337
2025-01-03 14:30,0.125136
2025-01-03 14:45,0.406774
2025-01-03 15:00,0.012974
2025-01-03 15:15,0.231195
2025-01-03 15:30,0.434259
2025-01-03 15:45,0.302979
2025-01-03 16:00,0.232408
2025-01-03 16:15,0.303626
2025-01-03 16:30,0.296148
2025-01-03 16:45,0.058405
2025-01-03 17:00,0.444768
2025-01-03 17:15,0.233459
2025-01-03 17:30,0.010751
2025-01-03 17:45,0.339032
2025-01-03 18:00,0.539509
2025-01-03 18:15,0.270482
2025-01-03 18:30,0.56275
2025-01-03 18:45,0.230144
2025-01-03 19:00,0.200558
2025-01-03 19:15,0.177357
2025-01-03 19:30,0.167899
2025-01-03 19:45,0.426094
2025-01-03 20:00,0.239683
2025-01-03 20:15,0.119801
2025-01-03 20:30,0.361829
2025-01-03 20:45,0.022695
2025-01-03 21:00,0.130472
2025-01-03 21:15,0.071177
2025-01-03 21:30,0.176064
2025-01-03 21:45,0.290611
2025-01-03 22:00,0.0
2025-01-03 22:15,0.061356
2025-01-03 22:30,0.0
2025-01-03 22:45,0.0
2025-01-03 23:00,0.0
2025-01-03 23:15,0.002587
2025-01-03 23:30,0.0
2025-01-03 23:45,0.0
2025-01-04 00:00,0.0
2025-01-04 00:15,0.0
2025-01-04 00:30,0.007599
2025-01-04 00:45,0.007599
2025-01-04 01:00,0.010873
2025-01-04 01:15,0.008973
2025-01-04 01:30,0.0
2025-01-04 01:45,0.007599
2025-01-04 02:00,0.0
2025-01-04 02:15,0.061356
2025-01-04 02:30,0.0
2025-01-04 02:45,0.0
2025-01-04 03:00,0.113011
2025-01-04 03:15,0.0
2025-01-04 03:30,0.0
2025-01-04 03:45,0.0
2025-01-04 04:00,0.13031
2025-01-04 04:15,0.003799
2025-01-04 04:30,0.002829
2025-01-04 04:45,0.0
2025-01-04 05:00,0.061356
2025-01-04 05:15,0.0
2025-01-04 05:30,0.0
2025-01-04 05:45,0.0
2025-01-04 06:00,0.0
2025-01-04 06:15,0.0
2025-01-04 06:30,0.008488
2025-01-04 06:45,0.0
2025-01-04 07:00,0.003799
2025-01-04 07:15,0.0
2025-01-04 07:30,0.008609
2025-01-04 07:45,0.0
2025-01-04 08:00,0.061356
2025-01-04 08:15,0.007356
2025-01-04 08:30,0.0
2025-01-04 08:45,0.0
2025-01-04 09:00,0.0
2025-01-04 09:15,0.0
2025-01-04 09:30,0.003799
2025-01-04 09:45,0.04345
2025-01-04 10:00,0.0
2025-01-04 10:15,0.0
2025-01-04 10:30,0.0
2025-01-04 10:45,0.0
2025-01-04 11:00,0.0
2025-01-04 11:15,0.0
2025-01-04 11:30,0.0
2025-01-04 11:45,0.003799
2025-01-04 12:00,0.0
2025-01-04 12:15,0.0
2025-01-04 12:30,0.0
2025-01-04 12:45,0.0
2025-01-04 13:00,0.04058
2025-01-04 13:15,0.0
2025-01-04 13:30,0.0
2025-01-04 13:45,0.007599
2025-01-04 14:00,0.0
2025-01-04 14:15,0.061356
2025-01-04 14:30,0.0
2025-01-04 14:45,0.0
2025-01-04 15:00,0.0
2025-01-04 15:15,0.0
2025-01-04 15:30,0.249222
2025-01-04 15:45,0.007599
2025-01-04 16:00,0.0
2025-01-04 16:15,0.0
2025-01-04 16:30,0.0
2025-01-04 16:45,0.0
2025-01-04 17:00,0.0
2025-01-04 17:15,0.003799
2025-01-04 17:30,0.0
2025-01-04 17:45,0.0
2025-01-04 18:00,0.017319
2025-01-04 18:15,0.0
2025-01-04 18:30,0.0
2025-01-04 18:45,0.0
2025-01-04 19:00,0.0
2025-01-04 19:15,0.0
2025-01-04 19:30,0.0
2025-01-04 19:45,0.010428
2025-01-04 20:00,0.0
2025-01-04 20:15,0.056505
2025-01-04 20:30,0.0
2025-01-04 20:45,0.004284
2025-01-04 21:00,0.0
2025-01-04 21:15,0.0
2025-01-04 21:30,0.0
2025-01-04 21:45,0.0
2025-01-04 22:00,0.0
2025-01-04 22:15,0.0
2025-01-04 22:30,0.001293
2025-01-04 22:45,0.003799
2025-01-04 23:00,0.0
2025-01-04 23:15,0.0
2025-01-04 23:30,0.007599
2025-01-04 23:45,0.0
2025-01-05 00:00,0.002829
2025-01-05 00:15,0.0
2025-01-05 00:30,0.0
2025-01-05 00:45,0.0
2025-01-05 01:00,0.003799
2025-01-05 01:15,0.0
2025-01-05 01:30,0.008973
2025-01-05 01:45,0.0
2025-01-05 02:00,0.0
2025-01-05 02:15,0.0
2025-01-05 02:30,0.00388
2025-01-05 02:45,0.0
2025-01-05 03:00,0.0
2025-01-05 03:15,0.0
2025-01-05 03:30,0.0
2025-01-05 03:45,0.004244
2025-01-05 04:00,0.0
2025-01-05 04:15,0.0
2025-01-05 04:30,0.0
2025-01-05 04:45,0.00388
2025-01-05 05:00,0.0
2025-01-05 05:15,0.0
2025-01-05 05:30,0.034518
2025-01-05 05:45,0.0
2025-01-05 06:00,0.0
2025-01-05 06:15,0.0
2025-01-05 06:30,0.003799
2025-01-05 06:45,0.0
2025-01-05 07:00,0.0
2025-01-05 07:15,0.0
2025-01-05 07:30,0.0
2025-01-05 07:45,0.0
2025-01-05 08:00,0.003799
2025-01-05 08:15,0.0
2025-01-05 08:30,0.0
2025-01-05 08:45,0.040985
2025-01-05 09:00,0.0
2025-01-05 09:15,0.003799
2025-01-05 09:30,0.0
2025-01-05 09:45,0.0
2025-01-05 10:00,0.007599
2025-01-05 10:15,0.0
2025-01-05 10:30,0.0
2025-01-05 10:45,0.0
2025-01-05 11:00,0.0
2025-01-05 11:15,0.003799
2025-01-05 11:30,0.0
2025-01-05 11:45,0.0
2025-01-05 12:00,0.0
2025-01-05 12:15,0.058122
2025-01-05 12:30,0.003921
2025-01-05 12:45,0.0
2025-01-05 13:00,0.0
2025-01-05 13:15,0.0
2025-01-05 13:30,0.0
2025-01-05 13:45,0.0
2025-01-05 14:00,0.0
2025-01-05 14:15,0.002587
2025-01-05 14:30,0.0
2025-01-05 14:45,0.0
2025-01-05 15:00,0.0
2025-01-05 15:15,0.0
2025-01-05 15:30,0.0
2025-01-05 15:45,0.0
2025-01-05 16:00,0.0
2025-01-05 16:15,0.0
2025-01-05 16:30,0.0
2025-01-05 16:45,0.061356
2025-01-05 17:00,0.008003
2025-01-05 17:15,0.0
2025-01-05 17:30,0.0
2025-01-05 17:45,0.119316
2025-01-05 18:00,0.002587
2025-01-05 18:15,0.012772
2025-01-05 18:30,0.106786
2025-01-05 18:45,0.0
2025-01-05 19:00,0.0
2025-01-05 19:15,0.116244
2025-01-05 19:30,0.135403
2025-01-05 19:45,0.0
2025-01-05 20:00,0.119478
2025-01-05 20:15,0.0
2025-01-05 20:30,0.0
2025-01-05 20:45,0.003799
2025-01-05 21:00,0.0
2025-01-05 21:15,0.0
2025-01-05 21:30,0.0
2025-01-05 21:45,0.0
2025-01-05 22:00,0.0
2025-01-05 22:15,0.0
2025-01-05 22:30,0.0
2025-01-05 22:45,0.0
2025-01-05 23:00,0.0
2025-01-05 23:15,0.0
2025-01-05 23:30,0.003799
2025-01-05 23:45,0.073481
2025-01-06 00:00,0.122711
2025-01-06 00:15,0.0
2025-01-06 00:30,0.0
2025-01-06 00:45,0.0
2025-01-06 01:00,0.002344
2025-01-06 01:15,0.0
2025-01-06 01:30,0.004042
2025-01-06 01:45,0.003799
2025-01-06 02:00,0.0
2025-01-06 02:15,0.0
2025-01-06 02:30,0.0
2025-01-06 02:45,0.0
2025-01-06 03:00,0.011398
2025-01-06 03:15,0.0
2025-01-06 03:30,0.0
2025-01-06 03:45,0.003799
2025-01-06 04:00,0.007599
2025-01-06 04:15,0.0
2025-01-06 04:30,0.015197
2025-01-06 04:45,0.0
2025-01-06 05:00,0.003799
2025-01-06 05:15,0.007599
2025-01-06 05:30,0.0
2025-01-06 05:45,0.002829
2025-01-06 06:00,0.005174
2025-01-06 06:15,0.0
2025-01-06 06:30,0.010428
2025-01-06 06:45,0.061356
2025-01-06 07:00,0.0
2025-01-06 07:15,0.0
2025-01-06 07:30,0.007599
2025-01-06 07:45,0.0
2025-01-06 08:00,0.0
2025-01-06 08:15,0.0
2025-01-06 08:30,0.006629
2025-01-06 08:45,0.0
2025-01-06 09:00,0.004689
2025-01-06 09:15,0.0
2025-01-06 09:30,0.0
2025-01-06 09:45,0.007599
2025-01-06 10:00,0.0
2025-01-06 10:15,0.005174
2025-01-06 10:30,0.011398
2025-01-06 10:45,0.0
2025-01-06 11:00,0.0
2025-01-06 11:15,0.003799
2025-01-06 11:30,0.0
2025-01-06 11:45,0.008003
2025-01-06 12:00,0.0
2025-01-06 12:15,0.0
2025-01-06 12:30,0.0
2025-01-06 12:45,0.089245
2025-01-06 13:00,0.131038
2025-01-06 13:15,0.0
2025-01-06 13:30,0.081262
2025-01-06 13:45,0.291904
2025-01-06 14:00,0.371206
2025-01-06 14:15,0.23839
2025-01-06 14:30,0.288186
2025-01-06 14:45,0.408795
2025-01-06 15:00,0.574431
2025-01-06 15:15,0.214341
2025-01-06 15:30,0.54444
2025-01-06 15:45,0.299341
2025-01-06 16:00,0.288509
2025-01-06 16:15,0.293844
2025-01-06 16:30,0.521341
2025-01-06 16:45,0.673134
2025-01-06 17:00,0.106867
2025-01-06 17:15,0.60814
2025-01-06 17:30,0.111313
2025-01-06 17:45,0.276626
2025-01-06 18:00,0.681864
2025-01-06 18:15,0.227962
2025-01-06 18:30,0.125298
2025-01-06 18:45,0.790894
2025-01-06 19:00,0.230548
2025-01-06 19:15,0.813225
2025-01-06 19:30,0.442545
2025-01-06 19:45,0.652177
2025-01-06 20:00,0.185886
2025-01-06 20:15,0.292066
2025-01-06 20:30,0.450831
2025-01-06 20:45,0.396791
2025-01-06 21:00,0.392062
2025-01-06 21:15,0.238996
2025-01-06 21:30,0.268825
2025-01-06 21:45,0.302332
2025-01-06 22:00,0.171133
2025-01-06 22:15,0.113011
2025-01-06 22:30,0.003597
2025-01-06 22:45,0.00865
2025-01-06 23:00,0.018027
2025-01-06 23:15,0.0
2025-01-06 23:30,0.0
2025-01-06 23:45,0.0
2025-01-07 00:00,0.0
2025-01-07 00:15,0.0
2025-01-07 00:30,0.056505
2025-01-07 00:45,0.027727
2025-01-07 01:00,0.0
2025-01-07 01:15,0.0
2025-01-07 01:30,0.0
2025-01-07 01:45,0.0
2025-01-07 02:00,0.0
2025-01-07 02:15,0.0
2025-01-07 02:30,0.0
2025-01-07 02:45,0.0
2025-01-07 03:00,0.0
2025-01-07 03:15,0.0
2025-01-07 03:30,0.007841
2025-01-07 03:45,0.0
2025-01-07 04:00,0.245423
2025-01-07 04:15,0.0
2025-01-07 04:30,0.0
2025-01-07 04:45,0.0
2025-01-07 05:00,0.0
2025-01-07 05:15,0.003799
2025-01-07 05:30,0.0
2025-01-07 05:45,0.0
2025-01-07 06:00,0.007195
2025-01-07 06:15,0.006629
2025-01-07 06:30,0.0
2025-01-07 06:45,0.0
2025-01-07 07:00,0.0
2025-01-07 07:15,0.011398
2025-01-07 07:30,0.003799
2025-01-07 07:45,0.0
2025-01-07 08:00,0.0
2025-01-07 08:15,0.0
2025-01-07 08:30,0.0
2025-01-07 08:45,0.0
2025-01-07 09:00,0.0
2025-01-07 09:15,0.007195
2025-01-07 09:30,0.003799
2025-01-07 09:45,0.0
2025-01-07 10:00,0.0
2025-01-07 10:15,0.0
2025-01-07 10:30,0.0
2025-01-07 10:45,0.0
2025-01-07 11:00,0.0
2025-01-07 11:15,0.003759
2025-01-07 11:30,0.0
2025-01-07 11:45,0.0
2025-01-07 12:00,0.0
2025-01-07 12:15,0.058931
2025-01-07 12:30,0.0
2025-01-07 12:45,0.007841
2025-01-07 13:00,0.007599
2025-01-07 13:15,0.012126
2025-01-07 13:30,0.455115
2025-01-07 13:45,0.325896
2025-01-07 14:00,0.202296
2025-01-07 14:15,0.219514
2025-01-07 14:30,0.367386
2025-01-07 14:45,0.468089
2025-01-07 15:00,0.634857
2025-01-07 15:15,0.399741
2025-01-07 15:30,1.0
2025-01-07 15:45,0.416556
2025-01-07 16:00,0.173922
2025-01-07 16:15,0.239481
2025-01-07 16:30,0.076634
2025-01-07 16:45,0.415262
2025-01-07 17:00,0.369751
2025-01-07 17:15,0.47294
2025-01-07 17:30,0.659028
2025-01-07 17:45,0.306576
2025-01-07 18:00,0.209167
2025-01-07 18:15,0.300635
2025-01-07 18:30,0.361788
2025-01-07 18:45,0.792531
2025-01-07 19:00,0.738127
2025-01-07 19:15,0.965725
2025-01-07 19:30,0.713512
2025-01-07 19:45,0.177398
2025-01-07 20:00,0.125945
2025-01-07 20:15,0.74035
2025-01-07 20:30,0.454185
2025-01-07 20:45,0.268178
2025-01-07 21:00,0.132493
2025-01-07 21:15,0.484297
2025-01-07 21:30,0.237298
2025-01-07 21:45,0.0
2025-01-07 22:00,0.0
2025-01-07 22:15,0.0
2025-01-07 22:30,0.0
2025-01-07 22:45,0.0
2025-01-07 23:00,0.0
2025-01-07 23:15,0.0
2025-01-07 23:30,0.0
2025-01-07 23:45,0.0
2025-01-08 00:00,0.0
2025-01-08 00:00,0.0
2025-01-08 00:15,0.0
2025-01-08 00:30,0.0
2025-01-08 00:45,0.030804
2025-01-08 01:00,0.0
2025-01-08 01:15,0.001464
2025-01-08 01:30,0.0
2025-01-08 01:45,0.0
2025-01-08 02:00,0.076657
2025-01-08 02:15,0.001464
2025-01-08 02:30,0.0
2025-01-08 02:45,0.0
2025-01-08 03:00,0.072617
2025-01-08 03:15,0.00808
2025-01-08 03:30,0.0
2025-01-08 03:45,0.003232
2025-01-08 04:00,0.075597
2025-01-08 04:15,0.0
2025-01-08 04:30,0.011463
2025-01-08 04:45,0.002651
2025-01-08 05:00,0.0
2025-01-08 05:15,0.0
2025-01-08 05:30,0.0
2025-01-08 05:45,0.004494
2025-01-08 06:00,0.0
2025-01-08 06:15,0.001616
2025-01-08 06:30,0.002373
2025-01-08 06:45,0.0
2025-01-08 07:00,0.0
2025-01-08 07:15,0.0
2025-01-08 07:30,0.002373
2025-01-08 07:45,0.002373
2025-01-08 08:00,0.0
2025-01-08 08:15,0.0
2025-01-08 08:30,0.004141
2025-01-08 08:45,0.004772
2025-01-08 09:00,0.0
2025-01-08 09:15,0.0
2025-01-08 09:30,0.0
2025-01-08 09:45,0.0
2025-01-08 10:00,0.0
2025-01-08 10:15,0.0
2025-01-08 10:30,0.002348
2025-01-08 10:45,0.0
2025-01-08 11:00,0.0
2025-01-08 11:15,0.0
2025-01-08 11:30,0.0
2025-01-08 11:45,0.0
2025-01-08 12:00,0.0
2025-01-08 12:15,0.00813
2025-01-08 12:30,0.0
2025-01-08 12:45,0.003535
2025-01-08 13:00,0.034516
2025-01-08 13:15,0.037824
2025-01-08 13:30,0.036157
2025-01-08 13:45,0.111653
2025-01-08 14:00,0.305062
2025-01-08 14:15,0.298397
2025-01-08 14:30,0.284005
2025-01-08 14:45,0.051256
2025-01-08 15:00,0.180735
2025-01-08 15:15,0.890847
2025-01-08 15:30,0.411791
2025-01-08 15:45,0.551218
2025-01-08 16:00,0.532281
2025-01-08 16:15,0.272642
2025-01-08 16:30,0.321727
2025-01-08 16:45,0.032647
2025-01-08 17:00,0.187552
2025-01-08 17:15,0.03853
2025-01-08 17:30,0.456609
2025-01-08 17:45,0.207827
2025-01-08 18:00,0.222851
2025-01-08 18:15,0.128443
2025-01-08 18:30,0.183386
2025-01-08 18:45,0.30481
2025-01-08 19:00,0.00659
2025-01-08 19:15,0.126524
2025-01-08 19:30,0.510744
2025-01-08 19:45,0.36306
2025-01-08 20:00,0.315642
2025-01-08 20:15,0.357531
2025-01-08 20:30,0.472933
2025-01-08 20:45,0.462517
2025-01-08 21:00,0.433859
2025-01-08 21:15,0.146976
2025-01-08 21:30,0.542861
2025-01-08 21:45,0.112082
2025-01-08 22:00,0.039894
2025-01-08 22:15,0.035299
2025-01-08 22:30,0.0
2025-01-08 22:45,0.003787
2025-01-08 23:00,0.105896
2025-01-08 23:15,0.00404
2025-01-08 23:30,0.075142
2025-01-08 23:45,0.0
2025-01-09 00:00,0.00308
2025-01-09 00:15,0.045449
2025-01-09 00:30,0.006211
2025-01-09 00:45,0.037066
2025-01-09 01:00,0.0
2025-01-09 01:15,0.049994
2025-01-09 01:30,0.0
2025-01-09 01:45,0.001616
2025-01-09 02:00,0.004747
2025-01-09 02:15,0.0
2025-01-09 02:30,0.0
2025-01-09 02:45,0.0
2025-01-09 03:00,0.002373
2025-01-09 03:15,0.0
2025-01-09 03:30,0.0
2025-01-09 03:45,0.0
2025-01-09 04:00,0.0
2025-01-09 04:15,0.003989
2025-01-09 04:30,0.11852
2025-01-09 04:45,0.013079
2025-01-09 05:00,0.003535
2025-01-09 05:15,0.0
2025-01-09 05:30,0.0
2025-01-09 05:45,0.0
2025-01-09 06:00,0.007726
2025-01-09 06:15,0.15493
2025-01-09 06:30,0.001616
2025-01-09 06:45,0.001464
2025-01-09 07:00,0.0
2025-01-09 07:15,0.0
2025-01-09 07:30,0.0
2025-01-09 07:45,0.0
2025-01-09 08:00,0.009443
2025-01-09 08:15,0.0
2025-01-09 08:30,0.0
2025-01-09 08:45,0.001616
2025-01-09 09:00,0.0
2025-01-09 09:15,0.0
2025-01-09 09:30,0.0
2025-01-09 09:45,0.0
2025-01-09 10:00,0.004747
2025-01-09 10:15,0.0
2025-01-09 10:30,0.0
2025-01-09 10:45,0.0
2025-01-09 11:00,0.002373
2025-01-09 11:15,0.005075
2025-01-09 11:30,0.0
2025-01-09 11:45,0.013938
2025-01-09 12:00,0.0
2025-01-09 12:15,0.0
2025-01-09 12:30,0.117914
2025-01-09 12:45,0.003232
2025-01-09 13:00,0.070597
2025-01-09 13:15,0.003989
2025-01-09 13:30,0.119631
2025-01-09 13:45,0.114581
2025-01-09 14:00,0.12198
2025-01-09 14:15,0.243277
2025-01-09 14:30,0.15498
2025-01-09 14:45,0.448327
2025-01-09 15:00,0.088625
2025-01-09 15:15,0.141851
2025-01-09 15:30,0.309355
2025-01-09 15:45,0.294054
2025-01-09 16:00,0.26628
2025-01-09 16:15,0.58783
2025-01-09 16:30,0.45623
2025-01-09 16:45,0.1165
2025-01-09 17:00,0.284964
2025-01-09 17:15,0.089585
2025-01-09 17:30,0.255372
2025-01-09 17:45,0.113572
2025-01-09 18:00,0.750638
2025-01-09 18:15,0.195859
2025-01-09 18:30,0.537988
2025-01-09 18:45,0.211312
2025-01-09 19:00,0.312006
2025-01-09 19:15,0.237066
2025-01-09 19:30,0.181088
2025-01-09 19:45,0.300972
2025-01-09 20:00,0.505138
2025-01-09 20:15,0.168236
2025-01-09 20:30,0.082843
2025-01-09 20:45,0.173766
2025-01-09 21:00,0.40308
2025-01-09 21:15,0.214316
2025-01-09 21:30,0.073829
2025-01-09 21:45,0.0
2025-01-09 22:00,0.0
2025-01-09 22:15,0.074991
2025-01-09 22:30,0.070597
2025-01-09 22:45,0.009065
2025-01-09 23:00,0.14382
2025-01-09 23:15,0.0
2025-01-09 23:30,0.002474
2025-01-09 23:45,0.002373
2025-01-10 00:00,0.001616
2025-01-10 00:15,0.0
2025-01-10 00:30,0.0
2025-01-10 00:45,0.0
2025-01-10 01:00,0.0
2025-01-10 01:15,0.0
2025-01-10 01:30,0.0
2025-01-10 01:45,0.0
2025-01-10 02:00,0.0
2025-01-10 02:15,0.0
2025-01-10 02:30,0.0
2025-01-10 02:45,0.0
2025-01-10 03:00,0.0
2025-01-10 03:15,0.0
2025-01-10 03:30,0.002373
2025-01-10 03:45,0.002373
2025-01-10 04:00,0.0
2025-01-10 04:15,0.0
2025-01-10 04:30,0.0
2025-01-10 04:45,0.0
2025-01-10 05:00,0.0
2025-01-10 05:15,0.0
2025-01-10 05:30,0.002803
2025-01-10 05:45,0.0
2025-01-10 06:00,0.0
2025-01-10 06:15,0.0
2025-01-10 06:30,0.0
2025-01-10 06:45,0.0
2025-01-10 07:00,0.0
2025-01-10 07:15,0.0
2025-01-10 07:30,0.004747
2025-01-10 07:45,0.0
2025-01-10 08:00,0.0
2025-01-10 08:15,0.0
2025-01-10 08:30,0.004747
2025-01-10 08:45,0.0
2025-01-10 09:00,0.0
2025-01-10 09:15,0.0
2025-01-10 09:30,0.002373
2025-01-10 09:45,0.0
2025-01-10 10:00,0.004747
2025-01-10 10:15,0.0
2025-01-10 10:30,0.0
2025-01-10 10:45,0.0
2025-01-10 11:00,0.0
2025-01-10 11:15,0.0
2025-01-10 11:30,0.0
2025-01-10 11:45,0.0
2025-01-10 12:00,0.0
2025-01-10 12:15,0.0
2025-01-10 12:30,0.0
2025-01-10 12:45,0.0
2025-01-10 13:00,0.0
2025-01-10 13:15,0.037066
2025-01-10 13:30,0.480848
2025-01-10 13:45,0.147911
2025-01-10 14:00,0.147229
2025-01-10 14:15,0.918924
2025-01-10 14:30,0.562378
2025-01-10 14:45,0.411362
2025-01-10 15:00,0.471405
2025-01-10 15:15,0.054008
2025-01-10 15:30,0.554273
2025-01-10 15:45,1.0
2025-01-10 16:00,0.441964
2025-01-10 16:15,0.508913
2025-01-10 16:30,0.267996
2025-01-10 16:45,0.303346
2025-01-10 17:00,0.04055
2025-01-10 17:15,0.178765
2025-01-10 17:30,0.114531
2025-01-10 17:45,0.077061
2025-01-10 18:00,0.113572
2025-01-10 18:15,0.185936
2025-01-10 18:30,0.144477
2025-01-10 18:45,0.158844
2025-01-10 19:00,0.430122
2025-01-10 19:15,0.104457
2025-01-10 19:30,0.373135
2025-01-10 19:45,0.170408
2025-01-10 20:00,0.15392
2025-01-10 20:15,0.375685
2025-01-10 20:30,0.193928
2025-01-10 20:45,0.1772
2025-01-10 21:00,0.15392
2025-01-10 21:15,0.022926
2025-01-10 21:30,0.346572
2025-01-10 21:45,0.177301
2025-01-10 22:00,0.182755
2025-01-10 22:15,0.070597
2025-01-10 22:30,0.026007
2025-01-10 22:45,0.113269
2025-01-10 23:00,0.0
2025-01-10 23:15,0.0
2025-01-10 23:30,0.0
2025-01-10 23:45,0.0
2025-01-11 00:00,0.001464
2025-01-11 00:15,0.0
2025-01-11 00:30,0.004747
2025-01-11 00:45,0.0
2025-01-11 01:00,0.0
2025-01-11 01:15,0.0
2025-01-11 01:30,0.0
2025-01-11 01:45,0.002247
2025-01-11 02:00,0.003989
2025-01-11 02:15,0.003989
2025-01-11 02:30,0.0
2025-01-11 02:45,0.0
2025-01-11 03:00,0.001767
2025-01-11 03:15,0.0
2025-01-11 03:30,0.0
2025-01-11 03:45,0.0
2025-01-11 04:00,0.076152
2025-01-11 04:15,0.0
2025-01-11 04:30,0.0
2025-01-11 04:45,0.0
2025-01-11 05:00,0.076657
2025-01-11 05:15,0.0
2025-01-11 05:30,0.004747
2025-01-11 05:45,0.003989
2025-01-11 06:00,0.0
2025-01-11 06:15,0.0
2025-01-11 06:30,0.11852
2025-01-11 06:45,0.0
2025-01-11 07:00,0.0
2025-01-11 07:15,0.0
2025-01-11 07:30,0.010908
2025-01-11 07:45,0.002929
2025-01-11 08:00,0.0
2025-01-11 08:15,0.0
2025-01-11 08:30,0.0
2025-01-11 08:45,0.0
2025-01-11 09:00,0.0
2025-01-11 09:15,0.0
2025-01-11 09:30,0.0
2025-01-11 09:45,0.004747
2025-01-11 10:00,0.0
2025-01-11 10:15,0.0
2025-01-11 10:30,0.0
2025-01-11 10:45,0.0
2025-01-11 11:00,0.0
2025-01-11 11:15,0.0
2025-01-11 11:30,0.0
2025-01-11 11:45,0.001464
2025-01-11 12:00,0.001616
2025-01-11 12:15,0.005959
2025-01-11 12:30,0.0
2025-01-11 12:45,0.007701
2025-01-11 13:00,0.0
2025-01-11 13:15,0.0
2025-01-11 13:30,0.0
2025-01-11 13:45,0.0
2025-01-11 14:00,0.0
2025-01-11 14:15,0.005353
2025-01-11 14:30,0.065547
2025-01-11 14:45,0.0
2025-01-11 15:00,0.002373
2025-01-11 15:15,0.0
2025-01-11 15:30,0.0
2025-01-11 15:45,0.0
2025-01-11 16:00,0.005959
2025-01-11 16:15,0.0
2025-01-11 16:30,0.0
2025-01-11 16:45,0.0
2025-01-11 17:00,0.0
2025-01-11 17:15,0.001464
2025-01-11 17:30,0.006464
2025-01-11 17:45,0.035299
2025-01-11 18:00,0.002929
2025-01-11 18:15,0.003232
2025-01-11 18:30,0.0
2025-01-11 18:45,0.0
2025-01-11 19:00,0.004747
2025-01-11 19:15,0.0
2025-01-11 19:30,0.0
2025-01-11 19:45,0.0
2025-01-11 20:00,0.0
2025-01-11 20:15,0.0
2025-01-11 20:30,0.0
2025-01-11 20:45,0.002373
2025-01-11 21:00,0.00207
2025-01-11 21:15,0.0
2025-01-11 21:30,0.0
2025-01-11 21:45,0.003232
2025-01-11 22:00,0.004747
2025-01-11 22:15,0.0
2025-01-11 22:30,0.0
2025-01-11 22:45,0.0
2025-01-11 23:00,0.004747
2025-01-11 23:15,0.0
2025-01-11 23:30,0.008635
2025-01-11 23:45,0.004747
2025-01-12 00:00,0.0
2025-01-12 00:15,0.0
2025-01-12 00:30,0.0
2025-01-12 00:45,0.0
2025-01-12 01:00,0.001464
2025-01-12 01:15,0.0
2025-01-12 01:30,0.0
2025-01-12 01:45,0.037748
2025-01-12 02:00,0.0
2025-01-12 02:15,0.0
2025-01-12 02:30,0.0
2025-01-12 02:45,0.0
2025-01-12 03:00,0.0
2025-01-12 03:15,0.021033
2025-01-12 03:30,0.0
2025-01-12 03:45,0.004747
2025-01-12 04:00,0.0
2025-01-12 04:15,0.033329
2025-01-12 04:30,0.0
2025-01-12 04:45,0.001969
2025-01-12 05:00,0.0
2025-01-12 05:15,0.0
2025-01-12 05:30,0.0
2025-01-12 05:45,0.0
2025-01-12 06:00,0.004747
2025-01-12 06:15,0.0
2025-01-12 06:30,0.013231
2025-01-12 06:45,0.0
2025-01-12 07:00,0.0
2025-01-12 07:15,0.0
2025-01-12 07:30,0.001616
2025-01-12 07:45,0.0
2025-01-12 08:00,0.0
2025-01-12 08:15,0.0
2025-01-12 08:30,0.0
2025-01-12 08:45,0.0
2025-01-12 09:00,0.0
2025-01-12 09:15,0.002373
2025-01-12 09:30,0.0
2025-01-12 09:45,0.003535
2025-01-12 10:00,0.002904
2025-01-12 10:15,0.0
2025-01-12 10:30,0.0
2025-01-12 10:45,0.015756
2025-01-12 11:00,0.0
2025-01-12 11:15,0.0
2025-01-12 11:30,0.0
2025-01-12 11:45,0.0
2025-01-12 12:00,0.001767
2025-01-12 12:15,0.0
2025-01-12 12:30,0.0
2025-01-12 12:45,0.0
2025-01-12 13:00,0.0
2025-01-12 13:15,0.002373
2025-01-12 13:30,0.005706
2025-01-12 13:45,0.0
2025-01-12 14:00,0.0
2025-01-12 14:15,0.070597
2025-01-12 14:30,0.0
2025-01-12 14:45,0.002525
2025-01-12 15:00,0.002373
2025-01-12 15:15,0.001616
2025-01-12 15:30,0.0
2025-01-12 15:45,0.002929
2025-01-12 16:00,0.0
2025-01-12 16:15,0.002247
2025-01-12 16:30,0.0
2025-01-12 16:45,0.003232
2025-01-12 17:00,0.0
2025-01-12 17:15,0.015857
2025-01-12 17:30,0.003232
2025-01-12 17:45,0.0
2025-01-12 18:00,0.0
2025-01-12 18:15,0.0
2025-01-12 18:30,0.0
2025-01-12 18:45,0.0
2025-01-12 19:00,0.002373
2025-01-12 19:15,0.002348
2025-01-12 19:30,0.002373
2025-01-12 19:45,0.006868
2025-01-12 20:00,0.0
2025-01-12 20:15,0.003232
2025-01-12 20:30,0.0
2025-01-12 20:45,0.002373
2025-01-12 21:00,0.0
2025-01-12 21:15,0.0
2025-01-12 21:30,0.0
2025-01-12 21:45,0.0
2025-01-12 22:00,0.0
2025-01-12 22:15,0.0
2025-01-12 22:30,0.00712
2025-01-12 22:45,0.0
2025-01-12 23:00,0.014847
2025-01-12 23:15,0.0
2025-01-12 23:30,0.0
2025-01-12 23:45,0.0
2025-01-13 00:00,0.040096
2025-01-13 00:15,0.0
2025-01-13 00:30,0.0
2025-01-13 00:45,0.009999
2025-01-13 01:00,0.0
2025-01-13 01:15,0.0
2025-01-13 01:30,0.0
2025-01-13 01:45,0.0
2025-01-13 02:00,0.0
2025-01-13 02:15,0.0
2025-01-13 02:30,0.0
2025-01-13 02:45,0.001616
2025-01-13 03:00,0.0
2025-01-13 03:15,0.038328
2025-01-13 03:30,0.0
2025-01-13 03:45,0.0
2025-01-13 04:00,0.004292
2025-01-13 04:15,0.0
2025-01-13 04:30,0.0
2025-01-13 04:45,0.0
2025-01-13 05:00,0.0
2025-01-13 05:15,0.0
2025-01-13 05:30,0.0
2025-01-13 05:45,0.0
2025-01-13 06:00,0.0
2025-01-13 06:15,0.003459
2025-01-13 06:30,0.0
2025-01-13 06:45,0.072213
2025-01-13 07:00,0.012827
2025-01-13 07:15,0.043075
2025-01-13 07:30,0.004494
2025-01-13 07:45,0.0
2025-01-13 08:00,0.0
2025-01-13 08:15,0.0
2025-01-13 08:30,0.0
2025-01-13 08:45,0.0
2025-01-13 09:00,0.004747
2025-01-13 09:15,0.0
2025-01-13 09:30,0.0
2025-01-13 09:45,0.0
2025-01-13 10:00,0.004747
2025-01-13 10:15,0.0
2025-01-13 10:30,0.002373
2025-01-13 10:45,0.0
2025-01-13 11:00,0.0
2025-01-13 11:15,0.0
2025-01-13 11:30,0.002373
2025-01-13 11:45,0.0
2025-01-13 12:00,0.0
2025-01-13 12:15,0.001464
2025-01-13 12:30,0.089054
2025-01-13 12:45,0.0
2025-01-13 13:00,0.030362
2025-01-13 13:15,0.131978
2025-01-13 13:30,0.220124
2025-01-13 13:45,0.396364
2025-01-13 14:00,0.246257
2025-01-13 14:15,0.222118
2025-01-13 14:30,0.575963
2025-01-13 14:45,0.12607
2025-01-13 15:00,0.590607
2025-01-13 15:15,0.356748
2025-01-13 15:30,0.75296
2025-01-13 15:45,0.254715
2025-01-13 16:00,0.23747
2025-01-13 16:15,0.363616
2025-01-13 16:30,0.256786
2025-01-13 16:45,0.384674
2025-01-13 17:00,0.12506
2025-01-13 17:15,0.118167
2025-01-13 17:30,0.363489
2025-01-13 17:45,0.223305
2025-01-13 18:00,0.39139
2025-01-13 18:15,0.419063
2025-01-13 18:30,0.130691
2025-01-13 18:45,0.1291
2025-01-13 19:00,0.411791
2025-01-13 19:15,0.104684
2025-01-13 19:30,0.384876
2025-01-13 19:45,0.227901
2025-01-13 20:00,0.309203
2025-01-13 20:15,0.368337
2025-01-13 20:30,0.202272
2025-01-13 20:45,0.35137
2025-01-13 21:00,0.315541
2025-01-13 21:15,0.116374
2025-01-13 21:30,0.15089
2025-01-13 21:45,0.17465
2025-01-13 22:00,0.080293
2025-01-13 22:15,0.076228
2025-01-13 22:30,0.0
2025-01-13 22:45,0.0
2025-01-13 23:00,0.003333
2025-01-13 23:15,0.0
2025-01-13 23:30,0.141194
2025-01-13 23:45,0.037925
2025-01-14 00:00,0.004141
2025-01-14 00:15,0.0
2025-01-14 00:30,0.001464
2025-01-14 00:45,0.002373
2025-01-14 01:00,0.001616
2025-01-14 01:15,0.0
2025-01-14 01:30,0.0
2025-01-14 01:45,0.002373
2025-01-14 02:00,0.072365
2025-01-14 02:15,0.003535
2025-01-14 02:30,0.0
2025-01-14 02:45,0.053428
2025-01-14 03:00,0.0
2025-01-14 03:15,0.007322
2025-01-14 03:30,0.0
2025-01-14 03:45,0.0
2025-01-14 04:00,0.114985
2025-01-14 04:15,0.153314
2025-01-14 04:30,0.007928
2025-01-14 04:45,0.044237
2025-01-14 05:00,0.038328
2025-01-14 05:15,0.0
2025-01-14 05:30,0.0
2025-01-14 05:45,0.0
2025-01-14 06:00,0.005454
2025-01-14 06:15,0.014847
2025-01-14 06:30,0.004747
2025-01-14 06:45,0.0
2025-01-14 07:00,0.0
2025-01-14 07:15,0.0
2025-01-14 07:30,0.006666
2025-01-14 07:45,0.0
2025-01-14 08:00,0.0
2025-01-14 08:15,0.0
2025-01-14 08:30,0.004747
2025-01-14 08:45,0.0
2025-01-14 09:00,0.002373
2025-01-14 09:15,0.002373
2025-01-14 09:30,0.0
2025-01-14 09:45,0.0
2025-01-14 10:00,0.0
2025-01-14 10:15,0.002373
2025-01-14 10:30,0.015427
2025-01-14 10:45,0.0
2025-01-14 11:00,0.001767
2025-01-14 11:15,0.0
2025-01-14 11:30,0.0
2025-01-14 11:45,0.0
2025-01-14 12:00,0.35945
2025-01-14 12:15,0.0
2025-01-14 12:30,0.002373
2025-01-14 12:45,0.0
2025-01-14 13:00,0.002929
2025-01-14 13:15,0.157657
2025-01-14 13:30,0.144426
2025-01-14 13:45,0.120237
2025-01-14 14:00,0.235854
2025-01-14 14:15,0.976846
2025-01-14 14:30,0.276859
2025-01-14 14:45,0.261078
2025-01-14 15:00,0.088524
2025-01-14 15:15,0.324883
2025-01-14 15:30,0.639263
2025-01-14 15:45,0.137609
2025-01-14 16:00,0.346446
2025-01-14 16:15,0.535513
2025-01-14 16:30,0.454438
2025-01-14 16:45,0.329832
2025-01-14 17:00,0.275016
2025-01-14 17:15,0.282439
2025-01-14 17:30,0.392829
2025-01-14 17:45,0.198384
2025-01-14 18:00,0.098725
2025-01-14 18:15,0.281303
2025-01-14 18:30,0.390027
2025-01-14 18:45,0.347077
2025-01-14 19:00,0.218079
2025-01-14 19:15,0.203686
2025-01-14 19:30,0.014089
2025-01-14 19:45,0.309784
2025-01-14 20:00,0.488751
2025-01-14 20:15,0.358768
2025-01-14 20:30,0.443984
2025-01-14 20:45,0.113597
2025-01-14 21:00,0.143618
2025-01-14 21:15,0.124025
2025-01-14 21:30,0.080444
2025-01-14 21:45,0.372907
2025-01-14 22:00,0.067769
2025-01-14 22:15,0.00452
2025-01-14 22:30,0.04911
2025-01-14 22:45,0.044742
2025-01-14 23:00,0.076657
2025-01-14 23:15,0.15642
2025-01-14 23:30,0.0
2025-01-14 23:45,0.0
2025-01-15 00:00,0.003333
2025-01-15 00:00,0.000755
2025-01-15 00:15,0.0
2025-01-15 00:30,0.0
2025-01-15 00:45,0.0
2025-01-15 01:00,0.0
2025-01-15 01:15,0.0
2025-01-15 01:30,0.000366
2025-01-15 01:45,0.008106
2025-01-15 02:00,0.0008
2025-01-15 02:15,0.0
2025-01-15 02:30,0.015984
2025-01-15 02:45,0.0
2025-01-15 03:00,0.0
2025-01-15 03:15,0.0
2025-01-15 03:30,0.0
2025-01-15 03:45,0.000332
2025-01-15 04:00,0.0
2025-01-15 04:15,0.000635
2025-01-15 04:30,0.0
2025-01-15 04:45,0.0
2025-01-15 05:00,0.000537
2025-01-15 05:15,0.0
2025-01-15 05:30,0.0
2025-01-15 05:45,0.0
2025-01-15 06:00,0.0
2025-01-15 06:15,0.0
2025-01-15 06:30,0.0
2025-01-15 06:45,0.0
2025-01-15 07:00,0.000366
2025-01-15 07:15,0.0
2025-01-15 07:30,0.0
2025-01-15 07:45,0.0
2025-01-15 08:00,0.0
2025-01-15 08:15,0.000537
2025-01-15 08:30,0.000537
2025-01-15 08:45,0.008529
2025-01-15 09:00,0.000537
2025-01-15 09:15,0.000652
2025-01-15 09:30,0.0
2025-01-15 09:45,0.000366
2025-01-15 10:00,0.0
2025-01-15 10:15,0.0
2025-01-15 10:30,0.001201
2025-01-15 10:45,0.0
2025-01-15 11:00,0.000537
2025-01-15 11:15,0.0008
2025-01-15 11:30,0.003247
2025-01-15 11:45,0.01109
2025-01-15 12:00,0.0
2025-01-15 12:15,0.000532
2025-01-15 12:30,0.0
2025-01-15 12:45,1.0
2025-01-15 13:00,0.000366
2025-01-15 13:15,0.011485
2025-01-15 13:30,0.003699
2025-01-15 13:45,0.016716
2025-01-15 14:00,0.112224
2025-01-15 14:15,0.045499
2025-01-15 14:30,0.126253
2025-01-15 14:45,0.059076
2025-01-15 15:00,0.050124
2025-01-15 15:15,0.121954
2025-01-15 15:30,0.124846
2025-01-15 15:45,0.05061
2025-01-15 16:00,0.05177
2025-01-15 16:15,0.032865
2025-01-15 16:30,0.05907
2025-01-15 16:45,0.054068
2025-01-15 17:00,0.034517
2025-01-15 17:15,0.041789
2025-01-15 17:30,0.026708
2025-01-15 17:45,0.193698
2025-01-15 18:00,0.067971
2025-01-15 18:15,0.027309
2025-01-15 18:30,0.036318
2025-01-15 18:45,0.04224
2025-01-15 19:00,0.07083
2025-01-15 19:15,0.077792
2025-01-15 19:30,0.035506
2025-01-15 19:45,0.100974
2025-01-15 20:00,0.14709
2025-01-15 20:15,0.215799
2025-01-15 20:30,0.259594
2025-01-15 20:45,0.011096
2025-01-15 21:00,0.076946
2025-01-15 21:15,0.01252
2025-01-15 21:30,0.049009
2025-01-15 21:45,0.033031
2025-01-15 22:00,0.005637
2025-01-15 22:15,0.012159
2025-01-15 22:30,0.000537
2025-01-15 22:45,0.0
2025-01-15 23:00,0.0
2025-01-15 23:15,0.0
2025-01-15 23:30,0.017859
2025-01-15 23:45,0.008747
2025-01-16 00:00,0.007992
2025-01-16 00:15,0.010862
2025-01-16 00:30,0.000537
2025-01-16 00:45,0.001075
2025-01-16 01:00,0.012508
2025-01-16 01:15,0.0
2025-01-16 01:30,0.001075
2025-01-16 01:45,0.000663
2025-01-16 02:00,0.001475
2025-01-16 02:15,0.0
2025-01-16 02:30,0.0
2025-01-16 02:45,0.0
2025-01-16 03:00,0.0
2025-01-16 03:15,0.0
2025-01-16 03:30,0.0008
2025-01-16 03:45,0.001612
2025-01-16 04:00,0.016898
2025-01-16 04:15,0.0
2025-01-16 04:30,0.000903
2025-01-16 04:45,0.0
2025-01-16 05:00,0.0
2025-01-16 05:15,0.0004
2025-01-16 05:30,0.0
2025-01-16 05:45,0.0
2025-01-16 06:00,0.0
2025-01-16 06:15,0.0
2025-01-16 06:30,0.002641
2025-01-16 06:45,0.0
2025-01-16 07:00,0.01635
2025-01-16 07:15,0.034414
2025-01-16 07:30,0.000332
2025-01-16 07:45,0.0
2025-01-16 08:00,0.008678
2025-01-16 08:15,0.01667
2025-01-16 08:30,0.008678
2025-01-16 08:45,0.000537
2025-01-16 09:00,0.015984
2025-01-16 09:15,0.0
2025-01-16 09:30,0.000537
2025-01-16 09:45,0.0
2025-01-16 10:00,0.000446
2025-01-16 10:15,0.0
2025-01-16 10:30,0.001075
2025-01-16 10:45,0.00084
2025-01-16 11:00,0.0
2025-01-16 11:15,0.0
2025-01-16 11:30,0.0
2025-01-16 11:45,0.001201
2025-01-16 12:00,0.000663
2025-01-16 12:15,0.009684
2025-01-16 12:30,0.006791
2025-01-16 12:45,0.000663
2025-01-16 13:00,0.0
2025-01-16 13:15,0.000537
2025-01-16 13:30,0.042692
2025-01-16 13:45,0.041766
2025-01-16 14:00,0.048535
2025-01-16 14:15,0.039714
2025-01-16 14:30,0.176651
2025-01-16 14:45,0.023701
2025-01-16 15:00,0.051576
2025-01-16 15:15,0.066885
2025-01-16 15:30,0.062352
2025-01-16 15:45,0.091227
2025-01-16 16:00,0.050964
2025-01-16 16:15,0.028378
2025-01-16 16:30,0.216988
2025-01-16 16:45,0.028618
2025-01-16 17:00,0.038267
2025-01-16 17:15,0.038456
2025-01-16 17:30,0.056995
2025-01-16 17:45,0.100082
2025-01-16 18:00,0.15124
2025-01-16 18:15,0.164697
2025-01-16 18:30,0.082737
2025-01-16 18:45,0.075203
2025-01-16 19:00,0.083744
2025-01-16 19:15,0.255089
2025-01-16 19:30,0.057355
2025-01-16 19:45,0.012925
2025-01-16 20:00,0.077095
2025-01-16 20:15,0.060757
2025-01-16 20:30,0.077427
2025-01-16 20:45,0.09552
2025-01-16 21:00,0.048472
2025-01-16 21:15,0.012597
2025-01-16 21:30,0.075712
2025-01-16 21:45,0.066765
2025-01-16 22:00,0.023038
2025-01-16 22:15,0.016315
2025-01-16 22:30,0.00072
2025-01-16 22:45,0.000377
2025-01-16 23:00,0.0
2025-01-16 23:15,0.0
2025-01-16 23:30,0.017539
2025-01-16 23:45,0.00933
2025-01-17 00:00,0.000732
2025-01-17 00:15,0.0
2025-01-17 00:30,0.0
2025-01-17 00:45,0.000537
2025-01-17 01:00,0.002092
2025-01-17 01:15,0.0
2025-01-17 01:30,0.0
2025-01-17 01:45,0.000732
2025-01-17 02:00,0.034712
2025-01-17 02:15,0.0
2025-01-17 02:30,0.0
2025-01-17 02:45,0.0
2025-01-17 03:00,0.0004
2025-01-17 03:15,0.009375
2025-01-17 03:30,0.0
2025-01-17 03:45,0.008323
2025-01-17 04:00,0.009124
2025-01-17 04:15,0.0
2025-01-17 04:30,0.009375
2025-01-17 04:45,0.0
2025-01-17 05:00,0.0
2025-01-17 05:15,0.0
2025-01-17 05:30,0.000366
2025-01-17 05:45,0.0
2025-01-17 06:00,0.0
2025-01-17 06:15,0.002252
2025-01-17 06:30,0.019031
2025-01-17 06:45,0.0
2025-01-17 07:00,0.0
2025-01-17 07:15,0.0
2025-01-17 07:30,0.0
2025-01-17 07:45,0.001298
2025-01-17 08:00,0.0
2025-01-17 08:15,0.000366
2025-01-17 08:30,0.001075
2025-01-17 08:45,0.000629
2025-01-17 09:00,0.008678
2025-01-17 09:15,0.000366
2025-01-17 09:30,0.0
2025-01-17 09:45,0.0
2025-01-17 10:00,0.0
2025-01-17 10:15,0.001515
2025-01-17 10:30,0.0
2025-01-17 10:45,0.001681
2025-01-17 11:00,0.0
2025-01-17 11:15,0.0
2025-01-17 11:30,0.0
2025-01-17 11:45,0.000555
2025-01-17 12:00,0.034712
2025-01-17 12:15,0.0
2025-01-17 12:30,0.0
2025-01-17 12:45,0.001075
2025-01-17 13:00,0.0
2025-01-17 13:15,0.016441
2025-01-17 13:30,0.032028
2025-01-17 13:45,0.033568
2025-01-17 14:00,0.027943
2025-01-17 14:15,0.078884
2025-01-17 14:30,0.030721
2025-01-17 14:45,0.050158
2025-01-17 15:00,0.033654
2025-01-17 15:15,0.034632
2025-01-17 15:30,0.076901
2025-01-17 15:45,0.026137
2025-01-17 16:00,0.076946
2025-01-17 16:15,0.065622
2025-01-17 16:30,0.035112
2025-01-17 16:45,0.059082
2025-01-17 17:00,0.009021
2025-01-17 17:15,0.046396
2025-01-17 17:30,0.043012
2025-01-17 17:45,0.057921
2025-01-17 18:00,0.055126
2025-01-17 18:15,0.055932
2025-01-17 18:30,0.042503
2025-01-17 18:45,0.131403
2025-01-17 19:00,0.054591
2025-01-17 19:15,0.034895
2025-01-17 19:30,0.069858
2025-01-17 19:45,0.015741
2025-01-17 20:00,0.051033
2025-01-17 20:15,0.067022
2025-01-17 20:30,0.085258
2025-01-17 20:45,0.044693
2025-01-17 21:00,0.142437
2025-01-17 21:15,0.038868
2025-01-17 21:30,0.169042
2025-01-17 21:45,0.074025
2025-01-17 22:00,0.000332
2025-01-17 22:15,0.001149
2025-01-17 22:30,0.0
2025-01-17 22:45,0.014612
2025-01-17 23:00,0.009215
2025-01-17 23:15,0.0
2025-01-17 23:30,0.525059
2025-01-17 23:45,0.007992
2025-01-18 00:00,0.004299
2025-01-18 00:15,0.000537
2025-01-18 00:30,0.0
2025-01-18 00:45,0.008758
2025-01-18 01:00,0.0
2025-01-18 01:15,0.0
2025-01-18 01:30,0.009215
2025-01-18 01:45,0.034632
2025-01-18 02:00,0.0
2025-01-18 02:15,0.007889
2025-01-18 02:30,0.000732
2025-01-18 02:45,0.0
2025-01-18 03:00,0.008392
2025-01-18 03:15,0.0
2025-01-18 03:30,0.0
2025-01-18 03:45,0.017356
2025-01-18 04:00,0.0004
2025-01-18 04:15,0.0
2025-01-18 04:30,0.001475
2025-01-18 04:45,0.017356
2025-01-18 05:00,0.017356
2025-01-18 05:15,0.017356
2025-01-18 05:30,0.0
2025-01-18 05:45,0.008221
2025-01-18 06:00,0.0
2025-01-18 06:15,0.0
2025-01-18 06:30,0.000537
2025-01-18 06:45,0.0
2025-01-18 07:00,0.0
2025-01-18 07:15,0.0
2025-01-18 07:30,0.0
2025-01-18 07:45,0.000332
2025-01-18 08:00,0.0
2025-01-18 08:15,0.0
2025-01-18 08:30,0.008221
2025-01-18 08:45,0.0
2025-01-18 09:00,0.0
2025-01-18 09:15,0.0
2025-01-18 09:30,0.0
2025-01-18 09:45,0.0
2025-01-18 10:00,0.0
2025-01-18 10:15,0.0
2025-01-18 10:30,0.000537
2025-01-18 10:45,0.0
2025-01-18 11:00,0.0
2025-01-18 11:15,0.000537
2025-01-18 11:30,0.0
2025-01-18 11:45,0.000366
2025-01-18 12:00,0.0
2025-01-18 12:15,0.0
2025-01-18 12:30,0.0
2025-01-18 12:45,0.0
2025-01-18 13:00,0.0
2025-01-18 13:15,0.0
2025-01-18 13:30,0.0
2025-01-18 13:45,0.0
2025-01-18 14:00,0.0
2025-01-18 14:15,0.0
2025-01-18 14:30,0.0
2025-01-18 14:45,0.0
2025-01-18 15:00,0.0
2025-01-18 15:15,0.0
2025-01-18 15:30,0.069961
2025-01-18 15:45,0.004762
2025-01-18 16:00,0.0
2025-01-18 16:15,0.0
2025-01-18 16:30,0.0
2025-01-18 16:45,0.0
2025-01-18 17:00,0.0
2025-01-18 17:15,0.0
2025-01-18 17:30,0.000766
2025-01-18 17:45,0.003716
2025-01-18 18:00,0.000537
2025-01-18 18:15,0.0
2025-01-18 18:30,0.000858
2025-01-18 18:45,0.0
2025-01-18 19:00,0.034712
2025-01-18 19:15,0.0
2025-01-18 19:30,0.0
2025-01-18 19:45,0.000892
2025-01-18 20:00,0.000537
2025-01-18 20:15,0.0
2025-01-18 20:30,0.001452
2025-01-18 20:45,0.0
2025-01-18 21:00,0.007992
2025-01-18 21:15,0.0
2025-01-18 21:30,0.0
2025-01-18 21:45,0.0
2025-01-18 22:00,0.0
2025-01-18 22:15,0.0
2025-01-18 22:30,0.0
2025-01-18 22:45,0.0
2025-01-18 23:00,0.0
2025-01-18 23:15,0.0
2025-01-18 23:30,0.010084
2025-01-18 23:45,0.0
2025-01-19 00:00,0.000537
2025-01-19 00:15,0.0
2025-01-19 00:30,0.0
2025-01-19 00:45,0.000537
2025-01-19 01:00,0.000537
2025-01-19 01:15,0.001612
2025-01-19 01:30,0.000772
2025-01-19 01:45,0.0
2025-01-19 02:00,0.0
2025-01-19 02:15,0.001092
2025-01-19 02:30,0.0
2025-01-19 02:45,0.000537
2025-01-19 03:00,0.0
2025-01-19 03:15,0.0
2025-01-19 03:30,0.000537
2025-01-19 03:45,0.0
2025-01-19 04:00,0.0
2025-01-19 04:15,0.0
2025-01-19 04:30,0.0
2025-01-19 04:45,0.0
2025-01-19 05:00,0.016441
2025-01-19 05:15,0.0
2025-01-19 05:30,0.0
2025-01-19 05:45,0.0
2025-01-19 06:00,0.0
2025-01-19 06:15,0.0008
2025-01-19 06:30,0.0
2025-01-19 06:45,0.001486
2025-01-19 07:00,0.0
2025-01-19 07:15,0.0
2025-01-19 07:30,0.0
2025-01-19 07:45,0.0
2025-01-19 08:00,0.0
2025-01-19 08:15,0.001075
2025-01-19 08:30,0.0
2025-01-19 08:45,0.0
2025-01-19 09:00,0.002727
2025-01-19 09:15,0.0
2025-01-19 09:30,0.0
2025-01-19 09:45,0.0
2025-01-19 10:00,0.0
2025-01-19 10:15,0.0
2025-01-19 10:30,0.0
2025-01-19 10:45,0.0
2025-01-19 11:00,0.0
2025-01-19 11:15,0.0
2025-01-19 11:30,0.0
2025-01-19 11:45,0.0
2025-01-19 12:00,0.0
2025-01-19 12:15,0.0
2025-01-19 12:30,0.0
2025-01-19 12:45,0.0
2025-01-19 13:00,0.0
2025-01-19 13:15,0.0
2025-01-19 13:30,0.0
2025-01-19 13:45,0.0
2025-01-19 14:00,0.0
2025-01-19 14:15,0.0
2025-01-19 14:30,0.000537
2025-01-19 14:45,0.0
2025-01-19 15:00,0.0
2025-01-19 15:15,0.0
2025-01-19 15:30,0.017756
2025-01-19 15:45,0.0
2025-01-19 16:00,0.0
2025-01-19 16:15,0.016441
2025-01-19 16:30,0.0
2025-01-19 16:45,0.0
2025-01-19 17:00,0.000755
2025-01-19 17:15,0.0
2025-01-19 17:30,0.0
2025-01-19 17:45,0.0
2025-01-19 18:00,0.0008
2025-01-19 18:15,0.000332
2025-01-19 18:30,0.0
2025-01-19 18:45,0.000537
2025-01-19 19:00,0.0004
2025-01-19 19:15,0.003087
2025-01-19 19:30,0.0
2025-01-19 19:45,0.0
2025-01-19 20:00,0.007992
2025-01-19 20:15,0.0
2025-01-19 20:30,0.000537
2025-01-19 20:45,0.0
2025-01-19 21:00,0.0
2025-01-19 21:15,0.0
2025-01-19 21:30,0.0
2025-01-19 21:45,0.000183
2025-01-19 22:00,0.0
2025-01-19 22:15,0.0
2025-01-19 22:30,0.0
2025-01-19 22:45,0.000623
2025-01-19 23:00,0.0
2025-01-19 23:15,0.008678
2025-01-19 23:30,0.001155
2025-01-19 23:45,0.0004
2025-01-20 00:00,0.017356
2025-01-20 00:15,0.009507
2025-01-20 00:30,0.000332
2025-01-20 00:45,0.0
2025-01-20 01:00,0.000537
2025-01-20 01:15,0.0
2025-01-20 01:30,0.0
2025-01-20 01:45,0.017916
2025-01-20 02:00,0.0
2025-01-20 02:15,0.0
2025-01-20 02:30,0.0
2025-01-20 02:45,0.000555
2025-01-20 03:00,0.0
2025-01-20 03:15,0.017356
2025-01-20 03:30,0.008678
2025-01-20 03:45,0.000537
2025-01-20 04:00,0.0
2025-01-20 04:15,0.0
2025-01-20 04:30,0.009067
2025-01-20 04:45,0.008678
2025-01-20 05:00,0.007992
2025-01-20 05:15,0.008678
2025-01-20 05:30,0.0
2025-01-20 05:45,0.0
2025-01-20 06:00,0.001075
2025-01-20 06:15,0.0
2025-01-20 06:30,0.0
2025-01-20 06:45,0.0
2025-01-20 07:00,0.0
2025-01-20 07:15,0.0
2025-01-20 07:30,0.017356
2025-01-20 07:45,0.0
2025-01-20 08:00,0.002149
2025-01-20 08:15,0.0
2025-01-20 08:30,0.0
2025-01-20 08:45,0.0
2025-01-20 09:00,0.0
2025-01-20 09:15,0.0
2025-01-20 09:30,0.0
2025-01-20 09:45,0.0
2025-01-20 10:00,0.0
2025-01-20 10:15,0.0
2025-01-20 10:30,0.0
2025-01-20 10:45,0.0
2025-01-20 11:00,0.0
2025-01-20 11:15,0.0
2025-01-20 11:30,0.0
2025-01-20 11:45,0.0
2025-01-20 12:00,0.0
2025-01-20 12:15,0.0
2025-01-20 12:30,0.015984
2025-01-20 12:45,0.0
2025-01-20 13:00,0.0
2025-01-20 13:15,0.009764
2025-01-20 13:30,0.001944
2025-01-20 13:45,0.016155
2025-01-20 14:00,0.026057
2025-01-20 14:15,0.021352
2025-01-20 14:30,0.085453
2025-01-20 14:45,0.026331
2025-01-20 15:00,0.121902
2025-01-20 15:15,0.052765
2025-01-20 15:30,0.177194
2025-01-20 15:45,0.036335
2025-01-20 16:00,0.086293
2025-01-20 16:15,0.092507
2025-01-20 16:30,0.036304
2025-01-20 16:45,0.034792
2025-01-20 17:00,0.035375
2025-01-20 17:15,0.036418
2025-01-20 17:30,0.019122
2025-01-20 17:45,0.041789
2025-01-20 18:00,0.090478
2025-01-20 18:15,0.016681
2025-01-20 18:30,0.014372
2025-01-20 18:45,0.035169
2025-01-20 19:00,0.09229
2025-01-20 19:15,0.090326
2025-01-20 19:30,0.042772
2025-01-20 19:45,0.229856
2025-01-20 20:00,0.130191
2025-01-20 20:15,0.04798
2025-01-20 20:30,0.018133
2025-01-20 20:45,0.100299
2025-01-20 21:00,0.046665
2025-01-20 21:15,0.039205
2025-01-20 21:30,0.042441
2025-01-20 21:45,0.00784
2025-01-20 22:00,0.063238
2025-01-20 22:15,0.007277
2025-01-20 22:30,0.013354
2025-01-20 22:45,0.0
2025-01-20 23:00,0.0
2025-01-20 23:15,0.0
2025-01-20 23:30,0.0
2025-01-20 23:45,0.0
2025-01-21 00:00,0.0
2025-01-21 00:15,0.0
2025-01-21 00:30,0.000663
2025-01-21 00:45,0.0
2025-01-21 01:00,0.0
2025-01-21 01:15,0.0
2025-01-21 01:30,0.0
2025-01-21 01:45,0.000537
2025-01-21 02:00,0.001349
2025-01-21 02:15,0.008221
2025-01-21 02:30,0.000446
2025-01-21 02:45,0.0
2025-01-21 03:00,0.0
2025-01-21 03:15,0.0
2025-01-21 03:30,0.0
2025-01-21 03:45,0.001075
2025-01-21 04:00,0.001075
2025-01-21 04:15,0.0
2025-01-21 04:30,0.0
2025-01-21 04:45,0.0
2025-01-21 05:00,0.0
2025-01-21 05:15,0.0
2025-01-21 05:30,0.0
2025-01-21 05:45,0.002212
2025-01-21 06:00,0.0
2025-01-21 06:15,0.0
2025-01-21 06:30,0.0
2025-01-21 06:45,0.000537
2025-01-21 07:00,0.0
2025-01-21 07:15,0.03426
2025-01-21 07:30,0.001086
2025-01-21 07:45,0.000332
2025-01-21 08:00,0.001075
2025-01-21 08:15,0.0
2025-01-21 08:30,0.0
2025-01-21 08:45,0.0
2025-01-21 09:00,0.0
2025-01-21 09:15,0.0
2025-01-21 09:30,0.0
2025-01-21 09:45,0.000366
2025-01-21 10:00,0.0
2025-01-21 10:15,0.001063
2025-01-21 10:30,0.0
2025-01-21 10:45,0.0
2025-01-21 11:00,0.000537
2025-01-21 11:15,0.0
2025-01-21 11:30,0.0
2025-01-21 11:45,0.0
2025-01-21 12:00,0.0
2025-01-21 12:15,0.039245
2025-01-21 12:30,0.0
2025-01-21 12:45,0.0
2025-01-21 13:00,0.008529
2025-01-21 13:15,0.014652
2025-01-21 13:30,0.010553
2025-01-21 13:45,0.019923
2025-01-21 14:00,0.085367
2025-01-21 14:15,0.08958
2025-01-21 14:30,0.077318
2025-01-21 14:45,0.050941
2025-01-21 15:00,0.072196
2025-01-21 15:15,0.066268
2025-01-21 15:30,0.093468
2025-01-21 15:45,0.00989
2025-01-21 16:00,0.068629
2025-01-21 16:15,0.020471
2025-01-21 16:30,0.070201
2025-01-21 16:45,0.032768
2025-01-21 17:00,0.057218
2025-01-21 17:15,0.01364
2025-01-21 17:30,0.024685
2025-01-21 17:45,0.06082
2025-01-21 18:00,0.062226
2025-01-21 18:15,0.090106
2025-01-21 18:30,0.101917
2025-01-21 18:45,0.051273
2025-01-21 19:00,0.080651
2025-01-21 19:15,0.135611
2025-01-21 19:30,0.065199
2025-01-21 19:45,0.091124
2025-01-21 20:00,0.063815
2025-01-21 20:15,0.077221
2025-01-21 20:30,0.088534
2025-01-21 20:45,0.08455
2025-01-21 21:00,0.136954
2025-01-21 21:15,0.032665
2025-01-21 21:30,0.018099
2025-01-21 21:45,0.026331
2025-01-21 22:00,0.025988
2025-01-21 22:15,0.0
2025-01-21 22:30,0.0
2025-01-21 22:45,0.017081
2025-01-21 23:00,0.015984
2025-01-21 23:15,0.005791
2025-01-21 23:30,0.000509
2025-01-21 23:45,0.0
2025-01-22 00:00,0.00925
2025-01-22 00:00,0.046542
2025-01-22 00:15,0.087332
2025-01-22 00:30,0.0
2025-01-22 00:45,0.0
2025-01-22 01:00,0.018295
2025-01-22 01:15,0.003509
2025-01-22 01:30,0.015217
2025-01-22 01:45,0.08411
2025-01-22 02:00,0.0
2025-01-22 02:15,0.001841
2025-01-22 02:30,0.007709
2025-01-22 02:45,0.003337
2025-01-22 03:00,0.002704
2025-01-22 03:15,0.043666
2025-01-22 03:30,0.0
2025-01-22 03:45,0.084398
2025-01-22 04:00,0.174663
2025-01-22 04:15,0.0
2025-01-22 04:30,0.008112
2025-01-22 04:45,0.00512
2025-01-22 05:00,0.0
2025-01-22 05:15,0.00279
2025-01-22 05:30,0.080428
2025-01-22 05:45,0.0
2025-01-22 06:00,0.0
2025-01-22 06:15,0.0
2025-01-22 06:30,0.0
2025-01-22 06:45,0.0
2025-01-22 07:00,0.002704
2025-01-22 07:15,0.001668
2025-01-22 07:30,0.00512
2025-01-22 07:45,0.002675
2025-01-22 08:00,0.0
2025-01-22 08:15,0.0
2025-01-22 08:30,0.0
2025-01-22 08:45,0.0
2025-01-22 09:00,0.040214
2025-01-22 09:15,0.0
2025-01-22 09:30,0.0
2025-01-22 09:45,0.0
2025-01-22 10:00,0.004372
2025-01-22 10:15,0.002704
2025-01-22 10:30,0.0
2025-01-22 10:45,0.005408
2025-01-22 11:00,0.0
2025-01-22 11:15,0.0
2025-01-22 11:30,0.0
2025-01-22 11:45,0.0
2025-01-22 12:00,0.0
2025-01-22 12:15,0.002704
2025-01-22 12:30,0.0
2025-01-22 12:45,0.010931
2025-01-22 13:00,0.082442
2025-01-22 13:15,0.011305
2025-01-22 13:30,0.030347
2025-01-22 13:45,0.007278
2025-01-22 14:00,0.175181
2025-01-22 14:15,0.288373
2025-01-22 14:30,0.257134
2025-01-22 14:45,0.173196
2025-01-22 15:00,0.598694
2025-01-22 15:15,0.456967
2025-01-22 15:30,0.548729
2025-01-22 15:45,0.304741
2025-01-22 16:00,0.312478
2025-01-22 16:15,0.676864
2025-01-22 16:30,0.566506
2025-01-22 16:45,0.268036
2025-01-22 17:00,0.218732
2025-01-22 17:15,0.420579
2025-01-22 17:30,0.13002
2025-01-22 17:45,0.154168
2025-01-22 18:00,0.352376
2025-01-22 18:15,0.325394
2025-01-22 18:30,0.10764
2025-01-22 18:45,0.370757
2025-01-22 19:00,0.343977
2025-01-22 19:15,0.213382
2025-01-22 19:30,0.167932
2025-01-22 19:45,0.188557
2025-01-22 20:00,0.208319
2025-01-22 20:15,0.291451
2025-01-22 20:30,0.124784
2025-01-22 20:45,0.173513
2025-01-22 21:00,0.08132
2025-01-22 21:15,0.615982
2025-01-22 21:30,0.283166
2025-01-22 21:45,0.03774
2025-01-22 22:00,0.15004
2025-01-22 22:15,0.053072
2025-01-22 22:30,0.043666
2025-01-22 22:45,0.005408
2025-01-22 23:00,0.08411
2025-01-22 23:15,0.082729
2025-01-22 23:30,0.0
2025-01-22 23:45,0.0
2025-01-23 00:00,0.043666
2025-01-23 00:15,0.0
2025-01-23 00:30,0.003624
2025-01-23 00:45,0.002014
2025-01-23 01:00,0.002704
2025-01-23 01:15,0.0
2025-01-23 01:30,0.0
2025-01-23 01:45,0.003337
2025-01-23 02:00,0.019589
2025-01-23 02:15,0.002704
2025-01-23 02:30,0.004545
2025-01-23 02:45,0.0
2025-01-23 03:00,0.040214
2025-01-23 03:15,0.0
2025-01-23 03:30,0.0
2025-01-23 03:45,0.080428
2025-01-23 04:00,0.043666
2025-01-23 04:15,0.011161
2025-01-23 04:30,0.007249
2025-01-23 04:45,0.002704
2025-01-23 05:00,0.011161
2025-01-23 05:15,0.002704
2025-01-23 05:30,0.066218
2025-01-23 05:45,0.003883
2025-01-23 06:00,0.0
2025-01-23 06:15,0.0
2025-01-23 06:30,0.0
2025-01-23 06:45,0.0
2025-01-23 07:00,0.013059
2025-01-23 07:15,0.0
2025-01-23 07:30,0.005408
2025-01-23 07:45,0.0
2025-01-23 08:00,0.002704
2025-01-23 08:15,0.0
2025-01-23 08:30,0.002704
2025-01-23 08:45,0.0
2025-01-23 09:00,0.001841
2025-01-23 09:15,0.0
2025-01-23 09:30,0.0
2025-01-23 09:45,0.0
2025-01-23 10:00,0.041365
2025-01-23 10:15,0.0
2025-01-23 10:30,0.001841
2025-01-23 10:45,0.0
2025-01-23 11:00,0.0
2025-01-23 11:15,0.0
2025-01-23 11:30,0.0
2025-01-23 11:45,0.0
2025-01-23 12:00,0.0
2025-01-23 12:15,0.0
2025-01-23 12:30,0.0
2025-01-23 12:45,0.001841
2025-01-23 13:00,0.001841
2025-01-23 13:15,0.003682
2025-01-23 13:30,0.017144
2025-01-23 13:45,0.336239
2025-01-23 14:00,0.126884
2025-01-23 14:15,0.366212
2025-01-23 14:30,0.73835
2025-01-23 14:45,0.383845
2025-01-23 15:00,0.12769
2025-01-23 15:15,0.219164
2025-01-23 15:30,0.501467
2025-01-23 15:45,0.419514
2025-01-23 16:00,0.29053
2025-01-23 16:15,0.488753
2025-01-23 16:30,0.535928
2025-01-23 16:45,0.404326
2025-01-23 17:00,0.084196
2025-01-23 17:15,0.439391
2025-01-23 17:30,0.341776
2025-01-23 17:45,0.640749
2025-01-23 18:00,0.619578
2025-01-23 18:15,0.12628
2025-01-23 18:30,0.16986
2025-01-23 18:45,0.262369
2025-01-23 19:00,0.28449
2025-01-23 19:15,0.15027
2025-01-23 19:30,0.235962
2025-01-23 19:45,0.029628
2025-01-23 20:00,0.206622
2025-01-23 20:15,0.345329
2025-01-23 20:30,0.08808
2025-01-23 20:45,0.486308
2025-01-23 21:00,0.17078
2025-01-23 21:15,0.178863
2025-01-23 21:30,0.329277
2025-01-23 21:45,0.053705
2025-01-23 22:00,0.117967
2025-01-23 22:15,0.091071
2025-01-23 22:30,0.219998
2025-01-23 22:45,0.097198
2025-01-23 23:00,0.104821
2025-01-23 23:15,0.083995
2025-01-23 23:30,0.002704
2025-01-23 23:45,0.0
2025-01-24 00:00,0.12582
2025-01-24 00:15,0.132781
2025-01-24 00:30,0.218329
2025-01-24 00:45,0.0
2025-01-24 01:00,0.0
2025-01-24 01:15,0.0
2025-01-24 01:30,0.002618
2025-01-24 01:45,0.046715
2025-01-24 02:00,0.0
2025-01-24 02:15,0.0
2025-01-24 02:30,0.005408
2025-01-24 02:45,0.0
2025-01-24 03:00,0.0
2025-01-24 03:15,0.0
2025-01-24 03:30,0.0
2025-01-24 03:45,0.0
2025-01-24 04:00,0.043666
2025-01-24 04:15,0.002675
2025-01-24 04:30,0.0
2025-01-24 04:45,0.0
2025-01-24 05:00,0.0
2025-01-24 05:15,0.003682
2025-01-24 05:30,0.0
2025-01-24 05:45,0.001841
2025-01-24 06:00,0.005408
2025-01-24 06:15,0.0
2025-01-24 06:30,0.0
2025-01-24 06:45,0.004631
2025-01-24 07:00,0.0
2025-01-24 07:15,0.0
2025-01-24 07:30,0.0
2025-01-24 07:45,0.004804
2025-01-24 08:00,0.0
2025-01-24 08:15,0.163416
2025-01-24 08:30,0.0
2025-01-24 08:45,0.009723
2025-01-24 09:00,0.0
2025-01-24 09:15,0.00699
2025-01-24 09:30,0.0
2025-01-24 09:45,0.0
2025-01-24 10:00,0.0
2025-01-24 10:15,0.0
2025-01-24 10:30,0.0
2025-01-24 10:45,0.087332
2025-01-24 11:00,0.0
2025-01-24 11:15,0.001841
2025-01-24 11:30,0.001841
2025-01-24 11:45,0.001841
2025-01-24 12:00,0.045334
2025-01-24 12:15,0.002704
2025-01-24 12:30,0.012944
2025-01-24 12:45,0.001668
2025-01-24 13:00,0.129387
2025-01-24 13:15,0.006386
2025-01-24 13:30,0.643712
2025-01-24 13:45,0.078184
2025-01-24 14:00,0.607841
2025-01-24 14:15,0.256415
2025-01-24 14:30,0.221091
2025-01-24 14:45,0.298987
2025-01-24 15:00,0.148257
2025-01-24 15:15,0.42452
2025-01-24 15:30,0.54358
2025-01-24 15:45,0.312104
2025-01-24 16:00,0.824215
2025-01-24 16:15,0.626625
2025-01-24 16:30,0.16799
2025-01-24 16:45,0.38071
2025-01-24 17:00,0.287798
2025-01-24 17:15,0.184185
2025-01-24 17:30,0.149235
2025-01-24 17:45,0.274192
2025-01-24 18:00,0.072719
2025-01-24 18:15,0.171816
2025-01-24 18:30,0.076832
2025-01-24 18:45,0.245887
2025-01-24 19:00,0.265505
2025-01-24 19:15,0.825998
2025-01-24 19:30,0.288172
2025-01-24 19:45,0.372282
2025-01-24 20:00,0.31524
2025-01-24 20:15,0.271718
2025-01-24 20:30,0.168278
2025-01-24 20:45,0.246232
2025-01-24 21:00,0.227908
2025-01-24 21:15,0.257623
2025-01-24 21:30,0.168335
2025-01-24 21:45,0.208434
2025-01-24 22:00,0.13629
2025-01-24 22:15,0.088252
2025-01-24 22:30,0.005408
2025-01-24 22:45,0.0
2025-01-24 23:00,0.082327
2025-01-24 23:15,0.302094
2025-01-24 23:30,0.090669
2025-01-24 23:45,0.007191
2025-01-25 00:00,0.087332
2025-01-25 00:15,0.0
2025-01-25 00:30,0.0
2025-01-25 00:45,0.032793
2025-01-25 01:00,0.0
2025-01-25 01:15,0.0
2025-01-25 01:30,0.010413
2025-01-25 01:45,0.014469
2025-01-25 02:00,0.042918
2025-01-25 02:15,0.002704
2025-01-25 02:30,0.00512
2025-01-25 02:45,0.0
2025-01-25 03:00,0.009895
2025-01-25 03:15,0.0
2025-01-25 03:30,0.0
2025-01-25 03:45,0.004602
2025-01-25 04:00,0.130998
2025-01-25 04:15,0.0
2025-01-25 04:30,0.0
2025-01-25 04:45,0.002704
2025-01-25 05:00,0.0
2025-01-25 05:15,0.003653
2025-01-25 05:30,0.0
2025-01-25 05:45,0.00535
2025-01-25 06:00,0.045622
2025-01-25 06:15,0.0
2025-01-25 06:30,0.001668
2025-01-25 06:45,0.0
2025-01-25 07:00,0.0
2025-01-25 07:15,0.0
2025-01-25 07:30,0.0
2025-01-25 07:45,0.003912
2025-01-25 08:00,0.046456
2025-01-25 08:15,0.043666
2025-01-25 08:30,0.0
2025-01-25 08:45,0.0
2025-01-25 09:00,0.0
2025-01-25 09:15,0.0
2025-01-25 09:30,0.0
2025-01-25 09:45,0.001841
2025-01-25 10:00,0.002014
2025-01-25 10:15,0.002704
2025-01-25 10:30,0.0
2025-01-25 10:45,0.0
2025-01-25 11:00,0.0
2025-01-25 11:15,0.002014
2025-01-25 11:30,0.0
2025-01-25 11:45,0.0
2025-01-25 12:00,0.0
2025-01-25 12:15,0.006789
2025-01-25 12:30,0.004545
2025-01-25 12:45,0.0
2025-01-25 13:00,0.0
2025-01-25 13:15,0.051145
2025-01-25 13:30,0.0
2025-01-25 13:45,0.0
2025-01-25 14:00,0.002704
2025-01-25 14:15,0.0
2025-01-25 14:30,0.0
2025-01-25 14:45,0.0
2025-01-25 15:00,0.0
2025-01-25 15:15,0.0
2025-01-25 15:30,0.0
2025-01-25 15:45,0.0
2025-01-25 16:00,0.0
2025-01-25 16:15,0.0
2025-01-25 16:30,0.0
2025-01-25 16:45,0.0
2025-01-25 17:00,0.0
2025-01-25 17:15,0.08388
2025-01-25 17:30,0.043896
2025-01-25 17:45,0.0
2025-01-25 18:00,0.002704
2025-01-25 18:15,0.002704
2025-01-25 18:30,0.0
2025-01-25 18:45,0.0
2025-01-25 19:00,0.0
2025-01-25 19:15,0.0
2025-01-25 19:30,0.0
2025-01-25 19:45,0.0
2025-01-25 20:00,0.0
2025-01-25 20:15,0.0
2025-01-25 20:30,0.003337
2025-01-25 20:45,0.002704
2025-01-25 21:00,0.005408
2025-01-25 21:15,0.0
2025-01-25 21:30,0.0
2025-01-25 21:45,0.0
2025-01-25 22:00,0.0
2025-01-25 22:15,0.0
2025-01-25 22:30,0.001841
2025-01-25 22:45,0.0
2025-01-25 23:00,0.0
2025-01-25 23:15,0.0
2025-01-25 23:30,0.0
2025-01-25 23:45,0.00279
2025-01-26 00:00,0.043666
2025-01-26 00:15,0.00535
2025-01-26 00:30,0.0
2025-01-26 00:45,0.0
2025-01-26 01:00,0.008112
2025-01-26 01:15,0.001668
2025-01-26 01:30,0.0
2025-01-26 01:45,0.011621
2025-01-26 02:00,0.0
2025-01-26 02:15,0.0
2025-01-26 02:30,0.009349
2025-01-26 02:45,0.0
2025-01-26 03:00,0.0
2025-01-26 03:15,0.0
2025-01-26 03:30,0.0
2025-01-26 03:45,0.0
2025-01-26 04:00,0.002014
2025-01-26 04:15,0.005408
2025-01-26 04:30,0.022495
2025-01-26 04:45,0.0
2025-01-26 05:00,0.0
2025-01-26 05:15,0.0
2025-01-26 05:30,0.0
2025-01-26 05:45,0.0
2025-01-26 06:00,0.005408
2025-01-26 06:15,0.0
2025-01-26 06:30,0.0
2025-01-26 06:45,0.0
2025-01-26 07:00,0.0
2025-01-26 07:15,0.005408
2025-01-26 07:30,0.0
2025-01-26 07:45,0.0
2025-01-26 08:00,0.0
2025-01-26 08:15,0.0
2025-01-26 08:30,0.0
2025-01-26 08:45,0.002704
2025-01-26 09:00,0.0
2025-01-26 09:15,0.0
2025-01-26 09:30,0.0
2025-01-26 09:45,0.005408
2025-01-26 10:00,0.0
2025-01-26 10:15,0.002014
2025-01-26 10:30,0.0
2025-01-26 10:45,0.002704
2025-01-26 11:00,0.0
2025-01-26 11:15,0.002704
2025-01-26 11:30,0.015447
2025-01-26 11:45,0.0
2025-01-26 12:00,0.0
2025-01-26 12:15,0.0
2025-01-26 12:30,0.0
2025-01-26 12:45,0.0
2025-01-26 13:00,0.0
2025-01-26 13:15,0.0
2025-01-26 13:30,0.0
2025-01-26 13:45,0.0
2025-01-26 14:00,0.0
2025-01-26 14:15,0.0
2025-01-26 14:30,0.0
2025-01-26 14:45,0.0
2025-01-26 15:00,0.0
2025-01-26 15:15,0.002761
2025-01-26 15:30,0.130998
2025-01-26 15:45,0.042386
2025-01-26 16:00,0.043666
2025-01-26 16:15,0.0
2025-01-26 16:30,0.0
2025-01-26 16:45,0.0
2025-01-26 17:00,0.0
2025-01-26 17:15,0.012757
2025-01-26 17:30,0.0
2025-01-26 17:45,0.0
2025-01-26 18:00,0.0
2025-01-26 18:15,0.0
2025-01-26 18:30,0.0
2025-01-26 18:45,0.0
2025-01-26 19:00,0.0
2025-01-26 19:15,0.056323
2025-01-26 19:30,0.040214
2025-01-26 19:45,0.004027
2025-01-26 20:00,0.012254
2025-01-26 20:15,0.009147
2025-01-26 20:30,0.0
2025-01-26 20:45,0.002704
2025-01-26 21:00,0.002704
2025-01-26 21:15,0.0
2025-01-26 21:30,0.0
2025-01-26 21:45,0.0
2025-01-26 22:00,0.0
2025-01-26 22:15,0.0
2025-01-26 22:30,0.0
2025-01-26 22:45,0.0
2025-01-26 23:00,0.0
2025-01-26 23:15,0.0
2025-01-26 23:30,0.0
2025-01-26 23:45,0.001841
2025-01-27 00:00,0.04637
2025-01-27 00:15,0.0
2025-01-27 00:30,0.071453
2025-01-27 00:45,0.0
2025-01-27 01:00,0.0
2025-01-27 01:15,0.0
2025-01-27 01:30,0.0
2025-01-27 01:45,0.0
2025-01-27 02:00,0.0
2025-01-27 02:15,0.0
2025-01-27 02:30,0.0
2025-01-27 02:45,0.0
2025-01-27 03:00,0.0
2025-01-27 03:15,0.0
2025-01-27 03:30,0.0
2025-01-27 03:45,0.04637
2025-01-27 04:00,0.007191
2025-01-27 04:15,0.002014
2025-01-27 04:30,0.043666
2025-01-27 04:45,0.087332
2025-01-27 05:00,0.0
2025-01-27 05:15,0.002704
2025-01-27 05:30,0.042918
2025-01-27 05:45,0.0
2025-01-27 06:00,0.0
2025-01-27 06:15,0.0
2025-01-27 06:30,0.0
2025-01-27 06:45,0.0
2025-01-27 07:00,0.0
2025-01-27 07:15,0.0
2025-01-27 07:30,0.0
2025-01-27 07:45,0.0
2025-01-27 08:00,0.0
2025-01-27 08:15,0.0
2025-01-27 08:30,0.002675
2025-01-27 08:45,0.0
2025-01-27 09:00,0.0
2025-01-27 09:15,0.0
2025-01-27 09:30,0.0
2025-01-27 09:45,0.0
2025-01-27 10:00,0.0
2025-01-27 10:15,0.0
2025-01-27 10:30,0.0
2025-01-27 10:45,0.0
2025-01-27 11:00,0.0
2025-01-27 11:15,0.0
2025-01-27 11:30,0.0
2025-01-27 11:45,0.0
2025-01-27 12:00,0.047348
2025-01-27 12:15,0.003883
2025-01-27 12:30,0.002761
2025-01-27 12:45,0.003596
2025-01-27 13:00,0.161201
2025-01-27 13:15,0.01119
2025-01-27 13:30,0.089288
2025-01-27 13:45,0.071079
2025-01-27 14:00,0.202997
2025-01-27 14:15,0.656973
2025-01-27 14:30,1.0
2025-01-27 14:45,0.116442
2025-01-27 15:00,0.163819
2025-01-27 15:15,0.201358
2025-01-27 15:30,0.450725
2025-01-27 15:45,0.328673
2025-01-27 16:00,0.192038
2025-01-27 16:15,0.623749
2025-01-27 16:30,0.798987
2025-01-27 16:45,0.618801
2025-01-27 17:00,0.237803
2025-01-27 17:15,0.220573
2025-01-27 17:30,0.373936
2025-01-27 17:45,0.472529
2025-01-27 18:00,0.323093
2025-01-27 18:15,0.329738
2025-01-27 18:30,0.297837
2025-01-27 18:45,0.292975
2025-01-27 19:00,0.494218
2025-01-27 19:15,0.200293
2025-01-27 19:30,0.441175
2025-01-27 19:45,0.391411
2025-01-27 20:00,0.195633
2025-01-27 20:15,0.157059
2025-01-27 20:30,0.088281
2025-01-27 20:45,0.427971
2025-01-27 21:00,0.200466
2025-01-27 21:15,0.223277
2025-01-27 21:30,0.249914
2025-01-27 21:45,0.210045
2025-01-27 22:00,0.029513
2025-01-27 22:15,0.045622
2025-01-27 22:30,0.042803
2025-01-27 22:45,0.087332
2025-01-27 23:00,0.043666
2025-01-27 23:15,0.0
2025-01-27 23:30,0.041365
2025-01-27 23:45,0.0
2025-01-28 00:00,0.0
2025-01-28 00:15,0.012801
2025-01-28 00:30,0.008284
2025-01-28 00:45,0.0
2025-01-28 01:00,0.0
2025-01-28 01:15,0.0
2025-01-28 01:30,0.002704
2025-01-28 01:45,0.261794
2025-01-28 02:00,0.003337
2025-01-28 02:15,0.0
2025-01-28 02:30,0.0
2025-01-28 02:45,0.0
2025-01-28 03:00,0.004574
2025-01-28 03:15,0.0
2025-01-28 03:30,0.0
2025-01-28 03:45,0.0
2025-01-28 04:00,0.0
2025-01-28 04:15,0.0
2025-01-28 04:30,0.0
2025-01-28 04:45,0.005638
2025-01-28 05:00,0.0
2025-01-28 05:15,0.001668
2025-01-28 05:30,0.049074
2025-01-28 05:45,0.0
2025-01-28 06:00,0.0
2025-01-28 06:15,0.0
2025-01-28 06:30,0.009723
2025-01-28 06:45,0.0
2025-01-28 07:00,0.0
2025-01-28 07:15,0.00558
2025-01-28 07:30,0.002877
2025-01-28 07:45,0.005408
2025-01-28 08:00,0.0
2025-01-28 08:15,0.0
2025-01-28 08:30,0.0
2025-01-28 08:45,0.0
2025-01-28 09:00,0.0
2025-01-28 09:15,0.021804
2025-01-28 09:30,0.0
2025-01-28 09:45,0.0
2025-01-28 10:00,0.0
2025-01-28 10:15,0.0
2025-01-28 10:30,0.0
2025-01-28 10:45,0.0
2025-01-28 11:00,0.0
2025-01-28 11:15,0.0
2025-01-28 11:30,0.003337
2025-01-28 11:45,0.005523
2025-01-28 12:00,0.010873
2025-01-28 12:15,0.004257
2025-01-28 12:30,0.0
2025-01-28 12:45,0.004545
2025-01-28 13:00,0.0
2025-01-28 13:15,0.020769
2025-01-28 13:30,0.281498
2025-01-28 13:45,0.267346
2025-01-28 14:00,0.108704
2025-01-28 14:15,0.529211
2025-01-28 14:30,0.421183
2025-01-28 14:45,0.281498
2025-01-28 15:00,0.158871
2025-01-28 15:15,0.36719
2025-01-28 15:30,0.276177
2025-01-28 15:45,0.208981
2025-01-28 16:00,0.210074
2025-01-28 16:15,0.195259
2025-01-28 16:30,0.654729
2025-01-28 16:45,0.323265
2025-01-28 17:00,0.416293
2025-01-28 17:15,0.087936
2025-01-28 17:30,0.341905
2025-01-28 17:45,0.425757
2025-01-28 18:00,0.564923
2025-01-28 18:15,0.289538
2025-01-28 18:30,0.152198
2025-01-28 18:45,0.603929
2025-01-28 19:00,0.23136
2025-01-28 19:15,0.739213
2025-01-28 19:30,0.431912
2025-01-28 19:45,0.209901
2025-01-28 20:00,0.325998
2025-01-28 20:15,0.066017
2025-01-28 20:30,0.468358
2025-01-28 20:45,0.176591
2025-01-28 21:00,0.173196
2025-01-28 21:15,0.205155
2025-01-28 21:30,0.151852
2025-01-28 21:45,0.157749
2025-01-28 22:00,0.130537
2025-01-28 22:15,0.003337
2025-01-28 22:30,0.002963
2025-01-28 22:45,0.0
2025-01-28 23:00,0.005638
2025-01-28 23:15,0.013059
2025-01-28 23:30,0.032793
2025-01-28 23:45,0.042918
2025-01-29 00:00,0.043666
2025-01-29 00:00,0.023783
2025-01-29 00:15,0.0
2025-01-29 00:30,0.0
2025-01-29 00:45,0.0
2025-01-29 01:00,0.0
2025-01-29 01:15,0.0
2025-01-29 01:30,0.0
2025-01-29 01:45,0.002005
2025-01-29 02:00,0.0
2025-01-29 02:15,0.001473
2025-01-29 02:30,0.001473
2025-01-29 02:45,0.0
2025-01-29 03:00,0.0
2025-01-29 03:15,0.0
2025-01-29 03:30,0.091419
2025-01-29 03:45,0.0
2025-01-29 04:00,0.047096
2025-01-29 04:15,0.0
2025-01-29 04:30,0.0
2025-01-29 04:45,0.0
2025-01-29 05:00,0.0
2025-01-29 05:15,0.002945
2025-01-29 05:30,0.0
2025-01-29 05:45,0.0
2025-01-29 06:00,0.003118
2025-01-29 06:15,0.001802
2025-01-29 06:30,0.0
2025-01-29 06:45,0.0
2025-01-29 07:00,0.023783
2025-01-29 07:15,0.0
2025-01-29 07:30,0.002945
2025-01-29 07:45,0.001473
2025-01-29 08:00,0.0
2025-01-29 08:15,0.0
2025-01-29 08:30,0.003823
2025-01-29 08:45,0.0
2025-01-29 09:00,0.0
2025-01-29 09:15,0.0
2025-01-29 09:30,0.0
2025-01-29 09:45,0.0
2025-01-29 10:00,0.036599
2025-01-29 10:15,0.0
2025-01-29 10:30,0.0
2025-01-29 10:45,0.000909
2025-01-29 11:00,0.0
2025-01-29 11:15,0.0
2025-01-29 11:30,0.0
2025-01-29 11:45,0.051264
2025-01-29 12:00,0.021903
2025-01-29 12:15,0.002005
2025-01-29 12:30,0.004904
2025-01-29 12:45,0.091372
2025-01-29 13:00,0.044307
2025-01-29 13:15,0.050841
2025-01-29 13:30,0.062074
2025-01-29 13:45,0.000909
2025-01-29 14:00,0.270042
2025-01-29 14:15,0.235527
2025-01-29 14:30,0.07254
2025-01-29 14:45,0.193515
2025-01-29 15:00,0.197706
2025-01-29 15:15,0.262412
2025-01-29 15:30,0.144876
2025-01-29 15:45,0.235073
2025-01-29 16:00,0.065239
2025-01-29 16:15,0.148135
2025-01-29 16:30,0.318157
2025-01-29 16:45,0.372679
2025-01-29 17:00,0.183747
2025-01-29 17:15,0.121406
2025-01-29 17:30,0.15976
2025-01-29 17:45,0.385025
2025-01-29 18:00,0.129553
2025-01-29 18:15,0.151472
2025-01-29 18:30,0.237454
2025-01-29 18:45,0.233804
2025-01-29 19:00,0.119276
2025-01-29 19:15,0.248516
2025-01-29 19:30,0.208125
2025-01-29 19:45,0.267238
2025-01-29 20:00,0.140238
2025-01-29 20:15,0.097764
2025-01-29 20:30,0.215348
2025-01-29 20:45,0.201748
2025-01-29 21:00,0.170351
2025-01-29 21:15,0.040343
2025-01-29 21:30,0.126028
2025-01-29 21:45,0.074545
2025-01-29 22:00,0.004387
2025-01-29 22:15,0.07232
2025-01-29 22:30,0.000909
2025-01-29 22:45,0.004371
2025-01-29 23:00,0.001003
2025-01-29 23:15,0.021903
2025-01-29 23:30,0.003666
2025-01-29 23:45,0.002945
2025-01-30 00:00,0.001003
2025-01-30 00:15,0.0
2025-01-30 00:30,0.098203
2025-01-30 00:45,0.013662
2025-01-30 01:00,0.0
2025-01-30 01:15,0.003039
2025-01-30 01:30,0.003415
2025-01-30 01:45,0.003039
2025-01-30 02:00,0.002914
2025-01-30 02:15,0.0
2025-01-30 02:30,0.0
2025-01-30 02:45,0.023783
2025-01-30 03:00,0.0
2025-01-30 03:15,0.001927
2025-01-30 03:30,0.003948
2025-01-30 03:45,0.0
2025-01-30 04:00,0.0
2025-01-30 04:15,0.0
2025-01-30 04:30,0.0
2025-01-30 04:45,0.0
2025-01-30 05:00,0.0
2025-01-30 05:15,0.0
2025-01-30 05:30,0.009385
2025-01-30 05:45,0.0
2025-01-30 06:00,0.0
2025-01-30 06:15,0.008476
2025-01-30 06:30,0.0
2025-01-30 06:45,0.049697
2025-01-30 07:00,0.0
2025-01-30 07:15,0.001473
2025-01-30 07:30,0.002945
2025-01-30 07:45,0.001473
2025-01-30 08:00,0.0
2025-01-30 08:15,0.0
2025-01-30 08:30,0.0
2025-01-30 08:45,0.002945
2025-01-30 09:00,0.02781
2025-01-30 09:15,0.0
2025-01-30 09:30,0.001473
2025-01-30 09:45,0.0
2025-01-30 10:00,0.043806
2025-01-30 10:15,0.0
2025-01-30 10:30,0.0
2025-01-30 10:45,0.0
2025-01-30 11:00,0.002945
2025-01-30 11:15,0.000909
2025-01-30 11:30,0.005797
2025-01-30 11:45,0.0
2025-01-30 12:00,0.0
2025-01-30 12:15,0.003854
2025-01-30 12:30,0.023783
2025-01-30 12:45,0.0
2025-01-30 13:00,0.025694
2025-01-30 13:15,0.068059
2025-01-30 13:30,0.072399
2025-01-30 13:45,0.118978
2025-01-30 14:00,0.230012
2025-01-30 14:15,0.225093
2025-01-30 14:30,0.379213
2025-01-30 14:45,0.307017
2025-01-30 15:00,0.141696
2025-01-30 15:15,0.16963
2025-01-30 15:30,0.304127
2025-01-30 15:45,0.136901
2025-01-30 16:00,0.033512
2025-01-30 16:15,0.212089
2025-01-30 16:30,0.266345
2025-01-30 16:45,0.127015
2025-01-30 17:00,0.151472
2025-01-30 17:15,0.144061
2025-01-30 17:30,0.169646
2025-01-30 17:45,0.142886
2025-01-30 18:00,0.121704
2025-01-30 18:15,0.251571
2025-01-30 18:30,0.28936
2025-01-30 18:45,0.083084
2025-01-30 19:00,0.311545
2025-01-30 19:15,0.537672
2025-01-30 19:30,0.100866
2025-01-30 19:45,0.395585
2025-01-30 20:00,0.036583
2025-01-30 20:15,0.344619
2025-01-30 20:30,0.342003
2025-01-30 20:45,0.372742
2025-01-30 21:00,0.22937
2025-01-30 21:15,0.036505
2025-01-30 21:30,0.118304
2025-01-30 21:45,0.235339
2025-01-30 22:00,0.043806
2025-01-30 22:15,0.005828
2025-01-30 22:30,0.0
2025-01-30 22:45,0.006204
2025-01-30 23:00,0.0
2025-01-30 23:15,0.0
2025-01-30 23:30,0.0
2025-01-30 23:45,0.0
2025-01-31 00:00,0.02488
2025-01-31 00:15,0.0
2025-01-31 00:30,0.0
2025-01-31 00:45,0.0
2025-01-31 01:00,0.020242
2025-01-31 01:15,0.026133
2025-01-31 01:30,0.025788
2025-01-31 01:45,0.0
2025-01-31 02:00,0.0
2025-01-31 02:15,0.0
2025-01-31 02:30,0.0
2025-01-31 02:45,0.0
2025-01-31 03:00,0.0
2025-01-31 03:15,0.0
2025-01-31 03:30,0.047566
2025-01-31 03:45,0.002475
2025-01-31 04:00,0.0
2025-01-31 04:15,0.0
2025-01-31 04:30,0.0
2025-01-31 04:45,0.0
2025-01-31 05:00,0.0
2025-01-31 05:15,0.0068
2025-01-31 05:30,0.0
2025-01-31 05:45,0.0
2025-01-31 06:00,0.00177
2025-01-31 06:15,0.047691
2025-01-31 06:30,0.0
2025-01-31 06:45,0.0
2025-01-31 07:00,0.0
2025-01-31 07:15,0.0
2025-01-31 07:30,0.0
2025-01-31 07:45,0.0
2025-01-31 08:00,0.0
2025-01-31 08:15,0.003039
2025-01-31 08:30,0.0
2025-01-31 08:45,0.0
2025-01-31 09:00,0.001473
2025-01-31 09:15,0.0
2025-01-31 09:30,0.0
2025-01-31 09:45,0.001097
2025-01-31 10:00,0.001457
2025-01-31 10:15,0.047441
2025-01-31 10:30,0.003948
2025-01-31 10:45,0.0
2025-01-31 11:00,0.0
2025-01-31 11:15,0.043806
2025-01-31 11:30,0.0
2025-01-31 11:45,0.0
2025-01-31 12:00,0.0
2025-01-31 12:15,0.0
2025-01-31 12:30,0.0
2025-01-31 12:45,0.02817
2025-01-31 13:00,0.023783
2025-01-31 13:15,0.051013
2025-01-31 13:30,0.025945
2025-01-31 13:45,0.049916
2025-01-31 14:00,0.09062
2025-01-31 14:15,0.166748
2025-01-31 14:30,0.151613
2025-01-31 14:45,0.211541
2025-01-31 15:00,0.337365
2025-01-31 15:15,0.138108
2025-01-31 15:30,0.322904
2025-01-31 15:45,0.19393
2025-01-31 16:00,0.132812
2025-01-31 16:15,0.195184
2025-01-31 16:30,0.072038
2025-01-31 16:45,0.182666
2025-01-31 17:00,0.10776
2025-01-31 17:15,0.121767
2025-01-31 17:30,0.568991
2025-01-31 17:45,0.098877
2025-01-31 18:00,0.123662
2025-01-31 18:15,0.049086
2025-01-31 18:30,0.149279
2025-01-31 18:45,0.092782
2025-01-31 19:00,0.49396
2025-01-31 19:15,0.093534
2025-01-31 19:30,0.068498
2025-01-31 19:45,0.167813
2025-01-31 20:00,0.187209
2025-01-31 20:15,0.191455
2025-01-31 20:30,0.118147
2025-01-31 20:45,0.115688
2025-01-31 21:00,0.123443
2025-01-31 21:15,0.12537
2025-01-31 21:30,0.117286
2025-01-31 21:45,0.094349
2025-01-31 22:00,0.065709
2025-01-31 22:15,0.0
2025-01-31 22:30,0.063468
2025-01-31 22:45,0.025193
2025-01-31 23:00,0.023908
2025-01-31 23:15,0.043806
2025-01-31 23:30,0.0
2025-01-31 23:45,0.0
2025-02-01 00:00,0.071662
2025-02-01 00:15,0.001003
2025-02-01 00:30,0.0
2025-02-01 00:45,0.002005
2025-02-01 01:00,0.014602
2025-02-01 01:15,0.0
2025-02-01 01:30,0.0
2025-02-01 01:45,0.002005
2025-02-01 02:00,0.0
2025-02-01 02:15,0.0
2025-02-01 02:30,0.000909
2025-02-01 02:45,0.0
2025-02-01 03:00,0.0
2025-02-01 03:15,0.0
2025-02-01 03:30,0.0
2025-02-01 03:45,0.0
2025-02-01 04:00,0.023783
2025-02-01 04:15,0.0
2025-02-01 04:30,0.002945
2025-02-01 04:45,0.0
2025-02-01 05:00,0.0
2025-02-01 05:15,0.0
2025-02-01 05:30,0.0
2025-02-01 05:45,0.0
2025-02-01 06:00,0.0
2025-02-01 06:15,0.02253
2025-02-01 06:30,0.0
2025-02-01 06:45,0.0
2025-02-01 07:00,0.0
2025-02-01 07:15,0.047566
2025-02-01 07:30,0.0
2025-02-01 07:45,0.001097
2025-02-01 08:00,0.0
2025-02-01 08:15,0.0
2025-02-01 08:30,0.0
2025-02-01 08:45,0.0
2025-02-01 09:00,0.001473
2025-02-01 09:15,0.001473
2025-02-01 09:30,0.0
2025-02-01 09:45,0.0
2025-02-01 10:00,0.0
2025-02-01 10:15,0.001394
2025-02-01 10:30,0.0
2025-02-01 10:45,0.0
2025-02-01 11:00,0.0
2025-02-01 11:15,0.0
2025-02-01 11:30,0.0
2025-02-01 11:45,0.0
2025-02-01 12:00,0.001473
2025-02-01 12:15,0.0
2025-02-01 12:30,0.045059
2025-02-01 12:45,0.002945
2025-02-01 13:00,0.0
2025-02-01 13:15,0.0
2025-02-01 13:30,0.0
2025-02-01 13:45,0.0
2025-02-01 14:00,0.002945
2025-02-01 14:15,0.0
2025-02-01 14:30,0.0
2025-02-01 14:45,0.022592
2025-02-01 15:00,0.0
2025-02-01 15:15,0.001473
2025-02-01 15:30,0.116408
2025-02-01 15:45,0.002789
2025-02-01 16:00,0.0
2025-02-01 16:15,0.0
2025-02-01 16:30,0.0
2025-02-01 16:45,0.043806
2025-02-01 17:00,0.0
2025-02-01 17:15,0.002193
2025-02-01 17:30,0.004606
2025-02-01 17:45,0.0
2025-02-01 18:00,0.0
2025-02-01 18:15,0.002663
2025-02-01 18:30,0.020681
2025-02-01 18:45,0.0
2025-02-01 19:00,0.0
2025-02-01 19:15,0.001473
2025-02-01 19:30,0.0
2025-02-01 19:45,0.0
2025-02-01 20:00,0.001457
2025-02-01 20:15,0.0
2025-02-01 20:30,0.0
2025-02-01 20:45,0.002005
2025-02-01 21:00,0.004262
2025-02-01 21:15,0.004011
2025-02-01 21:30,0.020806
2025-02-01 21:45,0.001473
2025-02-01 22:00,0.0
2025-02-01 22:15,0.002005
2025-02-01 22:30,0.0
2025-02-01 22:45,0.003039
2025-02-01 23:00,0.0
2025-02-01 23:15,0.0
2025-02-01 23:30,0.0
2025-02-01 23:45,0.0
2025-02-02 00:00,0.002193
2025-02-02 00:15,0.0
2025-02-02 00:30,0.001473
2025-02-02 00:45,0.0
2025-02-02 01:00,0.002977
2025-02-02 01:15,0.0
2025-02-02 01:30,0.047566
2025-02-02 01:45,0.0
2025-02-02 02:00,0.0
2025-02-02 02:15,0.025976
2025-02-02 02:30,0.001473
2025-02-02 02:45,0.0
2025-02-02 03:00,0.0
2025-02-02 03:15,0.070472
2025-02-02 03:30,0.0
2025-02-02 03:45,0.0
2025-02-02 04:00,0.002945
2025-02-02 04:15,0.0
2025-02-02 04:30,0.054428
2025-02-02 04:45,0.0
2025-02-02 05:00,0.002914
2025-02-02 05:15,0.047566
2025-02-02 05:30,0.0
2025-02-02 05:45,0.0
2025-02-02 06:00,0.0
2025-02-02 06:15,0.0
2025-02-02 06:30,0.0
2025-02-02 06:45,0.001097
2025-02-02 07:00,0.047566
2025-02-02 07:15,0.003008
2025-02-02 07:30,0.0
2025-02-02 07:45,0.0
2025-02-02 08:00,0.0
2025-02-02 08:15,0.001097
2025-02-02 08:30,0.0
2025-02-02 08:45,0.0
2025-02-02 09:00,0.0
2025-02-02 09:15,0.0
2025-02-02 09:30,0.0
2025-02-02 09:45,0.0
2025-02-02 10:00,0.0
2025-02-02 10:15,0.0
2025-02-02 10:30,0.0
2025-02-02 10:45,0.0
2025-02-02 11:00,0.0
2025-02-02 11:15,0.001426
2025-02-02 11:30,0.0
2025-02-02 11:45,0.001473
2025-02-02 12:00,0.0
2025-02-02 12:15,0.001473
2025-02-02 12:30,0.0
2025-02-02 12:45,0.001003
2025-02-02 13:00,0.000909
2025-02-02 13:15,0.0
2025-02-02 13:30,0.021903
2025-02-02 13:45,0.0
2025-02-02 14:00,0.001473
2025-02-02 14:15,0.032369
2025-02-02 14:30,0.002945
2025-02-02 14:45,0.0
2025-02-02 15:00,0.0
2025-02-02 15:15,0.023783
2025-02-02 15:30,0.023783
2025-02-02 15:45,0.000909
2025-02-02 16:00,0.0
2025-02-02 16:15,0.0013
2025-02-02 16:30,0.003384
2025-02-02 16:45,0.0
2025-02-02 17:00,0.0
2025-02-02 17:15,0.0
2025-02-02 17:30,0.0
2025-02-02 17:45,0.0
2025-02-02 18:00,0.052016
2025-02-02 18:15,0.0
2025-02-02 18:30,0.0
2025-02-02 18:45,0.001457
2025-02-02 19:00,0.0
2025-02-02 19:15,0.0
2025-02-02 19:30,0.0
2025-02-02 19:45,0.0
2025-02-02 20:00,0.0
2025-02-02 20:15,0.0
2025-02-02 20:30,0.0
2025-02-02 20:45,0.0
2025-02-02 21:00,0.0
2025-02-02 21:15,0.047002
2025-02-02 21:30,0.067589
2025-02-02 21:45,0.0
2025-02-02 22:00,0.003948
2025-02-02 22:15,0.043806
2025-02-02 22:30,0.0
2025-02-02 22:45,0.0
2025-02-02 23:00,0.0
2025-02-02 23:15,0.0
2025-02-02 23:30,0.001473
2025-02-02 23:45,0.0
2025-02-03 00:00,0.001097
2025-02-03 00:15,0.045811
2025-02-03 00:30,0.000486
2025-02-03 00:45,0.0
2025-02-03 01:00,0.0
2025-02-03 01:15,0.0
2025-02-03 01:30,0.0
2025-02-03 01:45,0.002945
2025-02-03 02:00,0.009197
2025-02-03 02:15,0.0
2025-02-03 02:30,0.0
2025-02-03 02:45,0.0
2025-02-03 03:00,0.0
2025-02-03 03:15,0.0
2025-02-03 03:30,0.002444
2025-02-03 03:45,0.0
2025-02-03 04:00,0.0
2025-02-03 04:15,0.0
2025-02-03 04:30,0.002475
2025-02-03 04:45,0.001567
2025-02-03 05:00,0.021903
2025-02-03 05:15,0.0
2025-02-03 05:30,0.0
2025-02-03 05:45,0.001473
2025-02-03 06:00,0.0
2025-02-03 06:15,0.025256
2025-02-03 06:30,0.0
2025-02-03 06:45,0.023376
2025-02-03 07:00,0.0
2025-02-03 07:15,0.0
2025-02-03 07:30,0.0
2025-02-03 07:45,0.0
2025-02-03 08:00,0.001473
2025-02-03 08:15,0.0
2025-02-03 08:30,0.001473
2025-02-03 08:45,0.0
2025-02-03 09:00,0.0
2025-02-03 09:15,0.003008
2025-02-03 09:30,0.0
2025-02-03 09:45,0.0
2025-02-03 10:00,0.001911
2025-02-03 10:15,0.001473
2025-02-03 10:30,0.0
2025-02-03 10:45,0.0
2025-02-03 11:00,0.0
2025-02-03 11:15,0.0
2025-02-03 11:30,0.0
2025-02-03 11:45,0.002193
2025-02-03 12:00,0.0
2025-02-03 12:15,0.026321
2025-02-03 12:30,0.002945
2025-02-03 12:45,0.021903
2025-02-03 13:00,0.001567
2025-02-03 13:15,0.0
2025-02-03 13:30,0.001817
2025-02-03 13:45,0.005891
2025-02-03 14:00,0.199492
2025-02-03 14:15,0.025005
2025-02-03 14:30,0.292635
2025-02-03 14:45,0.001911
2025-02-03 15:00,0.074013
2025-02-03 15:15,0.207028
2025-02-03 15:30,0.213687
2025-02-03 15:45,0.098751
2025-02-03 16:00,0.137199
2025-02-03 16:15,0.235026
2025-02-03 16:30,0.090291
2025-02-03 16:45,0.093283
2025-02-03 17:00,0.20366
2025-02-03 17:15,0.146458
2025-02-03 17:30,0.187366
2025-02-03 17:45,0.079245
2025-02-03 18:00,0.090745
2025-02-03 18:15,0.157206
2025-02-03 18:30,0.078728
2025-02-03 18:45,0.208595
2025-02-03 19:00,0.209582
2025-02-03 19:15,0.095963
2025-02-03 19:30,0.101007
2025-02-03 19:45,0.115108
2025-02-03 20:00,0.134802
2025-02-03 20:15,0.171808
2025-02-03 20:30,0.175059
2025-02-03 20:45,0.201858
2025-02-03 21:00,0.246291
2025-02-03 21:15,0.080844
2025-02-03 21:30,0.053441
2025-02-03 21:45,0.049901
2025-02-03 22:00,0.002804
2025-02-03 22:15,0.090949
2025-02-03 22:30,0.045999
2025-02-03 22:45,0.142886
2025-02-03 23:00,0.024911
2025-02-03 23:15,0.068654
2025-02-03 23:30,0.001473
2025-02-03 23:45,0.023376
2025-02-04 00:00,0.023783
2025-02-04 00:15,0.0
2025-02-04 00:30,0.0
2025-02-04 00:45,0.0
2025-02-04 01:00,0.0
2025-02-04 01:15,0.0
2025-02-04 01:30,0.0
2025-02-04 01:45,0.0
2025-02-04 02:00,0.0
2025-02-04 02:15,0.047566
2025-02-04 02:30,0.002945
2025-02-04 02:45,0.0
2025-02-04 03:00,0.0
2025-02-04 03:15,0.075642
2025-02-04 03:30,0.0
2025-02-04 03:45,0.043806
2025-02-04 04:00,0.050136
2025-02-04 04:15,0.02253
2025-02-04 04:30,0.023783
2025-02-04 04:45,0.0
2025-02-04 05:00,0.035659
2025-02-04 05:15,0.023783
2025-02-04 05:30,0.0
2025-02-04 05:45,0.0
2025-02-04 06:00,0.0
2025-02-04 06:15,0.0
2025-02-04 06:30,0.0
2025-02-04 06:45,0.001473
2025-02-04 07:00,0.0
2025-02-04 07:15,0.0
2025-02-04 07:30,0.0
2025-02-04 07:45,0.0
2025-02-04 08:00,0.0
2025-02-04 08:15,0.023783
2025-02-04 08:30,0.0
2025-02-04 08:45,0.001473
2025-02-04 09:00,0.0
2025-02-04 09:15,0.0
2025-02-04 09:30,0.0
2025-02-04 09:45,0.0
2025-02-04 10:00,0.0
2025-02-04 10:15,0.0
2025-02-04 10:30,0.0
2025-02-04 10:45,0.091591
2025-02-04 11:00,0.0
2025-02-04 11:15,0.009573
2025-02-04 11:30,0.0
2025-02-04 11:45,0.0
2025-02-04 12:00,0.0
2025-02-04 12:15,0.094317
2025-02-04 12:30,0.0
2025-02-04 12:45,0.027763
2025-02-04 13:00,0.043806
2025-02-04 13:15,0.005139
2025-02-04 13:30,0.089617
2025-02-04 13:45,0.160371
2025-02-04 14:00,0.134144
2025-02-04 14:15,0.15036
2025-02-04 14:30,1.0
2025-02-04 14:45,0.451784
2025-02-04 15:00,0.135617
2025-02-04 15:15,0.118367
2025-02-04 15:30,0.237454
2025-02-04 15:45,0.145299
2025-02-04 16:00,0.181961
2025-02-04 16:15,0.222179
2025-02-04 16:30,0.076786
2025-02-04 16:45,0.095163
2025-02-04 17:00,0.190891
2025-02-04 17:15,0.289462
2025-02-04 17:30,0.205242
2025-02-04 17:45,0.159917
2025-02-04 18:00,0.090087
2025-02-04 18:15,0.173861
2025-02-04 18:30,0.205791
2025-02-04 18:45,0.164225
2025-02-04 19:00,0.218011
2025-02-04 19:15,0.221803
2025-02-04 19:30,0.183151
2025-02-04 19:45,0.301769
2025-02-04 20:00,0.153947
2025-02-04 20:15,0.223683
2025-02-04 20:30,0.103781
2025-02-04 20:45,0.257023
2025-02-04 21:00,0.243815
2025-02-04 21:15,0.091905
2025-02-04 21:30,0.057421
2025-02-04 21:45,0.046673
2025-02-04 22:00,0.003212
2025-02-04 22:15,0.02253
2025-02-04 22:30,0.070472
2025-02-04 22:45,0.002005
2025-02-04 23:00,0.044965
2025-02-04 23:15,0.004387
2025-02-04 23:30,0.025788
2025-02-04 23:45,0.0
2025-02-05 00:00,0.025694
2025-02-05 00:00,0.049613
2025-02-05 00:15,0.0
2025-02-05 00:30,0.0
2025-02-05 00:45,0.016699
2025-02-05 01:00,0.0
2025-02-05 01:15,0.047374
2025-02-05 01:30,0.002844
2025-02-05 01:45,0.004235
2025-02-05 02:00,0.002844
2025-02-05 02:15,0.001936
2025-02-05 02:30,0.084584
2025-02-05 02:45,0.005687
2025-02-05 03:00,0.0
2025-02-05 03:15,0.0
2025-02-05 03:30,0.0
2025-02-05 03:45,0.0
2025-02-05 04:00,0.002118
2025-02-05 04:15,0.028164
2025-02-05 04:30,0.0
2025-02-05 04:45,0.0
2025-02-05 05:00,0.016729
2025-02-05 05:15,0.001936
2025-02-05 05:30,0.0
2025-02-05 05:45,0.0
2025-02-05 06:00,0.040295
2025-02-05 06:15,0.0
2025-02-05 06:30,0.0
2025-02-05 06:45,0.0
2025-02-05 07:00,0.0
2025-02-05 07:15,0.091844
2025-02-05 07:30,0.0
2025-02-05 07:45,0.0
2025-02-05 08:00,0.0
2025-02-05 08:15,0.0
2025-02-05 08:30,0.0
2025-02-05 08:45,0.0
2025-02-05 09:00,0.0
2025-02-05 09:15,0.002844
2025-02-05 09:30,0.0
2025-02-05 09:45,0.0
2025-02-05 10:00,0.0
2025-02-05 10:15,0.010709
2025-02-05 10:30,0.045922
2025-02-05 10:45,0.002844
2025-02-05 11:00,0.0
2025-02-05 11:15,0.007139
2025-02-05 11:30,0.005687
2025-02-05 11:45,0.0
2025-02-05 12:00,0.053667
2025-02-05 12:15,0.001936
2025-02-05 12:30,0.042292
2025-02-05 12:45,0.001936
2025-02-05 13:00,0.033519
2025-02-05 13:15,0.062409
2025-02-05 13:30,0.101343
2025-02-05 13:45,0.055209
2025-02-05 14:00,0.41109
2025-02-05 14:15,0.275351
2025-02-05 14:30,0.438831
2025-02-05 14:45,0.192098
2025-02-05 15:00,0.439829
2025-02-05 15:15,0.654405
2025-02-05 15:30,0.645692
2025-02-05 15:45,0.526289
2025-02-05 16:00,0.46518
2025-02-05 16:15,0.724165
2025-02-05 16:30,0.351434
2025-02-05 16:45,0.355548
2025-02-05 17:00,0.045983
2025-02-05 17:15,0.160515
2025-02-05 17:30,0.452989
2025-02-05 17:45,0.359995
2025-02-05 18:00,0.514007
2025-02-05 18:15,0.81492
2025-02-05 18:30,0.428243
2025-02-05 18:45,0.692764
2025-02-05 19:00,0.530252
2025-02-05 19:15,0.451295
2025-02-05 19:30,0.450085
2025-02-05 19:45,0.651379
2025-02-05 20:00,0.699117
2025-02-05 20:15,0.588698
2025-02-05 20:30,0.410969
2025-02-05 20:45,0.546512
2025-02-05 21:00,0.265731
2025-02-05 21:15,0.13347
2025-02-05 21:30,0.128812
2025-02-05 21:45,0.023143
2025-02-05 22:00,0.006413
2025-02-05 22:15,0.089364
2025-02-05 22:30,0.090241
2025-02-05 22:45,0.044409
2025-02-05 23:00,0.087488
2025-02-05 23:15,0.036726
2025-02-05 23:30,0.0
2025-02-05 23:45,0.053243
2025-02-06 00:00,0.229822
2025-02-06 00:15,0.002904
2025-02-06 00:30,0.0
2025-02-06 00:45,0.003872
2025-02-06 01:00,0.001936
2025-02-06 01:15,0.007139
2025-02-06 01:30,0.0
2025-02-06 01:45,0.047858
2025-02-06 02:00,0.096321
2025-02-06 02:15,0.006655
2025-02-06 02:30,0.0
2025-02-06 02:45,0.042292
2025-02-06 03:00,0.0
2025-02-06 03:15,0.006171
2025-02-06 03:30,0.0
2025-02-06 03:45,0.0
2025-02-06 04:00,0.0
2025-02-06 04:15,0.009378
2025-02-06 04:30,0.0
2025-02-06 04:45,0.023475
2025-02-06 05:00,0.0
2025-02-06 05:15,0.0
2025-02-06 05:30,0.0
2025-02-06 05:45,0.003842
2025-02-06 06:00,0.005687
2025-02-06 06:15,0.0
2025-02-06 06:30,0.010588
2025-02-06 06:45,0.005687
2025-02-06 07:00,0.002844
2025-02-06 07:15,0.001755
2025-02-06 07:30,0.0
2025-02-06 07:45,0.042292
2025-02-06 08:00,0.002844
2025-02-06 08:15,0.0
2025-02-06 08:30,0.003297
2025-02-06 08:45,0.0
2025-02-06 09:00,0.0
2025-02-06 09:15,0.0
2025-02-06 09:30,0.001936
2025-02-06 09:45,0.012645
2025-02-06 10:00,0.0
2025-02-06 10:15,0.0
2025-02-06 10:30,0.0
2025-02-06 10:45,0.0
2025-02-06 11:00,0.0
2025-02-06 11:15,0.0
2025-02-06 11:30,0.0
2025-02-06 11:45,0.0
2025-02-06 12:00,0.0
2025-02-06 12:15,0.004719
2025-02-06 12:30,0.141699
2025-02-06 12:45,0.0
2025-02-06 13:00,0.144119
2025-02-06 13:15,0.044228
2025-02-06 13:30,0.050339
2025-02-06 13:45,0.43145
2025-02-06 14:00,0.279344
2025-02-06 14:15,0.350133
2025-02-06 14:30,0.362294
2025-02-06 14:45,0.143575
2025-02-06 15:00,0.537482
2025-02-06 15:15,0.451628
2025-02-06 15:30,0.329078
2025-02-06 15:45,0.399927
2025-02-06 16:00,0.086853
2025-02-06 16:15,0.450024
2025-02-06 16:30,0.304786
2025-02-06 16:45,0.264067
2025-02-06 17:00,0.453927
2025-02-06 17:15,0.185171
2025-02-06 17:30,0.047919
2025-02-06 17:45,0.105094
2025-02-06 18:00,0.309656
2025-02-06 18:15,0.372761
2025-02-06 18:30,0.34378
2025-02-06 18:45,0.325024
2025-02-06 19:00,1.0
2025-02-06 19:15,0.671769
2025-02-06 19:30,0.539448
2025-02-06 19:45,0.267455
2025-02-06 20:00,0.360933
2025-02-06 20:15,0.287936
2025-02-06 20:30,0.169288
2025-02-06 20:45,0.659245
2025-02-06 21:00,0.148475
2025-02-06 21:15,0.728824
2025-02-06 21:30,0.10582
2025-02-06 21:45,0.1839
2025-02-06 22:00,0.131141
2025-02-06 22:15,0.008894
2025-02-06 22:30,0.0
2025-02-06 22:45,0.002844
2025-02-06 23:00,0.001936
2025-02-06 23:15,0.002844
2025-02-06 23:30,0.045922
2025-02-06 23:45,0.0
2025-02-07 00:00,0.004054
2025-02-07 00:15,0.0
2025-02-07 00:30,0.0
2025-02-07 00:45,0.0
2025-02-07 01:00,0.0
2025-02-07 01:15,0.0
2025-02-07 01:30,0.0
2025-02-07 01:45,0.0
2025-02-07 02:00,0.0
2025-02-07 02:15,0.0
2025-02-07 02:30,0.0
2025-02-07 02:45,0.0
2025-02-07 03:00,0.008168
2025-02-07 03:15,0.045922
2025-02-07 03:30,0.0
2025-02-07 03:45,0.002481
2025-02-07 04:00,0.0
2025-02-07 04:15,0.0
2025-02-07 04:30,0.0
2025-02-07 04:45,0.0
2025-02-07 05:00,0.002844
2025-02-07 05:15,0.003025
2025-02-07 05:30,0.0
2025-02-07 05:45,0.0
2025-02-07 06:00,0.0
2025-02-07 06:15,0.0
2025-02-07 06:30,0.0
2025-02-07 06:45,0.0
2025-02-07 07:00,0.0
2025-02-07 07:15,0.0
2025-02-07 07:30,0.0
2025-02-07 07:45,0.0
2025-02-07 08:00,0.005687
2025-02-07 08:15,0.0
2025-02-07 08:30,0.042292
2025-02-07 08:45,0.0
2025-02-07 09:00,0.002239
2025-02-07 09:15,0.0
2025-02-07 09:30,0.0
2025-02-07 09:45,0.0
2025-02-07 10:00,0.0
2025-02-07 10:15,0.0
2025-02-07 10:30,0.0
2025-02-07 10:45,0.044107
2025-02-07 11:00,0.0
2025-02-07 11:15,0.005627
2025-02-07 11:30,0.001755
2025-02-07 11:45,0.0
2025-02-07 12:00,0.0
2025-02-07 12:15,0.003872
2025-02-07 12:30,0.002844
2025-02-07 12:45,0.413299
2025-02-07 13:00,0.084584
2025-02-07 13:15,0.210189
2025-02-07 13:30,0.0
2025-02-07 13:45,0.128812
2025-02-07 14:00,0.006292
2025-02-07 14:15,0.299734
2025-02-07 14:30,0.612234
2025-02-07 14:45,0.479973
2025-02-07 15:00,0.017758
2025-02-07 15:15,0.271751
2025-02-07 15:30,0.681147
2025-02-07 15:45,0.27762
2025-02-07 16:00,0.396721
2025-02-07 16:15,0.312651
2025-02-07 16:30,0.091965
2025-02-07 16:45,0.359632
2025-02-07 17:00,0.148022
2025-02-07 17:15,0.283882
2025-02-07 17:30,0.339364
2025-02-07 17:45,0.08779
2025-02-07 18:00,0.859481
2025-02-07 18:15,0.594869
2025-02-07 18:30,0.190344
2025-02-07 18:45,0.521811
2025-02-07 19:00,0.404737
2025-02-07 19:15,0.522749
2025-02-07 19:30,0.397295
2025-02-07 19:45,0.28966
2025-02-07 20:00,0.350466
2025-02-07 20:15,0.42304
2025-02-07 20:30,0.234572
2025-02-07 20:45,0.136949
2025-02-07 21:00,0.355639
2025-02-07 21:15,0.202535
2025-02-07 21:30,0.391729
2025-02-07 21:45,0.302456
2025-02-07 22:00,0.114593
2025-02-07 22:15,0.193913
2025-02-07 22:30,0.22598
2025-02-07 22:45,0.111024
2025-02-07 23:00,0.059777
2025-02-07 23:15,0.042292
2025-02-07 23:30,0.0
2025-02-07 23:45,0.023899
2025-02-08 00:00,0.002118
2025-02-08 00:15,0.206211
2025-02-08 00:30,0.005687
2025-02-08 00:45,0.0
2025-02-08 01:00,0.084584
2025-02-08 01:15,0.0
2025-02-08 01:30,0.0
2025-02-08 01:45,0.022447
2025-02-08 02:00,0.0
2025-02-08 02:15,0.004235
2025-02-08 02:30,0.0
2025-02-08 02:45,0.003509
2025-02-08 03:00,0.0
2025-02-08 03:15,0.0
2025-02-08 03:30,0.0
2025-02-08 03:45,0.0
2025-02-08 04:00,0.0
2025-02-08 04:15,0.0
2025-02-08 04:30,0.0
2025-02-08 04:45,0.0
2025-02-08 05:00,0.091844
2025-02-08 05:15,0.0
2025-02-08 05:30,0.002844
2025-02-08 05:45,0.0
2025-02-08 06:00,0.0
2025-02-08 06:15,0.0
2025-02-08 06:30,0.030433
2025-02-08 06:45,0.00602
2025-02-08 07:00,0.0
2025-02-08 07:15,0.07206
2025-02-08 07:30,0.047858
2025-02-08 07:45,0.0
2025-02-08 08:00,0.0
2025-02-08 08:15,0.002844
2025-02-08 08:30,0.0
2025-02-08 08:45,0.045922
2025-02-08 09:00,0.001936
2025-02-08 09:15,0.002844
2025-02-08 09:30,0.0
2025-02-08 09:45,0.0
2025-02-08 10:00,0.0
2025-02-08 10:15,0.0
2025-02-08 10:30,0.0
2025-02-08 10:45,0.0
2025-02-08 11:00,0.0
2025-02-08 11:15,0.0
2025-02-08 11:30,0.0
2025-02-08 11:45,0.0
2025-02-08 12:00,0.0
2025-02-08 12:15,0.0
2025-02-08 12:30,0.0
2025-02-08 12:45,0.005687
2025-02-08 13:00,0.0
2025-02-08 13:15,0.084584
2025-02-08 13:30,0.0
2025-02-08 13:45,0.0
2025-02-08 14:00,0.0
2025-02-08 14:15,0.0
2025-02-08 14:30,0.010437
2025-02-08 14:45,0.183688
2025-02-08 15:00,0.0
2025-02-08 15:15,0.0
2025-02-08 15:30,0.734753
2025-02-08 15:45,0.008047
2025-02-08 16:00,0.0
2025-02-08 16:15,0.0
2025-02-08 16:30,0.003509
2025-02-08 16:45,0.0
2025-02-08 17:00,0.004235
2025-02-08 17:15,0.024867
2025-02-08 17:30,0.045922
2025-02-08 17:45,0.0
2025-02-08 18:00,0.0
2025-02-08 18:15,0.0
2025-02-08 18:30,0.00605
2025-02-08 18:45,0.0
2025-02-08 19:00,0.004659
2025-02-08 19:15,0.0
2025-02-08 19:30,0.0
2025-02-08 19:45,0.0
2025-02-08 20:00,0.0
2025-02-08 20:15,0.0
2025-02-08 20:30,0.005808
2025-02-08 20:45,0.083979
2025-02-08 21:00,0.0
2025-02-08 21:15,0.230578
2025-02-08 21:30,0.088214
2025-02-08 21:45,0.0
2025-02-08 22:00,0.003872
2025-02-08 22:15,0.045922
2025-02-08 22:30,0.002934
2025-02-08 22:45,0.0
2025-02-08 23:00,0.0
2025-02-08 23:15,0.0
2025-02-08 23:30,0.0
2025-02-08 23:45,0.0
2025-02-09 00:00,0.0
2025-02-09 00:15,0.0
2025-02-09 00:30,0.0
2025-02-09 00:45,0.0
2025-02-09 01:00,0.005687
2025-02-09 01:15,0.002118
2025-02-09 01:30,0.0
2025-02-09 01:45,0.0
2025-02-09 02:00,0.0
2025-02-09 02:15,0.0
2025-02-09 02:30,0.0
2025-02-09 02:45,0.003872
2025-02-09 03:00,0.007744
2025-02-09 03:15,0.0
2025-02-09 03:30,0.015943
2025-02-09 03:45,0.004447
2025-02-09 04:00,0.245825
2025-02-09 04:15,0.019361
2025-02-09 04:30,0.0
2025-02-09 04:45,0.0
2025-02-09 05:00,0.002118
2025-02-09 05:15,0.0
2025-02-09 05:30,0.005687
2025-02-09 05:45,0.0
2025-02-09 06:00,0.0
2025-02-09 06:15,0.0
2025-02-09 06:30,0.0
2025-02-09 06:45,0.009923
2025-02-09 07:00,0.0
2025-02-09 07:15,0.0
2025-02-09 07:30,0.0
2025-02-09 07:45,0.0
2025-02-09 08:00,0.006474
2025-02-09 08:15,0.0
2025-02-09 08:30,0.0
2025-02-09 08:45,0.0
2025-02-09 09:00,0.0
2025-02-09 09:15,0.003872
2025-02-09 09:30,0.0
2025-02-09 09:45,0.0
2025-02-09 10:00,0.0
2025-02-09 10:15,0.0
2025-02-09 10:30,0.002844
2025-02-09 10:45,0.0
2025-02-09 11:00,0.0
2025-02-09 11:15,0.0
2025-02-09 11:30,0.003872
2025-02-09 11:45,0.0
2025-02-09 12:00,0.0
2025-02-09 12:15,0.0
2025-02-09 12:30,0.0
2025-02-09 12:45,0.0
2025-02-09 13:00,0.001936
2025-02-09 13:15,0.0
2025-02-09 13:30,0.00726
2025-02-09 13:45,0.0
2025-02-09 14:00,0.0
2025-02-09 14:15,0.002844
2025-02-09 14:30,0.0
2025-02-09 14:45,0.0
2025-02-09 15:00,0.001936
2025-02-09 15:15,0.005687
2025-02-09 15:30,0.44234
2025-02-09 15:45,0.0
2025-02-09 16:00,0.006716
2025-02-09 16:15,0.009227
2025-02-09 16:30,0.0
2025-02-09 16:45,0.00478
2025-02-09 17:00,0.001936
2025-02-09 17:15,0.0
2025-02-09 17:30,0.042292
2025-02-09 17:45,0.0
2025-02-09 18:00,0.0
2025-02-09 18:15,0.002844
2025-02-09 18:30,0.0
2025-02-09 18:45,0.0
2025-02-09 19:00,0.0
2025-02-09 19:15,0.0
2025-02-09 19:30,0.0
2025-02-09 19:45,0.0
2025-02-09 20:00,0.042292
2025-02-09 20:15,0.0
2025-02-09 20:30,0.042292
2025-02-09 20:45,0.001936
2025-02-09 21:00,0.0
2025-02-09 21:15,0.008531
2025-02-09 21:30,0.091844
2025-02-09 21:45,0.042292
2025-02-09 22:00,0.0
2025-02-09 22:15,0.0
2025-02-09 22:30,0.008531
2025-02-09 22:45,0.0
2025-02-09 23:00,0.005687
2025-02-09 23:15,0.0
2025-02-09 23:30,0.0
2025-02-09 23:45,0.0
2025-02-10 00:00,0.001755
2025-02-10 00:15,0.007381
2025-02-10 00:30,0.0
2025-02-10 00:45,0.0
2025-02-10 01:00,0.001936
2025-02-10 01:15,0.005627
2025-02-10 01:30,0.0
2025-02-10 01:45,0.0
2025-02-10 02:00,0.0
2025-02-10 02:15,0.0
2025-02-10 02:30,0.001936
2025-02-10 02:45,0.0
2025-02-10 03:00,0.0
2025-02-10 03:15,0.0
2025-02-10 03:30,0.004265
2025-02-10 03:45,0.0
2025-02-10 04:00,0.100557
2025-02-10 04:15,0.0
2025-02-10 04:30,0.0
2025-02-10 04:45,0.0
2025-02-10 05:00,0.004598
2025-02-10 05:15,0.0
2025-02-10 05:30,0.002844
2025-02-10 05:45,0.0
2025-02-10 06:00,0.0
2025-02-10 06:15,0.0
2025-02-10 06:30,0.087004
2025-02-10 06:45,0.0
2025-02-10 07:00,0.0
2025-02-10 07:15,0.003872
2025-02-10 07:30,0.0
2025-02-10 07:45,0.0
2025-02-10 08:00,0.003872
2025-02-10 08:15,0.0
2025-02-10 08:30,0.001936
2025-02-10 08:45,0.004054
2025-02-10 09:00,0.0
2025-02-10 09:15,0.012827
2025-02-10 09:30,0.005687
2025-02-10 09:45,0.0
2025-02-10 10:00,0.005687
2025-02-10 10:15,0.0
2025-02-10 10:30,0.0
2025-02-10 10:45,0.0
2025-02-10 11:00,0.0
2025-02-10 11:15,0.0
2025-02-10 11:30,0.0
2025-02-10 11:45,0.045922
2025-02-10 12:00,0.003509
2025-02-10 12:15,0.0
2025-02-10 12:30,0.002118
2025-02-10 12:45,0.0
2025-02-10 13:00,0.18151
2025-02-10 13:15,0.134953
2025-02-10 13:30,0.312682
2025-02-10 13:45,0.248094
2025-02-10 14:00,0.433386
2025-02-10 14:15,0.385134
2025-02-10 14:30,0.133864
2025-02-10 14:45,0.200206
2025-02-10 15:00,0.188529
2025-02-10 15:15,0.593357
2025-02-10 15:30,0.485025
2025-02-10 15:45,0.3449
2025-02-10 16:00,0.279707
2025-02-10 16:15,0.406704
2025-02-10 16:30,0.508047
2025-02-10 16:45,0.30046
2025-02-10 17:00,0.3269
2025-02-10 17:15,0.490017
2025-02-10 17:30,0.290507
2025-02-10 17:45,0.365501
2025-02-10 18:00,0.283458
2025-02-10 18:15,0.39548
2025-02-10 18:30,0.672132
2025-02-10 18:45,0.417292
2025-02-10 19:00,0.653618
2025-02-10 19:15,0.265368
2025-02-10 19:30,0.237627
2025-02-10 19:45,0.226797
2025-02-10 20:00,0.407218
2025-02-10 20:15,0.428878
2025-02-10 20:30,0.180179
2025-02-10 20:45,0.60697
2025-02-10 21:00,0.185261
2025-02-10 21:15,0.235842
2025-02-10 21:30,0.210703
2025-02-10 21:45,0.136738
2025-02-10 22:00,0.009076
2025-02-10 22:15,0.045226
2025-02-10 22:30,0.0
2025-02-10 22:45,0.001936
2025-02-10 23:00,0.0
2025-02-10 23:15,0.009076
2025-02-10 23:30,0.0
2025-02-10 23:45,0.043502
2025-02-11 00:00,0.007533
2025-02-11 00:15,0.009439
2025-02-11 00:30,0.019633
2025-02-11 00:45,0.036544
2025-02-11 01:00,0.056601
2025-02-11 01:15,0.0
2025-02-11 01:30,0.0
2025-02-11 01:45,0.0
2025-02-11 02:00,0.0
2025-02-11 02:15,0.008349
2025-02-11 02:30,0.046225
2025-02-11 02:45,0.090362
2025-02-11 03:00,0.004961
2025-02-11 03:15,0.044228
2025-02-11 03:30,0.0
2025-02-11 03:45,0.0
2025-02-11 04:00,0.0
2025-02-11 04:15,0.006716
2025-02-11 04:30,0.003872
2025-02-11 04:45,0.0
2025-02-11 05:00,0.0
2025-02-11 05:15,0.0
2025-02-11 05:30,0.0
2025-02-11 05:45,0.0
2025-02-11 06:00,0.0
2025-02-11 06:15,0.0
2025-02-11 06:30,0.0
2025-02-11 06:45,0.0
2025-02-11 07:00,0.0
2025-02-11 07:15,0.0
2025-02-11 07:30,0.0
2025-02-11 07:45,0.0
2025-02-11 08:00,0.006988
2025-02-11 08:15,0.0
2025-02-11 08:30,0.0
2025-02-11 08:45,0.0
2025-02-11 09:00,0.0
2025-02-11 09:15,0.0
2025-02-11 09:30,0.021116
2025-02-11 09:45,0.0
2025-02-11 10:00,0.0
2025-02-11 10:15,0.002844
2025-02-11 10:30,0.0
2025-02-11 10:45,0.03606
2025-02-11 11:00,0.0
2025-02-11 11:15,0.007593
2025-02-11 11:30,0.0
2025-02-11 11:45,0.0
2025-02-11 12:00,0.001936
2025-02-11 12:15,0.0
2025-02-11 12:30,0.0
2025-02-11 12:45,0.084584
2025-02-11 13:00,0.100375
2025-02-11 13:15,0.012827
2025-02-11 13:30,0.087427
2025-02-11 13:45,0.049794
2025-02-11 14:00,0.494766
2025-02-11 14:15,0.383622
2025-02-11 14:30,0.361326
2025-02-11 14:45,0.597864
2025-02-11 15:00,0.262312
2025-02-11 15:15,0.296799
2025-02-11 15:30,0.881867
2025-02-11 15:45,0.277529
2025-02-11 16:00,0.404465
2025-02-11 16:15,0.326991
2025-02-11 16:30,0.486114
2025-02-11 16:45,0.280947
2025-02-11 17:00,0.244101
2025-02-11 17:15,0.492498
2025-02-11 17:30,0.447423
2025-02-11 17:45,0.332315
2025-02-11 18:00,0.168532
2025-02-11 18:15,0.282672
2025-02-11 18:30,0.478703
2025-02-11 18:45,0.218871
2025-02-11 19:00,0.500424
2025-02-11 19:15,0.319458
2025-02-11 19:30,0.240047
2025-02-11 19:45,0.180754
2025-02-11 20:00,0.193762
2025-02-11 20:15,0.561865
2025-02-11 20:30,0.328957
2025-02-11 20:45,0.235691
2025-02-11 21:00,0.433023
2025-02-11 21:15,0.321333
2025-02-11 21:30,0.18266
2025-02-11 21:45,0.084584
2025-02-11 22:00,0.21515
2025-02-11 22:15,0.012615
2025-02-11 22:30,0.085552
2025-02-11 22:45,0.024353
2025-02-11 23:00,0.099256
2025-02-11 23:15,0.0
2025-02-11 23:30,0.042292
2025-02-11 23:45,0.174855
2025-02-12 00:00,0.157944
2025-02-12 00:00,0.049451
2025-02-12 00:15,0.0
2025-02-12 00:30,0.017892
2025-02-12 00:45,0.00089
2025-02-12 01:00,0.0
2025-02-12 01:15,0.001212
2025-02-12 01:30,0.014378
2025-02-12 01:45,0.0
2025-02-12 02:00,0.0
2025-02-12 02:15,0.013241
2025-02-12 02:30,0.0
2025-02-12 02:45,0.0
2025-02-12 03:00,0.0
2025-02-12 03:15,0.0
2025-02-12 03:30,0.0
2025-02-12 03:45,0.001781
2025-02-12 04:00,0.015704
2025-02-12 04:15,0.028755
2025-02-12 04:30,0.0
2025-02-12 04:45,0.001156
2025-02-12 05:00,0.000606
2025-02-12 05:15,0.001591
2025-02-12 05:30,0.001819
2025-02-12 05:45,0.000606
2025-02-12 06:00,0.0
2025-02-12 06:15,0.003154
2025-02-12 06:30,0.0
2025-02-12 06:45,0.0
2025-02-12 07:00,0.0
2025-02-12 07:15,0.00089
2025-02-12 07:30,0.0
2025-02-12 07:45,0.0
2025-02-12 08:00,0.011101
2025-02-12 08:15,0.001781
2025-02-12 08:30,0.0
2025-02-12 08:45,0.0
2025-02-12 09:00,0.003826
2025-02-12 09:15,0.0
2025-02-12 09:30,0.0
2025-02-12 09:45,0.0
2025-02-12 10:00,0.0
2025-02-12 10:15,0.000606
2025-02-12 10:30,0.0
2025-02-12 10:45,0.0
2025-02-12 11:00,0.0
2025-02-12 11:15,0.001099
2025-02-12 11:30,0.0
2025-02-12 11:45,0.0
2025-02-12 12:00,0.0
2025-02-12 12:15,0.0
2025-02-12 12:30,0.003684
2025-02-12 12:45,0.0
2025-02-12 13:00,0.263933
2025-02-12 13:15,1.0
2025-02-12 13:30,0.598153
2025-02-12 13:45,0.094829
2025-02-12 14:00,0.026246
2025-02-12 14:15,0.193285
2025-02-12 14:30,0.173878
2025-02-12 14:45,0.132904
2025-02-12 15:00,0.128969
2025-02-12 15:15,0.072267
2025-02-12 15:30,0.137024
2025-02-12 15:45,0.238236
2025-02-12 16:00,0.094346
2025-02-12 16:15,0.074256
2025-02-12 16:30,0.130328
2025-02-12 16:45,0.073186
2025-02-12 17:00,0.13334
2025-02-12 17:15,0.101099
2025-02-12 17:30,0.276946
2025-02-12 17:45,0.065618
2025-02-12 18:00,0.073593
2025-02-12 18:15,0.41792
2025-02-12 18:30,0.120089
2025-02-12 18:45,0.136664
2025-02-12 19:00,0.08746
2025-02-12 19:15,0.216471
2025-02-12 19:30,0.167124
2025-02-12 19:45,0.120373
2025-02-12 20:00,0.077969
2025-02-12 20:15,0.016395
2025-02-12 20:30,0.037431
2025-02-12 20:45,0.135547
2025-02-12 21:00,0.075251
2025-02-12 21:15,0.1018
2025-02-12 21:30,0.055351
2025-02-12 21:45,0.005825
2025-02-12 22:00,0.011205
2025-02-12 22:15,0.003391
2025-02-12 22:30,0.046803
2025-02-12 22:45,0.056374
2025-02-12 23:00,0.000966
2025-02-12 23:15,0.108562
2025-02-12 23:30,0.000663
2025-02-12 23:45,0.063431
2025-02-13 00:00,0.006914
2025-02-13 00:15,0.038104
2025-02-13 00:30,0.0
2025-02-13 00:45,0.0
2025-02-13 01:00,0.0
2025-02-13 01:15,0.0
2025-02-13 01:30,0.0
2025-02-13 01:45,0.055389
2025-02-13 02:00,0.0
2025-02-13 02:15,0.0
2025-02-13 02:30,0.0
2025-02-13 02:45,0.002993
2025-02-13 03:00,0.00089
2025-02-13 03:15,0.0
2025-02-13 03:30,0.0
2025-02-13 03:45,0.0
2025-02-13 04:00,0.0
2025-02-13 04:15,0.0
2025-02-13 04:30,0.029059
2025-02-13 04:45,0.000303
2025-02-13 05:00,0.029059
2025-02-13 05:15,0.000606
2025-02-13 05:30,0.028755
2025-02-13 05:45,0.000303
2025-02-13 06:00,0.000852
2025-02-13 06:15,0.014378
2025-02-13 06:30,0.0
2025-02-13 06:45,0.006043
2025-02-13 07:00,0.0
2025-02-13 07:15,0.011801
2025-02-13 07:30,0.014378
2025-02-13 07:45,0.0
2025-02-13 08:00,0.00089
2025-02-13 08:15,0.000909
2025-02-13 08:30,0.0
2025-02-13 08:45,0.0
2025-02-13 09:00,0.0
2025-02-13 09:15,0.0
2025-02-13 09:30,0.0
2025-02-13 09:45,0.001032
2025-02-13 10:00,0.001781
2025-02-13 10:15,0.0
2025-02-13 10:30,0.0
2025-02-13 10:45,0.0
2025-02-13 11:00,0.0
2025-02-13 11:15,0.0
2025-02-13 11:30,0.0
2025-02-13 11:45,0.0
2025-02-13 12:00,0.0
2025-02-13 12:15,0.001099
2025-02-13 12:30,0.001459
2025-02-13 12:45,0.013241
2025-02-13 13:00,0.045454
2025-02-13 13:15,0.017674
2025-02-13 13:30,0.070184
2025-02-13 13:45,0.058666
2025-02-13 14:00,0.0206
2025-02-13 14:15,0.100805
2025-02-13 14:30,0.01936
2025-02-13 14:45,0.056469
2025-02-13 15:00,0.042385
2025-02-13 15:15,0.029437
2025-02-13 15:30,0.227088
2025-02-13 15:45,0.076511
2025-02-13 16:00,0.068062
2025-02-13 16:15,0.08818
2025-02-13 16:30,0.043493
2025-02-13 16:45,0.043891
2025-02-13 17:00,0.04033
2025-02-13 17:15,0.12115
2025-02-13 17:30,0.081123
2025-02-13 17:45,0.10843
2025-02-13 18:00,0.321955
2025-02-13 18:15,0.043758
2025-02-13 18:30,0.08405
2025-02-13 18:45,0.044525
2025-02-13 19:00,0.050369
2025-02-13 19:15,0.088937
2025-02-13 19:30,0.066414
2025-02-13 19:45,0.011517
2025-02-13 20:00,0.048485
2025-02-13 20:15,0.142603
2025-02-13 20:30,0.109216
2025-02-13 20:45,0.032298
2025-02-13 21:00,0.061082
2025-02-13 21:15,0.095842
2025-02-13 21:30,0.141438
2025-02-13 21:45,0.049526
2025-02-13 22:00,0.022097
2025-02-13 22:15,0.008799
2025-02-13 22:30,0.055654
2025-02-13 22:45,0.0
2025-02-13 23:00,0.0
2025-02-13 23:15,0.0
2025-02-13 23:30,0.014131
2025-02-13 23:45,0.000881
2025-02-14 00:00,0.006516
2025-02-14 00:15,0.0
2025-02-14 00:30,0.0
2025-02-14 00:45,0.0
2025-02-14 01:00,0.0
2025-02-14 01:15,0.027088
2025-02-14 01:30,0.0
2025-02-14 01:45,0.0
2025-02-14 02:00,0.0
2025-02-14 02:15,0.0
2025-02-14 02:30,0.0
2025-02-14 02:45,0.00448
2025-02-14 03:00,0.0
2025-02-14 03:15,0.0
2025-02-14 03:30,0.0
2025-02-14 03:45,0.0
2025-02-14 04:00,0.014378
2025-02-14 04:15,0.0
2025-02-14 04:30,0.0
2025-02-14 04:45,0.057511
2025-02-14 05:00,0.028755
2025-02-14 05:15,0.0
2025-02-14 05:30,0.0
2025-02-14 05:45,0.014378
2025-02-14 06:00,0.057511
2025-02-14 06:15,0.0
2025-02-14 06:30,0.0
2025-02-14 06:45,0.0
2025-02-14 07:00,0.0
2025-02-14 07:15,0.0
2025-02-14 07:30,0.0
2025-02-14 07:45,0.0
2025-02-14 08:00,0.0
2025-02-14 08:15,0.0
2025-02-14 08:30,0.0
2025-02-14 08:45,0.0
2025-02-14 09:00,0.00089
2025-02-14 09:15,0.0
2025-02-14 09:30,0.0
2025-02-14 09:45,0.0
2025-02-14 10:00,0.013241
2025-02-14 10:15,0.000549
2025-02-14 10:30,0.0
2025-02-14 10:45,0.0
2025-02-14 11:00,0.0
2025-02-14 11:15,0.01451
2025-02-14 11:30,0.00089
2025-02-14 11:45,0.0
2025-02-14 12:00,0.000843
2025-02-14 12:15,0.0
2025-02-14 12:30,0.0
2025-02-14 12:45,0.001099
2025-02-14 13:00,0.001496
2025-02-14 13:15,0.049119
2025-02-14 13:30,0.00985
2025-02-14 13:45,0.015543
2025-02-14 14:00,0.031673
2025-02-14 14:15,0.030801
2025-02-14 14:30,0.139193
2025-02-14 14:45,0.126946
2025-02-14 15:00,0.101032
2025-02-14 15:15,0.081029
2025-02-14 15:30,0.171661
2025-02-14 15:45,0.085442
2025-02-14 16:00,0.130403
2025-02-14 16:15,0.190386
2025-02-14 16:30,0.143569
2025-02-14 16:45,0.070269
2025-02-14 17:00,0.12867
2025-02-14 17:15,0.030726
2025-02-14 17:30,0.056384
2025-02-14 17:45,0.155977
2025-02-14 18:00,0.028774
2025-02-14 18:15,0.083965
2025-02-14 18:30,0.13673
2025-02-14 18:45,0.08387
2025-02-14 19:00,0.093862
2025-02-14 19:15,0.140974
2025-02-14 19:30,0.164435
2025-02-14 19:45,0.151279
2025-02-14 20:00,0.114652
2025-02-14 20:15,0.093057
2025-02-14 20:30,0.235689
2025-02-14 20:45,0.067475
2025-02-14 21:00,0.031881
2025-02-14 21:15,0.01434
2025-02-14 21:30,0.030176
2025-02-14 21:45,0.015893
2025-02-14 22:00,0.027638
2025-02-14 22:15,0.358136
2025-02-14 22:30,0.014453
2025-02-14 22:45,0.043133
2025-02-14 23:00,0.027619
2025-02-14 23:15,0.00089
2025-02-14 23:30,0.0
2025-02-14 23:45,0.00089
2025-02-15 00:00,0.014378
2025-02-15 00:15,0.015628
2025-02-15 00:30,0.013241
2025-02-15 00:45,0.000663
2025-02-15 01:00,0.027808
2025-02-15 01:15,0.0
2025-02-15 01:30,0.0
2025-02-15 01:45,0.0
2025-02-15 02:00,0.001781
2025-02-15 02:15,0.0
2025-02-15 02:30,0.0
2025-02-15 02:45,0.0
2025-02-15 03:00,0.0
2025-02-15 03:15,0.0
2025-02-15 03:30,0.028755
2025-02-15 03:45,0.0
2025-02-15 04:00,0.000663
2025-02-15 04:15,0.0
2025-02-15 04:30,0.014378
2025-02-15 04:45,0.0
2025-02-15 05:00,0.0
2025-02-15 05:15,0.0
2025-02-15 05:30,0.043133
2025-02-15 05:45,0.0
2025-02-15 06:00,0.0
2025-02-15 06:15,0.0
2025-02-15 06:30,0.002491
2025-02-15 06:45,0.0
2025-02-15 07:00,0.0
2025-02-15 07:15,0.0
2025-02-15 07:30,0.0
2025-02-15 07:45,0.0
2025-02-15 08:00,0.0
2025-02-15 08:15,0.00089
2025-02-15 08:30,0.0
2025-02-15 08:45,0.0
2025-02-15 09:00,0.001781
2025-02-15 09:15,0.0
2025-02-15 09:30,0.002339
2025-02-15 09:45,0.0
2025-02-15 10:00,0.0
2025-02-15 10:15,0.001326
2025-02-15 10:30,0.0
2025-02-15 10:45,0.0
2025-02-15 11:00,0.0
2025-02-15 11:15,0.0
2025-02-15 11:30,0.0
2025-02-15 11:45,0.0
2025-02-15 12:00,0.001781
2025-02-15 12:15,0.026482
2025-02-15 12:30,0.003637
2025-02-15 12:45,0.0
2025-02-15 13:00,0.001203
2025-02-15 13:15,0.0
2025-02-15 13:30,0.0
2025-02-15 13:45,0.001781
2025-02-15 14:00,0.025535
2025-02-15 14:15,0.002036
2025-02-15 14:30,0.040481
2025-02-15 14:45,0.0
2025-02-15 15:00,0.000663
2025-02-15 15:15,0.001326
2025-02-15 15:30,0.031048
2025-02-15 15:45,0.017068
2025-02-15 16:00,0.0
2025-02-15 16:15,0.002652
2025-02-15 16:30,0.006763
2025-02-15 16:45,0.001837
2025-02-15 17:00,0.0
2025-02-15 17:15,0.0
2025-02-15 17:30,0.000663
2025-02-15 17:45,0.026482
2025-02-15 18:00,0.0
2025-02-15 18:15,0.026766
2025-02-15 18:30,0.0
2025-02-15 18:45,0.0
2025-02-15 19:00,0.058174
2025-02-15 19:15,0.00233
2025-02-15 19:30,0.0
2025-02-15 19:45,0.027373
2025-02-15 20:00,0.0
2025-02-15 20:15,0.0
2025-02-15 20:30,0.0
2025-02-15 20:45,0.0
2025-02-15 21:00,0.013241
2025-02-15 21:15,0.001932
2025-02-15 21:30,0.0
2025-02-15 21:45,0.0
2025-02-15 22:00,0.0
2025-02-15 22:15,0.0
2025-02-15 22:30,0.029418
2025-02-15 22:45,0.0
2025-02-15 23:00,0.0
2025-02-15 23:15,0.0
2025-02-15 23:30,0.0
2025-02-15 23:45,0.002652
2025-02-16 00:00,0.0
2025-02-16 00:15,0.000909
2025-02-16 00:30,0.0
2025-02-16 00:45,0.027818
2025-02-16 01:00,0.00359
2025-02-16 01:15,0.0
2025-02-16 01:30,0.000606
2025-02-16 01:45,0.0
2025-02-16 02:00,0.0
2025-02-16 02:15,0.014245
2025-02-16 02:30,0.0
2025-02-16 02:45,0.040386
2025-02-16 03:00,0.004205
2025-02-16 03:15,0.011006
2025-02-16 03:30,0.006213
2025-02-16 03:45,0.0
2025-02-16 04:00,0.018877
2025-02-16 04:15,0.004688
2025-02-16 04:30,0.022125
2025-02-16 04:45,0.000663
2025-02-16 05:00,0.000663
2025-02-16 05:15,0.0
2025-02-16 05:30,0.000663
2025-02-16 05:45,0.0
2025-02-16 06:00,0.001989
2025-02-16 06:15,0.0
2025-02-16 06:30,0.00089
2025-02-16 06:45,0.013241
2025-02-16 07:00,0.0
2025-02-16 07:15,0.014378
2025-02-16 07:30,0.0
2025-02-16 07:45,0.00089
2025-02-16 08:00,0.000663
2025-02-16 08:15,0.000663
2025-02-16 08:30,0.0
2025-02-16 08:45,0.014567
2025-02-16 09:00,0.008221
2025-02-16 09:15,0.0
2025-02-16 09:30,0.0
2025-02-16 09:45,0.0
2025-02-16 10:00,0.0
2025-02-16 10:15,0.001099
2025-02-16 10:30,0.0
2025-02-16 10:45,0.000663
2025-02-16 11:00,0.010703
2025-02-16 11:15,0.013241
2025-02-16 11:30,0.0
2025-02-16 11:45,0.014567
2025-02-16 12:00,0.001146
2025-02-16 12:15,0.0
2025-02-16 12:30,0.0
2025-02-16 12:45,0.004376
2025-02-16 13:00,0.000663
2025-02-16 13:15,0.005815
2025-02-16 13:30,0.0
2025-02-16 13:45,0.0
2025-02-16 14:00,0.000549
2025-02-16 14:15,0.0
2025-02-16 14:30,0.0
2025-02-16 14:45,0.007227
2025-02-16 15:00,0.0
2025-02-16 15:15,0.002974
2025-02-16 15:30,0.049176
2025-02-16 15:45,0.036882
2025-02-16 16:00,0.0
2025-02-16 16:15,0.000663
2025-02-16 16:30,0.0
2025-02-16 16:45,0.0
2025-02-16 17:00,0.014378
2025-02-16 17:15,0.0
2025-02-16 17:30,0.0
2025-02-16 17:45,0.000606
2025-02-16 18:00,0.0
2025-02-16 18:15,0.003637
2025-02-16 18:30,0.001326
2025-02-16 18:45,0.0
2025-02-16 19:00,0.0
2025-02-16 19:15,0.003107
2025-02-16 19:30,0.000739
2025-02-16 19:45,0.0
2025-02-16 20:00,0.001326
2025-02-16 20:15,0.0
2025-02-16 20:30,0.0
2025-02-16 20:45,0.0
2025-02-16 21:00,0.001553
2025-02-16 21:15,0.0
2025-02-16 21:30,0.001847
2025-02-16 21:45,0.007123
2025-02-16 22:00,0.0
2025-02-16 22:15,0.000663
2025-02-16 22:30,0.0
2025-02-16 22:45,0.001894
2025-02-16 23:00,0.0
2025-02-16 23:15,0.0
2025-02-16 23:30,0.012161
2025-02-16 23:45,0.0
2025-02-17 00:00,0.014378
2025-02-17 00:15,0.000739
2025-02-17 00:30,0.0
2025-02-17 00:45,0.00089
2025-02-17 01:00,0.0
2025-02-17 01:15,0.0
2025-02-17 01:30,0.000909
2025-02-17 01:45,0.0
2025-02-17 02:00,0.0
2025-02-17 02:15,0.0
2025-02-17 02:30,0.053921
2025-02-17 02:45,0.005318
2025-02-17 03:00,0.0
2025-02-17 03:15,0.0
2025-02-17 03:30,0.0
2025-02-17 03:45,0.014378
2025-02-17 04:00,0.028755
2025-02-17 04:15,0.000663
2025-02-17 04:30,0.001553
2025-02-17 04:45,0.014709
2025-02-17 05:00,0.0
2025-02-17 05:15,0.0
2025-02-17 05:30,0.001326
2025-02-17 05:45,0.021936
2025-02-17 06:00,0.0
2025-02-17 06:15,0.000663
2025-02-17 06:30,0.0
2025-02-17 06:45,0.001326
2025-02-17 07:00,0.0
2025-02-17 07:15,0.000663
2025-02-17 07:30,0.0
2025-02-17 07:45,0.0
2025-02-17 08:00,0.0
2025-02-17 08:15,0.0
2025-02-17 08:30,0.0
2025-02-17 08:45,0.000663
2025-02-17 09:00,0.000663
2025-02-17 09:15,0.0
2025-02-17 09:30,0.00089
2025-02-17 09:45,0.0
2025-02-17 10:00,0.01379
2025-02-17 10:15,0.003921
2025-02-17 10:30,0.0
2025-02-17 10:45,0.0
2025-02-17 11:00,0.028755
2025-02-17 11:15,0.0
2025-02-17 11:30,0.0
2025-02-17 11:45,0.011157
2025-02-17 12:00,0.0
2025-02-17 12:15,0.001326
2025-02-17 12:30,0.0
2025-02-17 12:45,0.001478
2025-02-17 13:00,0.027145
2025-02-17 13:15,0.000663
2025-02-17 13:30,0.0
2025-02-17 13:45,0.0
2025-02-17 14:00,0.029712
2025-02-17 14:15,0.0
2025-02-17 14:30,0.0
2025-02-17 14:45,0.000549
2025-02-17 15:00,0.0
2025-02-17 15:15,0.0
2025-02-17 15:30,0.014378
2025-02-17 15:45,0.0163
2025-02-17 16:00,0.000947
2025-02-17 16:15,0.0
2025-02-17 16:30,0.0025
2025-02-17 16:45,0.0
2025-02-17 17:00,0.009453
2025-02-17 17:15,0.002425
2025-02-17 17:30,0.006213
2025-02-17 17:45,0.002652
2025-02-17 18:00,0.0
2025-02-17 18:15,0.008505
2025-02-17 18:30,0.0
2025-02-17 18:45,0.0
2025-02-17 19:00,0.000606
2025-02-17 19:15,0.010409
2025-02-17 19:30,0.002974
2025-02-17 19:45,0.028073
2025-02-17 20:00,0.000663
2025-02-17 20:15,0.0
2025-02-17 20:30,0.0
2025-02-17 20:45,0.0
2025-02-17 21:00,0.013809
2025-02-17 21:15,0.029428
2025-02-17 21:30,0.001478
2025-02-17 21:45,0.0
2025-02-17 22:00,0.001809
2025-02-17 22:15,0.0
2025-02-17 22:30,0.0
2025-02-17 22:45,0.000663
2025-02-17 23:00,0.000947
2025-02-17 23:15,0.041997
2025-02-17 23:30,0.005342
2025-02-17 23:45,0.0
2025-02-18 00:00,0.014472
2025-02-18 00:15,0.0
2025-02-18 00:30,0.003637
2025-02-18 00:45,0.027088
2025-02-18 01:00,0.044421
2025-02-18 01:15,0.025289
2025-02-18 01:30,0.014378
2025-02-18 01:45,0.001648
2025-02-18 02:00,0.000739
2025-02-18 02:15,0.0
2025-02-18 02:30,0.001781
2025-02-18 02:45,0.028755
2025-02-18 03:00,0.002974
2025-02-18 03:15,0.002633
2025-02-18 03:30,0.015704
2025-02-18 03:45,0.0
2025-02-18 04:00,0.015448
2025-02-18 04:15,0.0
2025-02-18 04:30,0.0
2025-02-18 04:45,0.0
2025-02-18 05:00,0.0
2025-02-18 05:15,0.00089
2025-02-18 05:30,0.0
2025-02-18 05:45,0.015931
2025-02-18 06:00,0.0
2025-02-18 06:15,0.0
2025-02-18 06:30,0.003561
2025-02-18 06:45,0.0
2025-02-18 07:00,0.00448
2025-02-18 07:15,0.000663
2025-02-18 07:30,0.0
2025-02-18 07:45,0.0
2025-02-18 08:00,0.0
2025-02-18 08:15,0.002036
2025-02-18 08:30,0.00089
2025-02-18 08:45,0.00089
2025-02-18 09:00,0.001762
2025-02-18 09:15,0.0
2025-02-18 09:30,0.004385
2025-02-18 09:45,0.0
2025-02-18 10:00,0.0
2025-02-18 10:15,0.0
2025-02-18 10:30,0.0
2025-02-18 10:45,0.01524
2025-02-18 11:00,0.0
2025-02-18 11:15,0.0
2025-02-18 11:30,0.000549
2025-02-18 11:45,0.0
2025-02-18 12:00,0.0
2025-02-18 12:15,0.0
2025-02-18 12:30,0.004423
2025-02-18 12:45,0.000606
2025-02-18 13:00,0.0
2025-02-18 13:15,0.029968
2025-02-18 13:30,0.062408
2025-02-18 13:45,0.001932
2025-02-18 14:00,0.087881
2025-02-18 14:15,0.04247
2025-02-18 14:30,0.124058
2025-02-18 14:45,0.083823
2025-02-18 15:00,0.071349
2025-02-18 15:15,0.067551
2025-02-18 15:30,0.106346
2025-02-18 15:45,0.088378
2025-02-18 16:00,0.09839
2025-02-18 16:15,0.082241
2025-02-18 16:30,0.069312
2025-02-18 16:45,0.18181
2025-02-18 17:00,0.056109
2025-02-18 17:15,0.190718
2025-02-18 17:30,0.114723
2025-02-18 17:45,0.058231
2025-02-18 18:00,0.195605
2025-02-18 18:15,0.242584
2025-02-18 18:30,0.123091
2025-02-18 18:45,0.091769
2025-02-18 19:00,0.147301
2025-02-18 19:15,0.00286
2025-02-18 19:30,0.114572
2025-02-18 19:45,0.052699
2025-02-18 20:00,0.135954
2025-02-18 20:15,0.114785
2025-02-18 20:30,0.141087
2025-02-18 20:45,0.06595
2025-02-18 21:00,0.047433
2025-02-18 21:15,0.107501
2025-02-18 21:30,0.04372
2025-02-18 21:45,0.174616
2025-02-18 22:00,0.132468
2025-02-18 22:15,0.0
2025-02-18 22:30,0.019454
2025-02-18 22:45,0.054177
2025-02-18 23:00,0.049176
2025-02-18 23:15,0.0
2025-02-18 23:30,0.001326
2025-02-18 23:45,0.000303
2025-02-19 00:00,0.013241
2025-02-19 00:00,0.029427
2025-02-19 00:15,0.002442
2025-02-19 00:30,0.0
2025-02-19 00:45,0.001473
2025-02-19 01:00,0.029427
2025-02-19 01:15,0.003957
2025-02-19 01:30,0.009893
2025-02-19 01:45,0.0
2025-02-19 02:00,0.005936
2025-02-19 02:15,0.065252
2025-02-19 02:30,0.010419
2025-02-19 02:45,0.0
2025-02-19 03:00,0.002821
2025-02-19 03:15,0.052454
2025-02-19 03:30,0.002947
2025-02-19 03:45,0.002947
2025-02-19 04:00,0.001979
2025-02-19 04:15,0.0
2025-02-19 04:30,0.003747
2025-02-19 04:45,0.0
2025-02-19 05:00,0.0
2025-02-19 05:15,0.0
2025-02-19 05:30,0.004084
2025-02-19 05:45,0.063905
2025-02-19 06:00,0.001473
2025-02-19 06:15,0.001979
2025-02-19 06:30,0.0
2025-02-19 06:45,0.001473
2025-02-19 07:00,0.063905
2025-02-19 07:15,0.0
2025-02-19 07:30,0.0
2025-02-19 07:45,0.001473
2025-02-19 08:00,0.002947
2025-02-19 08:15,0.0
2025-02-19 08:30,0.0
2025-02-19 08:45,0.001473
2025-02-19 09:00,0.001979
2025-02-19 09:15,0.0
2025-02-19 09:30,0.001979
2025-02-19 09:45,0.002947
2025-02-19 10:00,0.0
2025-02-19 10:15,0.0
2025-02-19 10:30,0.0
2025-02-19 10:45,0.0
2025-02-19 11:00,0.063905
2025-02-19 11:15,0.004168
2025-02-19 11:30,0.037888
2025-02-19 11:45,0.0
2025-02-19 12:00,0.031953
2025-02-19 12:15,0.0
2025-02-19 12:30,0.029427
2025-02-19 12:45,0.004041
2025-02-19 13:00,0.062895
2025-02-19 13:15,0.023133
2025-02-19 13:30,0.307569
2025-02-19 13:45,0.09571
2025-02-19 14:00,0.077797
2025-02-19 14:15,0.281258
2025-02-19 14:30,0.302686
2025-02-19 14:45,0.13101
2025-02-19 15:00,0.584533
2025-02-19 15:15,0.260798
2025-02-19 15:30,0.273743
2025-02-19 15:45,0.309864
2025-02-19 16:00,0.285047
2025-02-19 16:15,0.418456
2025-02-19 16:30,0.41433
2025-02-19 16:45,0.241707
2025-02-19 17:00,0.39728
2025-02-19 17:15,0.252357
2025-02-19 17:30,0.327861
2025-02-19 17:45,0.249663
2025-02-19 18:00,0.212133
2025-02-19 18:15,0.358687
2025-02-19 18:30,0.370801
2025-02-19 18:45,0.518018
2025-02-19 19:00,0.37459
2025-02-19 19:15,0.244464
2025-02-19 19:30,0.271891
2025-02-19 19:45,0.247085
2025-02-19 20:00,0.270544
2025-02-19 20:15,0.261724
2025-02-19 20:30,0.252673
2025-02-19 20:45,0.376273
2025-02-19 21:00,0.083018
2025-02-19 21:15,0.045824
2025-02-19 21:30,0.2167
2025-02-19 21:45,0.163699
2025-02-19 22:00,0.017302
2025-02-19 22:15,0.114297
2025-02-19 22:30,0.094552
2025-02-19 22:45,0.032395
2025-02-19 23:00,0.031363
2025-02-19 23:15,0.032079
2025-02-19 23:30,0.002947
2025-02-19 23:45,0.0
2025-02-20 00:00,0.0
2025-02-20 00:15,0.0
2025-02-20 00:30,0.006273
2025-02-20 00:45,0.059611
2025-02-20 01:00,0.0
2025-02-20 01:15,0.0
2025-02-20 01:30,0.0
2025-02-20 01:45,0.060537
2025-02-20 02:00,0.0
2025-02-20 02:15,0.0
2025-02-20 02:30,0.029427
2025-02-20 02:45,0.0
2025-02-20 03:00,0.002947
2025-02-20 03:15,0.0
2025-02-20 03:30,0.0
2025-02-20 03:45,0.0
2025-02-20 04:00,0.03069
2025-02-20 04:15,0.0309
2025-02-20 04:30,0.0
2025-02-20 04:45,0.0
2025-02-20 05:00,0.043361
2025-02-20 05:15,0.0
2025-02-20 05:30,0.0
2025-02-20 05:45,0.015155
2025-02-20 06:00,0.023133
2025-02-20 06:15,0.0
2025-02-20 06:30,0.001347
2025-02-20 06:45,0.009746
2025-02-20 07:00,0.0
2025-02-20 07:15,0.006609
2025-02-20 07:30,0.0
2025-02-20 07:45,0.002442
2025-02-20 08:00,0.005346
2025-02-20 08:15,0.0
2025-02-20 08:30,0.0
2025-02-20 08:45,0.0
2025-02-20 09:00,0.0
2025-02-20 09:15,0.058853
2025-02-20 09:30,0.0
2025-02-20 09:45,0.0
2025-02-20 10:00,0.0
2025-02-20 10:15,0.0
2025-02-20 10:30,0.0
2025-02-20 10:45,0.001473
2025-02-20 11:00,0.0
2025-02-20 11:15,0.002947
2025-02-20 11:30,0.0
2025-02-20 11:45,0.0
2025-02-20 12:00,0.0
2025-02-20 12:15,0.005641
2025-02-20 12:30,0.0618
2025-02-20 12:45,0.041319
2025-02-20 13:00,0.032816
2025-02-20 13:15,0.011682
2025-02-20 13:30,0.167046
2025-02-20 13:45,0.236718
2025-02-20 14:00,0.248905
2025-02-20 14:15,0.17656
2025-02-20 14:30,0.185253
2025-02-20 14:45,0.198324
2025-02-20 15:00,0.167509
2025-02-20 15:15,0.264713
2025-02-20 15:30,0.340953
2025-02-20 15:45,0.260988
2025-02-20 16:00,0.351414
2025-02-20 16:15,0.310642
2025-02-20 16:30,0.235476
2025-02-20 16:45,0.241938
2025-02-20 17:00,0.300455
2025-02-20 17:15,0.165614
2025-02-20 17:30,0.255368
2025-02-20 17:45,0.388608
2025-02-20 18:00,0.369538
2025-02-20 18:15,0.18378
2025-02-20 18:30,0.255325
2025-02-20 18:45,0.187063
2025-02-20 19:00,0.910226
2025-02-20 19:15,0.283026
2025-02-20 19:30,0.287383
2025-02-20 19:45,0.201734
2025-02-20 20:00,0.413046
2025-02-20 20:15,0.453482
2025-02-20 20:30,0.33727
2025-02-20 20:45,0.145365
2025-02-20 21:00,0.396291
2025-02-20 21:15,0.227962
2025-02-20 21:30,0.158289
2025-02-20 21:45,0.150817
2025-02-20 22:00,0.119096
2025-02-20 22:15,0.058853
2025-02-20 22:30,0.016082
2025-02-20 22:45,0.070851
2025-02-20 23:00,0.046771
2025-02-20 23:15,0.059758
2025-02-20 23:30,0.029427
2025-02-20 23:45,0.118927
2025-02-21 00:00,0.097773
2025-02-21 00:15,0.060074
2025-02-21 00:30,0.205902
2025-02-21 00:45,0.040814
2025-02-21 01:00,0.001873
2025-02-21 01:15,0.001642
2025-02-21 01:30,0.041172
2025-02-21 01:45,0.186537
2025-02-21 02:00,0.092195
2025-02-21 02:15,0.04595
2025-02-21 02:30,0.02328
2025-02-21 02:45,0.032752
2025-02-21 03:00,0.032458
2025-02-21 03:15,0.09169
2025-02-21 03:30,0.00442
2025-02-21 03:45,0.0
2025-02-21 04:00,0.063021
2025-02-21 04:15,0.006736
2025-02-21 04:30,0.040372
2025-02-21 04:45,0.072514
2025-02-21 05:00,0.010756
2025-02-21 05:15,0.120232
2025-02-21 05:30,0.005389
2025-02-21 05:45,0.058853
2025-02-21 06:00,0.037025
2025-02-21 06:15,0.0
2025-02-21 06:30,0.058853
2025-02-21 06:45,0.066768
2025-02-21 07:00,0.036668
2025-02-21 07:15,0.029427
2025-02-21 07:30,0.021891
2025-02-21 07:45,0.003957
2025-02-21 08:00,0.191736
2025-02-21 08:15,0.063673
2025-02-21 08:30,0.058853
2025-02-21 08:45,0.08828
2025-02-21 09:00,0.001347
2025-02-21 09:15,0.058853
2025-02-21 09:30,0.0
2025-02-21 09:45,0.0
2025-02-21 10:00,0.08828
2025-02-21 10:15,0.0602
2025-02-21 10:30,0.0
2025-02-21 10:45,0.043024
2025-02-21 11:00,0.0
2025-02-21 11:15,0.1236
2025-02-21 11:30,0.001979
2025-02-21 11:45,0.004568
2025-02-21 12:00,0.006946
2025-02-21 12:15,0.120401
2025-02-21 12:30,0.0
2025-02-21 12:45,0.0
2025-02-21 13:00,0.08026
2025-02-21 13:15,0.090974
2025-02-21 13:30,0.158121
2025-02-21 13:45,0.199082
2025-02-21 14:00,0.233013
2025-02-21 14:15,0.215543
2025-02-21 14:30,0.213417
2025-02-21 14:45,0.218742
2025-02-21 15:00,0.272038
2025-02-21 15:15,0.117675
2025-02-21 15:30,0.25
2025-02-21 15:45,0.329755
2025-02-21 16:00,0.158879
2025-02-21 16:15,0.169424
2025-02-21 16:30,0.001221
2025-02-21 16:45,0.121495
2025-02-21 17:00,0.108319
2025-02-21 17:15,0.097247
2025-02-21 17:30,0.198303
2025-02-21 17:45,0.269449
2025-02-21 18:00,0.19523
2025-02-21 18:15,0.046224
2025-02-21 18:30,0.06601
2025-02-21 18:45,0.257536
2025-02-21 19:00,0.109455
2025-02-21 19:15,0.079229
2025-02-21 19:30,0.313779
2025-02-21 19:45,0.295361
2025-02-21 20:00,0.240549
2025-02-21 20:15,0.224004
2025-02-21 20:30,0.165193
2025-02-21 20:45,0.114781
2025-02-21 21:00,0.28732
2025-02-21 21:15,0.276543
2025-02-21 21:30,0.215122
2025-02-21 21:45,0.034689
2025-02-21 22:00,0.033384
2025-02-21 22:15,0.0
2025-02-21 22:30,0.240507
2025-02-21 22:45,0.051381
2025-02-21 23:00,0.099562
2025-02-21 23:15,0.0
2025-02-21 23:30,0.001979
2025-02-21 23:45,0.037299
2025-02-22 00:00,0.122758
2025-02-22 00:15,0.0
2025-02-22 00:30,0.0
2025-02-22 00:45,0.063905
2025-02-22 01:00,0.0
2025-02-22 01:15,0.0
2025-02-22 01:30,0.0
2025-02-22 01:45,0.0
2025-02-22 02:00,0.0
2025-02-22 02:15,0.002947
2025-02-22 02:30,0.003452
2025-02-22 02:45,0.0
2025-02-22 03:00,0.0
2025-02-22 03:15,0.003957
2025-02-22 03:30,0.0
2025-02-22 03:45,0.0
2025-02-22 04:00,0.002947
2025-02-22 04:15,0.105919
2025-02-22 04:30,0.0
2025-02-22 04:45,0.003957
2025-02-22 05:00,0.0
2025-02-22 05:15,0.001473
2025-02-22 05:30,0.001642
2025-02-22 05:45,0.0
2025-02-22 06:00,0.033594
2025-02-22 06:15,0.002947
2025-02-22 06:30,0.005136
2025-02-22 06:45,0.003199
2025-02-22 07:00,0.002947
2025-02-22 07:15,0.003452
2025-02-22 07:30,0.001642
2025-02-22 07:45,0.001473
2025-02-22 08:00,0.001979
2025-02-22 08:15,0.0
2025-02-22 08:30,0.001979
2025-02-22 08:45,0.0
2025-02-22 09:00,0.034394
2025-02-22 09:15,0.002947
2025-02-22 09:30,0.0
2025-02-22 09:45,0.0
2025-02-22 10:00,0.0
2025-02-22 10:15,0.003957
2025-02-22 10:30,0.0
2025-02-22 10:45,0.008378
2025-02-22 11:00,0.011914
2025-02-22 11:15,0.0
2025-02-22 11:30,0.0
2025-02-22 11:45,0.0
2025-02-22 12:00,0.002947
2025-02-22 12:15,0.0
2025-02-22 12:30,0.001979
2025-02-22 12:45,0.0
2025-02-22 13:00,0.017808
2025-02-22 13:15,0.0
2025-02-22 13:30,0.0
2025-02-22 13:45,0.0
2025-02-22 14:00,0.005683
2025-02-22 14:15,0.0
2025-02-22 14:30,0.0
2025-02-22 14:45,0.0
2025-02-22 15:00,0.001979
2025-02-22 15:15,0.03069
2025-02-22 15:30,0.033426
2025-02-22 15:45,0.0
2025-02-22 16:00,0.0
2025-02-22 16:15,0.090806
2025-02-22 16:30,0.003957
2025-02-22 16:45,0.087438
2025-02-22 17:00,0.0
2025-02-22 17:15,0.016608
2025-02-22 17:30,0.052096
2025-02-22 17:45,0.0
2025-02-22 18:00,0.066599
2025-02-22 18:15,0.001347
2025-02-22 18:30,0.0
2025-02-22 18:45,0.0
2025-02-22 19:00,0.036331
2025-02-22 19:15,0.005389
2025-02-22 19:30,0.0
2025-02-22 19:45,0.0
2025-02-22 20:00,0.013471
2025-02-22 20:15,0.034499
2025-02-22 20:30,0.0
2025-02-22 20:45,0.0
2025-02-22 21:00,0.002947
2025-02-22 21:15,0.004294
2025-02-22 21:30,0.001473
2025-02-22 21:45,0.004673
2025-02-22 22:00,0.003284
2025-02-22 22:15,0.002126
2025-02-22 22:30,0.016145
2025-02-22 22:45,0.001979
2025-02-22 23:00,0.0
2025-02-22 23:15,0.001579
2025-02-22 23:30,0.009746
2025-02-22 23:45,0.0
2025-02-23 00:00,0.0
2025-02-23 00:15,0.001642
2025-02-23 00:30,0.004084
2025-02-23 00:45,0.060979
2025-02-23 01:00,0.0
2025-02-23 01:15,0.001979
2025-02-23 01:30,0.003957
2025-02-23 01:45,0.003957
2025-02-23 02:00,0.003578
2025-02-23 02:15,0.002021
2025-02-23 02:30,0.115517
2025-02-23 02:45,0.0
2025-02-23 03:00,0.0
2025-02-23 03:15,0.002947
2025-02-23 03:30,0.00421
2025-02-23 03:45,0.0
2025-02-23 04:00,0.003789
2025-02-23 04:15,0.004925
2025-02-23 04:30,0.031953
2025-02-23 04:45,0.047529
2025-02-23 05:00,0.001979
2025-02-23 05:15,0.003915
2025-02-23 05:30,0.0
2025-02-23 05:45,0.0
2025-02-23 06:00,0.0
2025-02-23 06:15,0.031953
2025-02-23 06:30,0.0
2025-02-23 06:45,0.005094
2025-02-23 07:00,0.063905
2025-02-23 07:15,0.0
2025-02-23 07:30,0.007515
2025-02-23 07:45,0.0
2025-02-23 08:00,0.002105
2025-02-23 08:15,0.0
2025-02-23 08:30,0.0
2025-02-23 08:45,0.001473
2025-02-23 09:00,0.007409
2025-02-23 09:15,0.0
2025-02-23 09:30,0.0
2025-02-23 09:45,0.003052
2025-02-23 10:00,0.0
2025-02-23 10:15,0.0
2025-02-23 10:30,0.0
2025-02-23 10:45,0.0
2025-02-23 11:00,0.0
2025-02-23 11:15,0.0
2025-02-23 11:30,0.002947
2025-02-23 11:45,0.0
2025-02-23 12:00,0.004084
2025-02-23 12:15,0.002694
2025-02-23 12:30,0.006146
2025-02-23 12:45,0.0
2025-02-23 13:00,0.0
2025-02-23 13:15,0.002947
2025-02-23 13:30,0.0
2025-02-23 13:45,0.006904
2025-02-23 14:00,0.0
2025-02-23 14:15,0.001473
2025-02-23 14:30,0.0
2025-02-23 14:45,0.0
2025-02-23 15:00,0.058853
2025-02-23 15:15,0.0
2025-02-23 15:30,0.095858
2025-02-23 15:45,0.0
2025-02-23 16:00,0.0
2025-02-23 16:15,0.0
2025-02-23 16:30,0.0
2025-02-23 16:45,0.001473
2025-02-23 17:00,0.001473
2025-02-23 17:15,0.0
2025-02-23 17:30,0.0
2025-02-23 17:45,0.002547
2025-02-23 18:00,0.0
2025-02-23 18:15,0.002694
2025-02-23 18:30,0.015071
2025-02-23 18:45,0.001473
2025-02-23 19:00,0.0
2025-02-23 19:15,0.033384
2025-02-23 19:30,0.031953
2025-02-23 19:45,0.0
2025-02-23 20:00,0.029427
2025-02-23 20:15,0.0
2025-02-23 20:30,0.003494
2025-02-23 20:45,0.035005
2025-02-23 21:00,0.0
2025-02-23 21:15,0.0
2025-02-23 21:30,0.002821
2025-02-23 21:45,0.023764
2025-02-23 22:00,0.0
2025-02-23 22:15,0.0301
2025-02-23 22:30,0.0
2025-02-23 22:45,0.0
2025-02-23 23:00,0.0
2025-02-23 23:15,0.001347
2025-02-23 23:30,0.0
2025-02-23 23:45,0.001979
2025-02-24 00:00,0.065252
2025-02-24 00:15,0.001368
2025-02-24 00:30,0.002021
2025-02-24 00:45,0.0
2025-02-24 01:00,0.12781
2025-02-24 01:15,0.002547
2025-02-24 01:30,0.0
2025-02-24 01:45,0.0
2025-02-24 02:00,0.001473
2025-02-24 02:15,0.001473
2025-02-24 02:30,0.0
2025-02-24 02:45,0.0
2025-02-24 03:00,0.0
2025-02-24 03:15,0.0
2025-02-24 03:30,0.0
2025-02-24 03:45,0.0
2025-02-24 04:00,0.085796
2025-02-24 04:15,0.025785
2025-02-24 04:30,0.0
2025-02-24 04:45,0.0
2025-02-24 05:00,0.0
2025-02-24 05:15,0.00221
2025-02-24 05:30,0.0
2025-02-24 05:45,0.0
2025-02-24 06:00,0.017008
2025-02-24 06:15,0.0
2025-02-24 06:30,0.0
2025-02-24 06:45,0.0
2025-02-24 07:00,0.002947
2025-02-24 07:15,0.003957
2025-02-24 07:30,0.0
2025-02-24 07:45,0.002442
2025-02-24 08:00,0.0
2025-02-24 08:15,0.001979
2025-02-24 08:30,0.003094
2025-02-24 08:45,0.0
2025-02-24 09:00,0.0
2025-02-24 09:15,0.0
2025-02-24 09:30,0.001642
2025-02-24 09:45,0.0
2025-02-24 10:00,0.001979
2025-02-24 10:15,0.002547
2025-02-24 10:30,0.020207
2025-02-24 10:45,0.009746
2025-02-24 11:00,0.0
2025-02-24 11:15,0.0
2025-02-24 11:30,0.005431
2025-02-24 11:45,0.002694
2025-02-24 12:00,0.060327
2025-02-24 12:15,0.001473
2025-02-24 12:30,0.0
2025-02-24 12:45,0.001473
2025-02-24 13:00,0.0618
2025-02-24 13:15,0.017871
2025-02-24 13:30,0.246632
2025-02-24 13:45,0.206492
2025-02-24 14:00,0.06681
2025-02-24 14:15,0.129473
2025-02-24 14:30,0.138335
2025-02-24 14:45,0.065526
2025-02-24 15:00,0.272501
2025-02-24 15:15,0.18439
2025-02-24 15:30,0.35192
2025-02-24 15:45,0.234192
2025-02-24 16:00,0.31481
2025-02-24 16:15,1.0
2025-02-24 16:30,0.220531
2025-02-24 16:45,0.234718
2025-02-24 17:00,0.256757
2025-02-24 17:15,0.165446
2025-02-24 17:30,0.404437
2025-02-24 17:45,0.273849
2025-02-24 18:00,0.482866
2025-02-24 18:15,0.139787
2025-02-24 18:30,0.106214
2025-02-24 18:45,0.180938
2025-02-24 19:00,0.194841
2025-02-24 19:15,0.163804
2025-02-24 19:30,0.310811
2025-02-24 19:45,0.157447
2025-02-24 20:00,0.135977
2025-02-24 20:15,0.11979
2025-02-24 20:30,0.21188
2025-02-24 20:45,0.140924
2025-02-24 21:00,0.279806
2025-02-24 21:15,0.16132
2025-02-24 21:30,0.07483
2025-02-24 21:45,0.073103
2025-02-24 22:00,0.120001
2025-02-24 22:15,0.033952
2025-02-24 22:30,0.003494
2025-02-24 22:45,0.003957
2025-02-24 23:00,0.006315
2025-02-24 23:15,0.033868
2025-02-24 23:30,0.058853
2025-02-24 23:45,0.0
2025-02-25 00:00,0.100278
2025-02-25 00:15,0.015071
2025-02-25 00:30,0.014061
2025-02-25 00:45,0.006609
2025-02-25 01:00,0.0
2025-02-25 01:15,0.177781
2025-02-25 01:30,0.0
2025-02-25 01:45,0.0
2025-02-25 02:00,0.0
2025-02-25 02:15,0.001473
2025-02-25 02:30,0.034647
2025-02-25 02:45,0.031953
2025-02-25 03:00,0.002568
2025-02-25 03:15,0.002947
2025-02-25 03:30,0.0
2025-02-25 03:45,0.0
2025-02-25 04:00,0.058853
2025-02-25 04:15,0.070809
2025-02-25 04:30,0.043424
2025-02-25 04:45,0.0
2025-02-25 05:00,0.033426
2025-02-25 05:15,0.0
2025-02-25 05:30,0.0
2025-02-25 05:45,0.0
2025-02-25 06:00,0.002694
2025-02-25 06:15,0.031953
2025-02-25 06:30,0.0
2025-02-25 06:45,0.0
2025-02-25 07:00,0.006862
2025-02-25 07:15,0.0
2025-02-25 07:30,0.0
2025-02-25 07:45,0.005031
2025-02-25 08:00,0.001979
2025-02-25 08:15,0.006609
2025-02-25 08:30,0.0
2025-02-25 08:45,0.003284
2025-02-25 09:00,0.0
2025-02-25 09:15,0.0
2025-02-25 09:30,0.0
2025-02-25 09:45,0.001473
2025-02-25 10:00,0.0
2025-02-25 10:15,0.002947
2025-02-25 10:30,0.0
2025-02-25 10:45,0.0
2025-02-25 11:00,0.031953
2025-02-25 11:15,0.0
2025-02-25 11:30,0.0
2025-02-25 11:45,0.007388
2025-02-25 12:00,0.0
2025-02-25 12:15,0.029427
2025-02-25 12:30,0.0
2025-02-25 12:45,0.002947
2025-02-25 13:00,0.030647
2025-02-25 13:15,0.0
2025-02-25 13:30,0.195672
2025-02-25 13:45,0.170203
2025-02-25 14:00,0.301507
2025-02-25 14:15,0.168793
2025-02-25 14:30,0.115012
2025-02-25 14:45,0.156037
2025-02-25 15:00,0.117706
2025-02-25 15:15,0.167235
2025-02-25 15:30,0.311021
2025-02-25 15:45,0.189421
2025-02-25 16:00,0.370927
2025-02-25 16:15,0.283258
2025-02-25 16:30,0.273428
2025-02-25 16:45,0.342848
2025-02-25 17:00,0.190894
2025-02-25 17:15,0.129252
2025-02-25 17:30,0.309085
2025-02-25 17:45,0.31622
2025-02-25 18:00,0.270228
2025-02-25 18:15,0.109371
2025-02-25 18:30,0.155005
2025-02-25 18:45,0.077082
2025-02-25 19:00,0.295066
2025-02-25 19:15,0.164583
2025-02-25 19:30,0.118675
2025-02-25 19:45,0.08005
2025-02-25 20:00,0.249284
2025-02-25 20:15,0.223941
2025-02-25 20:30,0.078092
2025-02-25 20:45,0.16111
2025-02-25 21:00,0.261977
2025-02-25 21:15,0.090069
2025-02-25 21:30,0.152164
2025-02-25 21:45,0.203082
2025-02-25 22:00,0.070872
2025-02-25 22:15,0.198093
2025-02-25 22:30,0.003599
2025-02-25 22:45,0.059401
2025-02-25 23:00,0.005936
2025-02-25 23:15,0.004041
2025-02-25 23:30,0.211375
2025-02-25 23:45,0.006904
2025-02-26 00:00,0.065378
2025-02-26 00:00,0.099157
2025-02-26 00:15,0.055293
2025-02-26 00:30,0.045907
2025-02-26 00:45,0.002235
2025-02-26 01:00,0.0
2025-02-26 01:15,0.0
2025-02-26 01:30,0.036681
2025-02-26 01:45,0.004469
2025-02-26 02:00,0.003863
2025-02-26 02:15,0.004629
2025-02-26 02:30,0.0
2025-02-26 02:45,0.0
2025-02-26 03:00,0.0
2025-02-26 03:15,0.003001
2025-02-26 03:30,0.0
2025-02-26 03:45,0.002235
2025-02-26 04:00,0.088016
2025-02-26 04:15,0.036043
2025-02-26 04:30,0.006385
2025-02-26 04:45,0.0
2025-02-26 05:00,0.002235
2025-02-26 05:15,0.0
2025-02-26 05:30,0.014334
2025-02-26 05:45,0.003001
2025-02-26 06:00,0.010024
2025-02-26 06:15,0.0
2025-02-26 06:30,0.009003
2025-02-26 06:45,0.0
2025-02-26 07:00,0.008492
2025-02-26 07:15,0.0
2025-02-26 07:30,0.0
2025-02-26 07:45,0.0
2025-02-26 08:00,0.0
2025-02-26 08:15,0.048461
2025-02-26 08:30,0.002235
2025-02-26 08:45,0.048461
2025-02-26 09:00,0.006704
2025-02-26 09:15,0.006002
2025-02-26 09:30,0.0
2025-02-26 09:45,0.0
2025-02-26 10:00,0.0
2025-02-26 10:15,0.0
2025-02-26 10:30,0.0
2025-02-26 10:45,0.0
2025-02-26 11:00,0.0
2025-02-26 11:15,0.003703
2025-02-26 11:30,0.003001
2025-02-26 11:45,0.017016
2025-02-26 12:00,0.0
2025-02-26 12:15,0.020942
2025-02-26 12:30,0.002841
2025-02-26 12:45,0.052548
2025-02-26 13:00,0.048461
2025-02-26 13:15,0.233431
2025-02-26 13:30,0.085206
2025-02-26 13:45,0.069595
2025-02-26 14:00,0.164921
2025-02-26 14:15,0.601711
2025-02-26 14:30,0.260471
2025-02-26 14:45,0.37757
2025-02-26 15:00,0.922998
2025-02-26 15:15,0.339165
2025-02-26 15:30,0.335398
2025-02-26 15:45,0.619653
2025-02-26 16:00,0.31487
2025-02-26 16:15,0.297408
2025-02-26 16:30,0.43264
2025-02-26 16:45,1.0
2025-02-26 17:00,0.272315
2025-02-26 17:15,0.415241
2025-02-26 17:30,0.185417
2025-02-26 17:45,0.23656
2025-02-26 18:00,0.280871
2025-02-26 18:15,0.496041
2025-02-26 18:30,0.236241
2025-02-26 18:45,0.036968
2025-02-26 19:00,0.599061
2025-02-26 19:15,0.658696
2025-02-26 19:30,0.4139
2025-02-26 19:45,0.258364
2025-02-26 20:00,0.327512
2025-02-26 20:15,0.299802
2025-02-26 20:30,0.288118
2025-02-26 20:45,0.154961
2025-02-26 21:00,0.262897
2025-02-26 21:15,0.169519
2025-02-26 21:30,0.0
2025-02-26 21:45,0.141138
2025-02-26 22:00,0.245307
2025-02-26 22:15,0.212329
2025-02-26 22:30,0.122622
2025-02-26 22:45,0.0
2025-02-26 23:00,0.005044
2025-02-26 23:15,0.006864
2025-02-26 23:30,0.046035
2025-02-26 23:45,0.0
2025-02-27 00:00,0.069691
2025-02-27 00:15,0.089261
2025-02-27 00:30,0.0
2025-02-27 00:45,0.0
2025-02-27 01:00,0.012546
2025-02-27 01:15,0.003224
2025-02-27 01:30,0.003001
2025-02-27 01:45,0.0
2025-02-27 02:00,0.004725
2025-02-27 02:15,0.002235
2025-02-27 02:30,0.0
2025-02-27 02:45,0.0
2025-02-27 03:00,0.002235
2025-02-27 03:15,0.004533
2025-02-27 03:30,0.0
2025-02-27 03:45,0.085877
2025-02-27 04:00,0.054974
2025-02-27 04:15,0.0
2025-02-27 04:30,0.023624
2025-02-27 04:45,0.099157
2025-02-27 05:00,0.010471
2025-02-27 05:15,0.0
2025-02-27 05:30,0.048461
2025-02-27 05:45,0.0
2025-02-27 06:00,0.008556
2025-02-27 06:15,0.0
2025-02-27 06:30,0.0
2025-02-27 06:45,0.0
2025-02-27 07:00,0.003001
2025-02-27 07:15,0.003001
2025-02-27 07:30,0.002235
2025-02-27 07:45,0.0
2025-02-27 08:00,0.0
2025-02-27 08:15,0.012897
2025-02-27 08:30,0.002235
2025-02-27 08:45,0.0
2025-02-27 09:00,0.0
2025-02-27 09:15,0.0
2025-02-27 09:30,0.010024
2025-02-27 09:45,0.0
2025-02-27 10:00,0.0
2025-02-27 10:15,0.029562
2025-02-27 10:30,0.0
2025-02-27 10:45,0.010024
2025-02-27 11:00,0.0
2025-02-27 11:15,0.096922
2025-02-27 11:30,0.00498
2025-02-27 11:45,0.05408
2025-02-27 12:00,0.0
2025-02-27 12:15,0.077959
2025-02-27 12:30,0.006002
2025-02-27 12:45,0.0
2025-02-27 13:00,0.005236
2025-02-27 13:15,0.091304
2025-02-27 13:30,0.112661
2025-02-27 13:45,0.269825
2025-02-27 14:00,0.113459
2025-02-27 14:15,0.257853
2025-02-27 14:30,0.118791
2025-02-27 14:45,0.385998
2025-02-27 15:00,0.555325
2025-02-27 15:15,0.409718
2025-02-27 15:30,0.720039
2025-02-27 15:45,0.487996
2025-02-27 16:00,0.645033
2025-02-27 16:15,0.510407
2025-02-27 16:30,0.489593
2025-02-27 16:45,0.706966
2025-02-27 17:00,0.469448
2025-02-27 17:15,0.064998
2025-02-27 17:30,0.105095
2025-02-27 17:45,0.421466
2025-02-27 18:00,0.376325
2025-02-27 18:15,0.158888
2025-02-27 18:30,0.196239
2025-02-27 18:45,0.461786
2025-02-27 19:00,0.271613
2025-02-27 19:15,0.238507
2025-02-27 19:30,0.545301
2025-02-27 19:45,0.506704
2025-02-27 20:00,0.607873
2025-02-27 20:15,0.421626
2025-02-27 20:30,0.267782
2025-02-27 20:45,0.296961
2025-02-27 21:00,0.21782
2025-02-27 21:15,0.241444
2025-02-27 21:30,0.103627
2025-02-27 21:45,0.100626
2025-02-27 22:00,0.043928
2025-02-27 22:15,0.016409
2025-02-27 22:30,0.0219
2025-02-27 22:45,0.092262
2025-02-27 23:00,0.181778
2025-02-27 23:15,0.012929
2025-02-27 23:30,0.247606
2025-02-27 23:45,0.070266
2025-02-28 00:00,0.04463
2025-02-28 00:15,0.091112
2025-02-28 00:30,0.041885
2025-02-28 00:45,0.0
2025-02-28 01:00,0.020942
2025-02-28 01:15,0.0
2025-02-28 01:30,0.036043
2025-02-28 01:45,0.04827
2025-02-28 02:00,0.00498
2025-02-28 02:15,0.0
2025-02-28 02:30,0.04463
2025-02-28 02:45,0.004469
2025-02-28 03:00,0.002299
2025-02-28 03:15,0.004469
2025-02-28 03:30,0.010024
2025-02-28 03:45,0.0
2025-02-28 04:00,0.09373
2025-02-28 04:15,0.004278
2025-02-28 04:30,0.193845
2025-02-28 04:45,0.091815
2025-02-28 05:00,0.061231
2025-02-28 05:15,0.0
2025-02-28 05:30,0.096922
2025-02-28 05:45,0.011014
2025-02-28 06:00,0.0
2025-02-28 06:15,0.011525
2025-02-28 06:30,0.002841
2025-02-28 06:45,0.107394
2025-02-28 07:00,0.012163
2025-02-28 07:15,0.0
2025-02-28 07:30,0.002235
2025-02-28 07:45,0.01178
2025-02-28 08:00,0.096922
2025-02-28 08:15,0.0
2025-02-28 08:30,0.0
2025-02-28 08:45,0.0
2025-02-28 09:00,0.0
2025-02-28 09:15,0.0
2025-02-28 09:30,0.0
2025-02-28 09:45,0.003001
2025-02-28 10:00,0.007917
2025-02-28 10:15,0.006002
2025-02-28 10:30,0.096922
2025-02-28 10:45,0.011365
2025-02-28 11:00,0.00249
2025-02-28 11:15,0.089261
2025-02-28 11:30,0.184938
2025-02-28 11:45,0.050313
2025-02-28 12:00,0.0
2025-02-28 12:15,0.089261
2025-02-28 12:30,0.002043
2025-02-28 12:45,0.0
2025-02-28 13:00,0.05922
2025-02-28 13:15,0.1299
2025-02-28 13:30,0.158249
2025-02-28 13:45,0.205529
2025-02-28 14:00,0.582078
2025-02-28 14:15,0.177244
2025-02-28 14:30,0.254789
2025-02-28 14:45,0.2349
2025-02-28 15:00,0.308262
2025-02-28 15:15,0.531222
2025-02-28 15:30,0.698251
2025-02-28 15:45,0.443749
2025-02-28 16:00,0.237709
2025-02-28 16:15,0.155887
2025-02-28 16:30,0.452177
2025-02-28 16:45,0.254342
2025-02-28 17:00,0.105989
2025-02-28 17:15,0.278189
2025-02-28 17:30,0.285468
2025-02-28 17:45,0.237103
2025-02-28 18:00,0.119748
2025-02-28 18:15,0.341272
2025-02-28 18:30,0.372111
2025-02-28 18:45,0.480462
2025-02-28 19:00,0.485219
2025-02-28 19:15,0.412814
2025-02-28 19:30,0.436662
2025-02-28 19:45,0.177915
2025-02-28 20:00,0.282052
2025-02-28 20:15,0.554463
2025-02-28 20:30,0.031382
2025-02-28 20:45,0.100466
2025-02-28 21:00,0.255906
2025-02-28 21:15,0.317297
2025-02-28 21:30,0.322883
2025-02-28 21:45,0.026593
2025-02-28 22:00,0.092421
2025-02-28 22:15,0.007566
2025-02-28 22:30,0.149789
2025-02-28 22:45,0.214213
2025-02-28 23:00,0.089261
2025-02-28 23:15,0.0
2025-02-28 23:30,0.0
2025-02-28 23:45,0.050696
2025-03-01 00:00,0.0
2025-03-01 00:15,0.022794
2025-03-01 00:30,0.046482
2025-03-01 00:45,0.009705
2025-03-01 01:00,0.003001
2025-03-01 01:15,0.04463
2025-03-01 01:30,0.002235
2025-03-01 01:45,0.004086
2025-03-01 02:00,0.003001
2025-03-01 02:15,0.0
2025-03-01 02:30,0.004629
2025-03-01 02:45,0.099157
2025-03-01 03:00,0.0
2025-03-01 03:15,0.0
2025-03-01 03:30,0.009545
2025-03-01 03:45,0.003001
2025-03-01 04:00,0.006513
2025-03-01 04:15,0.0
2025-03-01 04:30,0.0
2025-03-01 04:45,0.011429
2025-03-01 05:00,0.00099
2025-03-01 05:15,0.048461
2025-03-01 05:30,0.0
2025-03-01 05:45,0.0
2025-03-01 06:00,0.003703
2025-03-01 06:15,0.0
2025-03-01 06:30,0.002235
2025-03-01 06:45,0.0
2025-03-01 07:00,0.048461
2025-03-01 07:15,0.0
2025-03-01 07:30,0.0
2025-03-01 07:45,0.054463
2025-03-01 08:00,0.04463
2025-03-01 08:15,0.0
2025-03-01 08:30,0.0
2025-03-01 08:45,0.004469
2025-03-01 09:00,0.011493
2025-03-01 09:15,0.0
2025-03-01 09:30,0.002235
2025-03-01 09:45,0.002043
2025-03-01 10:00,0.0
2025-03-01 10:15,0.002043
2025-03-01 10:30,0.010471
2025-03-01 10:45,0.003001
2025-03-01 11:00,0.0
2025-03-01 11:15,0.0
2025-03-01 11:30,0.009098
2025-03-01 11:45,0.0
2025-03-01 12:00,0.0
2025-03-01 12:15,0.0
2025-03-01 12:30,0.0
2025-03-01 12:45,0.0
2025-03-01 13:00,0.00249
2025-03-01 13:15,0.021709
2025-03-01 13:30,0.0
2025-03-01 13:45,0.0
2025-03-01 14:00,0.046865
2025-03-01 14:15,0.009003
2025-03-01 14:30,0.006513
2025-03-01 14:45,0.0
2025-03-01 15:00,0.004469
2025-03-01 15:15,0.0
2025-03-01 15:30,0.290767
2025-03-01 15:45,0.0
2025-03-01 16:00,0.0
2025-03-01 16:15,0.0
2025-03-01 16:30,0.019857
2025-03-01 16:45,0.002235
2025-03-01 17:00,0.0
2025-03-01 17:15,0.003001
2025-03-01 17:30,0.0
2025-03-01 17:45,0.04463
2025-03-01 18:00,0.048142
2025-03-01 18:15,0.012259
2025-03-01 18:30,0.0
2025-03-01 18:45,0.095262
2025-03-01 19:00,0.096922
2025-03-01 19:15,0.0
2025-03-01 19:30,0.0
2025-03-01 19:45,0.0
2025-03-01 20:00,0.006704
2025-03-01 20:15,0.089261
2025-03-01 20:30,0.048461
2025-03-01 20:45,0.0
2025-03-01 21:00,0.0
2025-03-01 21:15,0.0
2025-03-01 21:30,0.002235
2025-03-01 21:45,0.004469
2025-03-01 22:00,0.0
2025-03-01 22:15,0.004469
2025-03-01 22:30,0.02273
2025-03-01 22:45,0.0
2025-03-01 23:00,0.00249
2025-03-01 23:15,0.003001
2025-03-01 23:30,0.0
2025-03-01 23:45,0.00498
2025-03-02 00:00,0.096922
2025-03-02 00:15,0.002235
2025-03-02 00:30,0.0
2025-03-02 00:45,0.0
2025-03-02 01:00,0.0
2025-03-02 01:15,0.0
2025-03-02 01:30,0.004469
2025-03-02 01:45,0.003384
2025-03-02 02:00,0.002235
2025-03-02 02:15,0.052356
2025-03-02 02:30,0.0
2025-03-02 02:45,0.004469
2025-03-02 03:00,0.004469
2025-03-02 03:15,0.002235
2025-03-02 03:30,0.006002
2025-03-02 03:45,0.003703
2025-03-02 04:00,0.0
2025-03-02 04:15,0.002235
2025-03-02 04:30,0.0
2025-03-02 04:45,0.005236
2025-03-02 05:00,0.006002
2025-03-02 05:15,0.0
2025-03-02 05:30,0.047631
2025-03-02 05:45,0.020655
2025-03-02 06:00,0.001852
2025-03-02 06:15,0.0
2025-03-02 06:30,0.0
2025-03-02 06:45,0.096922
2025-03-02 07:00,0.010024
2025-03-02 07:15,0.003001
2025-03-02 07:30,0.0
2025-03-02 07:45,0.089261
2025-03-02 08:00,0.0
2025-03-02 08:15,0.0
2025-03-02 08:30,0.009003
2025-03-02 08:45,0.003863
2025-03-02 09:00,0.0
2025-03-02 09:15,0.0
2025-03-02 09:30,0.006002
2025-03-02 09:45,0.010471
2025-03-02 10:00,0.0
2025-03-02 10:15,0.0
2025-03-02 10:30,0.04744
2025-03-02 10:45,0.0
2025-03-02 11:00,0.002235
2025-03-02 11:15,0.0
2025-03-02 11:30,0.0
2025-03-02 11:45,0.0
2025-03-02 12:00,0.0
2025-03-02 12:15,0.010663
2025-03-02 12:30,0.0
2025-03-02 12:45,0.0
2025-03-02 13:00,0.0
2025-03-02 13:15,0.0
2025-03-02 13:30,0.050121
2025-03-02 13:45,0.0
2025-03-02 14:00,0.0
2025-03-02 14:15,0.003192
2025-03-02 14:30,0.0
2025-03-02 14:45,0.0
2025-03-02 15:00,0.0
2025-03-02 15:15,0.002235
2025-03-02 15:30,0.290767
2025-03-02 15:45,0.0
2025-03-02 16:00,0.0
2025-03-02 16:15,0.0
2025-03-02 16:30,0.002235
2025-03-02 16:45,0.0
2025-03-02 17:00,0.0
2025-03-02 17:15,0.0
2025-03-02 17:30,0.009577
2025-03-02 17:45,0.012067
2025-03-02 18:00,0.0
2025-03-02 18:15,0.002235
2025-03-02 18:30,0.0
2025-03-02 18:45,0.0
2025-03-02 19:00,0.002235
2025-03-02 19:15,0.011429
2025-03-02 19:30,0.0
2025-03-02 19:45,0.092262
2025-03-02 20:00,0.003001
2025-03-02 20:15,0.0
2025-03-02 20:30,0.017558
2025-03-02 20:45,0.0
2025-03-02 21:00,0.0
2025-03-02 21:15,0.0
2025-03-02 21:30,0.0
2025-03-02 21:45,0.0
2025-03-02 22:00,0.055102
2025-03-02 22:15,0.006513
2025-03-02 22:30,0.0
2025-03-02 22:45,0.0
2025-03-02 23:00,0.003799
2025-03-02 23:15,0.0
2025-03-02 23:30,0.0
2025-03-02 23:45,0.0
2025-03-03 00:00,0.082046
2025-03-03 00:15,0.018803
2025-03-03 00:30,0.0
2025-03-03 00:45,0.0
2025-03-03 01:00,0.015803
2025-03-03 01:15,0.002841
2025-03-03 01:30,0.003224
2025-03-03 01:45,0.0
2025-03-03 02:00,0.0
2025-03-03 02:15,0.0
2025-03-03 02:30,0.0
2025-03-03 02:45,0.0
2025-03-03 03:00,0.006002
2025-03-03 03:15,0.004725
2025-03-03 03:30,0.0
2025-03-03 03:45,0.005108
2025-03-03 04:00,0.0
2025-03-03 04:15,0.048461
2025-03-03 04:30,0.0
2025-03-03 04:45,0.0
2025-03-03 05:00,0.0
2025-03-03 05:15,0.006002
2025-03-03 05:30,0.0
2025-03-03 05:45,0.0
2025-03-03 06:00,0.0
2025-03-03 06:15,0.0
2025-03-03 06:30,0.0
2025-03-03 06:45,0.002235
2025-03-03 07:00,0.0
2025-03-03 07:15,0.004469
2025-03-03 07:30,0.00498
2025-03-03 07:45,0.0
2025-03-03 08:00,0.0
2025-03-03 08:15,0.003863
2025-03-03 08:30,0.0
2025-03-03 08:45,0.0
2025-03-03 09:00,0.005299
2025-03-03 09:15,0.0
2025-03-03 09:30,0.0
2025-03-03 09:45,0.019889
2025-03-03 10:00,0.0
2025-03-03 10:15,0.006002
2025-03-03 10:30,0.004629
2025-03-03 10:45,0.0
2025-03-03 11:00,0.0
2025-03-03 11:15,0.0
2025-03-03 11:30,0.109181
2025-03-03 11:45,0.002235
2025-03-03 12:00,0.0
2025-03-03 12:15,0.0
2025-03-03 12:30,0.056283
2025-03-03 12:45,0.00249
2025-03-03 13:00,0.004086
2025-03-03 13:15,0.005938
2025-03-03 13:30,0.229281
2025-03-03 13:45,0.014941
2025-03-03 14:00,0.693653
2025-03-03 14:15,0.522124
2025-03-03 14:30,0.585813
2025-03-03 14:45,0.195633
2025-03-03 15:00,0.138041
2025-03-03 15:15,0.327896
2025-03-03 15:30,0.145895
2025-03-03 15:45,0.236336
2025-03-03 16:00,0.626213
2025-03-03 16:15,0.323043
2025-03-03 16:30,0.635359
2025-03-03 16:45,0.503192
2025-03-03 17:00,0.736416
2025-03-03 17:15,0.471364
2025-03-03 17:30,0.361129
2025-03-03 17:45,0.307751
2025-03-03 18:00,0.154323
2025-03-03 18:15,0.259992
2025-03-03 18:30,0.203135
2025-03-03 18:45,0.283616
2025-03-03 19:00,0.487709
2025-03-03 19:15,0.275955
2025-03-03 19:30,0.54546
2025-03-03 19:45,0.32282
2025-03-03 20:00,0.461914
2025-03-03 20:15,0.350674
2025-03-03 20:30,0.154386
2025-03-03 20:45,0.265803
2025-03-03 21:00,0.328151
2025-03-03 21:15,0.568063
2025-03-03 21:30,0.307847
2025-03-03 21:45,0.154131
2025-03-03 22:00,0.252203
2025-03-03 22:15,0.008652
2025-03-03 22:30,0.139605
2025-03-03 22:45,0.004118
2025-03-03 23:00,0.109341
2025-03-03 23:15,0.320457
2025-03-03 23:30,0.002043
2025-03-03 23:45,0.097433
2025-03-04 00:00,0.061295
2025-03-04 00:15,0.011429
2025-03-04 00:30,0.091751
2025-03-04 00:45,0.0
2025-03-04 01:00,0.096922
2025-03-04 01:15,0.0
2025-03-04 01:30,0.035085
2025-03-04 01:45,0.007726
2025-03-04 02:00,0.0
2025-03-04 02:15,0.002043
2025-03-04 02:30,0.103307
2025-03-04 02:45,0.0
2025-03-04 03:00,0.0
2025-03-04 03:15,0.00099
2025-03-04 03:30,0.0
2025-03-04 03:45,0.0
2025-03-04 04:00,0.048461
2025-03-04 04:15,0.082301
2025-03-04 04:30,0.002235
2025-03-04 04:45,0.0
2025-03-04 05:00,0.022794
2025-03-04 05:15,0.0
2025-03-04 05:30,0.0
2025-03-04 05:45,0.002235
2025-03-04 06:00,0.0
2025-03-04 06:15,0.0
2025-03-04 06:30,0.0
2025-03-04 06:45,0.020049
2025-03-04 07:00,0.004086
2025-03-04 07:15,0.0
2025-03-04 07:30,0.003416
2025-03-04 07:45,0.0
2025-03-04 08:00,0.001852
2025-03-04 08:15,0.0
2025-03-04 08:30,0.007726
2025-03-04 08:45,0.002235
2025-03-04 09:00,0.0
2025-03-04 09:15,0.0
2025-03-04 09:30,0.006864
2025-03-04 09:45,0.0
2025-03-04 10:00,0.015803
2025-03-04 10:15,0.004086
2025-03-04 10:30,0.0
2025-03-04 10:45,0.0
2025-03-04 11:00,0.0
2025-03-04 11:15,0.006704
2025-03-04 11:30,0.002235
2025-03-04 11:45,0.001852
2025-03-04 12:00,0.0
2025-03-04 12:15,0.045907
2025-03-04 12:30,0.0
2025-03-04 12:45,0.002235
2025-03-04 13:00,0.113523
2025-03-04 13:15,0.096539
2025-03-04 13:30,0.302963
2025-03-04 13:45,0.146469
2025-03-04 14:00,0.420285
2025-03-04 14:15,0.426733
2025-03-04 14:30,0.310497
2025-03-04 14:45,0.124936
2025-03-04 15:00,0.448921
2025-03-04 15:15,0.318925
2025-03-04 15:30,0.844369
2025-03-04 15:45,0.511046
2025-03-04 16:00,0.329939
2025-03-04 16:15,0.10385
2025-03-04 16:30,0.899694
2025-03-04 16:45,0.408409
2025-03-04 17:00,0.105606
2025-03-04 17:15,0.21284
2025-03-04 17:30,0.551957
2025-03-04 17:45,0.386525
2025-03-04 18:00,0.176159
2025-03-04 18:15,0.252394
2025-03-04 18:30,0.430916
2025-03-04 18:45,0.834504
2025-03-04 19:00,0.418593
2025-03-04 19:15,0.214787
2025-03-04 19:30,0.4207
2025-03-04 19:45,0.48557
2025-03-04 20:00,0.200804
2025-03-04 20:15,0.430277
2025-03-04 20:30,0.219001
2025-03-04 20:45,0.872239
2025-03-04 21:00,0.860427
2025-03-04 21:15,0.228004
2025-03-04 21:30,0.191195
2025-03-04 21:45,0.188354
2025-03-04 22:00,0.017383
2025-03-04 22:15,0.106149
2025-03-04 22:30,0.053218
2025-03-04 22:45,0.002235
2025-03-04 23:00,0.097369
2025-03-04 23:15,0.0
2025-03-04 23:30,0.019218
2025-03-04 23:45,0.015803
2025-03-05 00:00,0.103467
2025-03-05 00:00,0.112112
2025-03-05 00:15,0.195237
2025-03-05 00:30,0.271823
2025-03-05 00:45,0.369995
2025-03-05 01:00,0.014425
2025-03-05 01:15,0.0
2025-03-05 01:30,0.102946
2025-03-05 01:45,0.125326
2025-03-05 02:00,0.082813
2025-03-05 02:15,0.0
2025-03-05 02:30,0.05213
2025-03-05 02:45,0.0
2025-03-05 03:00,0.0
2025-03-05 03:15,0.010862
2025-03-05 03:30,0.0
2025-03-05 03:45,0.011346
2025-03-05 04:00,0.052511
2025-03-05 04:15,0.212463
2025-03-05 04:30,0.419046
2025-03-05 04:45,0.0
2025-03-05 05:00,0.006503
2025-03-05 05:15,0.018057
2025-03-05 05:30,0.0
2025-03-05 05:45,0.160299
2025-03-05 06:00,0.048359
2025-03-05 06:15,0.056004
2025-03-05 06:30,0.0
2025-03-05 06:45,0.052511
2025-03-05 07:00,0.0
2025-03-05 07:15,0.0
2025-03-05 07:30,0.0
2025-03-05 07:45,0.078109
2025-03-05 08:00,0.003252
2025-03-05 08:15,0.0
2025-03-05 08:30,0.003252
2025-03-05 08:45,0.008164
2025-03-05 09:00,0.059221
2025-03-05 09:15,0.051438
2025-03-05 09:30,0.050573
2025-03-05 09:45,0.008095
2025-03-05 10:00,0.004635
2025-03-05 10:15,0.0
2025-03-05 10:30,0.016016
2025-03-05 10:45,0.0
2025-03-05 11:00,0.0
2025-03-05 11:15,0.0
2025-03-05 11:30,0.01951
2025-03-05 11:45,0.080461
2025-03-05 12:00,0.0
2025-03-05 12:15,0.052787
2025-03-05 12:30,0.003252
2025-03-05 12:45,0.147085
2025-03-05 13:00,0.09914
2025-03-05 13:15,0.106716
2025-03-05 13:30,0.138575
2025-03-05 13:45,0.119135
2025-03-05 14:00,0.23903
2025-03-05 14:15,0.499403
2025-03-05 14:30,0.412508
2025-03-05 14:45,0.315962
2025-03-05 15:00,0.587388
2025-03-05 15:15,0.533649
2025-03-05 15:30,0.958369
2025-03-05 15:45,0.50352
2025-03-05 16:00,0.196586
2025-03-05 16:15,0.45094
2025-03-05 16:30,0.286525
2025-03-05 16:45,0.269471
2025-03-05 17:00,0.186692
2025-03-05 17:15,0.160264
2025-03-05 17:30,0.579484
2025-03-05 17:45,0.552813
2025-03-05 18:00,0.606223
2025-03-05 18:15,0.754242
2025-03-05 18:30,0.55987
2025-03-05 18:45,1.0
2025-03-05 19:00,0.6001
2025-03-05 19:15,0.528322
2025-03-05 19:30,0.289742
2025-03-05 19:45,0.457391
2025-03-05 20:00,0.196344
2025-03-05 20:15,0.404033
2025-03-05 20:30,0.949928
2025-03-05 20:45,0.740474
2025-03-05 21:00,0.257952
2025-03-05 21:15,0.364945
2025-03-05 21:30,0.398741
2025-03-05 21:45,0.25086
2025-03-05 22:00,0.291956
2025-03-05 22:15,0.003252
2025-03-05 22:30,0.048359
2025-03-05 22:45,0.254527
2025-03-05 23:00,0.149506
2025-03-05 23:15,0.031859
2025-03-05 23:30,0.04919
2025-03-05 23:45,0.0
2025-03-06 00:00,0.0
2025-03-06 00:15,0.0
2025-03-06 00:30,0.096719
2025-03-06 00:45,0.083505
2025-03-06 01:00,0.002214
2025-03-06 01:15,0.002421
2025-03-06 01:30,0.023211
2025-03-06 01:45,0.0
2025-03-06 02:00,0.0
2025-03-06 02:15,0.006417
2025-03-06 02:30,0.0
2025-03-06 02:45,0.0
2025-03-06 03:00,0.0
2025-03-06 03:15,0.085857
2025-03-06 03:30,0.0
2025-03-06 03:45,0.007264
2025-03-06 04:00,0.00678
2025-03-06 04:15,0.017088
2025-03-06 04:30,0.049743
2025-03-06 04:45,0.012557
2025-03-06 05:00,0.154384
2025-03-06 05:15,0.0
2025-03-06 05:30,0.060536
2025-03-06 05:45,0.011346
2025-03-06 06:00,0.004635
2025-03-06 06:15,0.096719
2025-03-06 06:30,0.010032
2025-03-06 06:45,0.002421
2025-03-06 07:00,0.0
2025-03-06 07:15,0.010551
2025-03-06 07:30,0.0
2025-03-06 07:45,0.0
2025-03-06 08:00,0.002421
2025-03-06 08:15,0.0
2025-03-06 08:30,0.0
2025-03-06 08:45,0.002421
2025-03-06 09:00,0.0
2025-03-06 09:15,0.002006
2025-03-06 09:30,0.0
2025-03-06 09:45,0.008337
2025-03-06 10:00,0.0
2025-03-06 10:15,0.0
2025-03-06 10:30,0.001211
2025-03-06 10:45,0.0
2025-03-06 11:00,0.0
2025-03-06 11:15,0.003321
2025-03-06 11:30,0.052165
2025-03-06 11:45,0.0
2025-03-06 12:00,0.002006
2025-03-06 12:15,0.0
2025-03-06 12:30,0.0
2025-03-06 12:45,0.0
2025-03-06 13:00,0.009859
2025-03-06 13:15,0.002214
2025-03-06 13:30,0.186727
2025-03-06 13:45,0.259578
2025-03-06 14:00,0.220074
2025-03-06 14:15,0.162997
2025-03-06 14:30,0.207517
2025-03-06 14:45,0.443676
2025-03-06 15:00,0.406178
2025-03-06 15:15,0.309736
2025-03-06 15:30,0.699241
2025-03-06 15:45,0.264593
2025-03-06 16:00,0.223533
2025-03-06 16:15,0.204542
2025-03-06 16:30,0.735631
2025-03-06 16:45,0.376325
2025-03-06 17:00,0.458965
2025-03-06 17:15,0.209385
2025-03-06 17:30,0.111455
2025-03-06 17:45,0.257986
2025-03-06 18:00,0.538596
2025-03-06 18:15,0.567584
2025-03-06 18:30,0.46834
2025-03-06 18:45,0.552018
2025-03-06 19:00,0.199526
2025-03-06 19:15,0.6972
2025-03-06 19:30,0.410675
2025-03-06 19:45,0.273657
2025-03-06 20:00,0.275144
2025-03-06 20:15,0.482211
2025-03-06 20:30,0.620821
2025-03-06 20:45,0.413685
2025-03-06 21:00,0.204784
2025-03-06 21:15,0.158362
2025-03-06 21:30,0.309459
2025-03-06 21:45,0.164173
2025-03-06 22:00,0.197866
2025-03-06 22:15,0.004843
2025-03-06 22:30,0.0
2025-03-06 22:45,0.050573
2025-03-06 23:00,0.006503
2025-03-06 23:15,0.0
2025-03-06 23:30,0.046215
2025-03-06 23:45,0.0
2025-03-07 00:00,0.0
2025-03-07 00:15,0.0
2025-03-07 00:30,0.006918
2025-03-07 00:45,0.0
2025-03-07 01:00,0.005708
2025-03-07 01:15,0.0
2025-03-07 01:30,0.003252
2025-03-07 01:45,0.0
2025-03-07 02:00,0.0
2025-03-07 02:15,0.0
2025-03-07 02:30,0.004843
2025-03-07 02:45,0.0
2025-03-07 03:00,0.024975
2025-03-07 03:15,0.0
2025-03-07 03:30,0.0
2025-03-07 03:45,0.007057
2025-03-07 04:00,0.009755
2025-03-07 04:15,0.010862
2025-03-07 04:30,0.0
2025-03-07 04:45,0.0
2025-03-07 05:00,0.0
2025-03-07 05:15,0.0
2025-03-07 05:30,0.0
2025-03-07 05:45,0.040334
2025-03-07 06:00,0.078109
2025-03-07 06:15,0.0
2025-03-07 06:30,0.0
2025-03-07 06:45,0.016535
2025-03-07 07:00,0.002214
2025-03-07 07:15,0.009686
2025-03-07 07:30,0.007818
2025-03-07 07:45,0.061816
2025-03-07 08:00,0.0
2025-03-07 08:15,0.002421
2025-03-07 08:30,0.016016
2025-03-07 08:45,0.096719
2025-03-07 09:00,0.003252
2025-03-07 09:15,0.0
2025-03-07 09:30,0.002006
2025-03-07 09:45,0.0
2025-03-07 10:00,0.00934
2025-03-07 10:15,0.0
2025-03-07 10:30,0.018437
2025-03-07 10:45,0.0
2025-03-07 11:00,0.145078
2025-03-07 11:15,0.0
2025-03-07 11:30,0.0
2025-03-07 11:45,0.007679
2025-03-07 12:00,0.096719
2025-03-07 12:15,0.003252
2025-03-07 12:30,0.006157
2025-03-07 12:45,0.002006
2025-03-07 13:00,0.197866
2025-03-07 13:15,0.21274
2025-03-07 13:30,0.2602
2025-03-07 13:45,0.258886
2025-03-07 14:00,0.15684
2025-03-07 14:15,0.02418
2025-03-07 14:30,0.27933
2025-03-07 14:45,0.240137
2025-03-07 15:00,0.44122
2025-03-07 15:15,0.510092
2025-03-07 15:30,0.82941
2025-03-07 15:45,0.216995
2025-03-07 16:00,0.759949
2025-03-07 16:15,0.48778
2025-03-07 16:30,0.202293
2025-03-07 16:45,0.608679
2025-03-07 17:00,0.179774
2025-03-07 17:15,0.084543
2025-03-07 17:30,0.345158
2025-03-07 17:45,0.303163
2025-03-07 18:00,0.072643
2025-03-07 18:15,0.129547
2025-03-07 18:30,0.117751
2025-03-07 18:45,0.492623
2025-03-07 19:00,0.266288
2025-03-07 19:15,0.399952
2025-03-07 19:30,0.273518
2025-03-07 19:45,0.224259
2025-03-07 20:00,0.342771
2025-03-07 20:15,0.465953
2025-03-07 20:30,0.839649
2025-03-07 20:45,0.339865
2025-03-07 21:00,0.376152
2025-03-07 21:15,0.165349
2025-03-07 21:30,0.210838
2025-03-07 21:45,0.247816
2025-03-07 22:00,0.098725
2025-03-07 22:15,0.250203
2025-03-07 22:30,0.0
2025-03-07 22:45,0.035007
2025-03-07 23:00,0.032032
2025-03-07 23:15,0.048359
2025-03-07 23:30,0.0
2025-03-07 23:45,0.0
2025-03-08 00:00,0.171922
2025-03-08 00:15,0.007126
2025-03-08 00:30,0.202709
2025-03-08 00:45,0.0
2025-03-08 01:00,0.082536
2025-03-08 01:15,0.005016
2025-03-08 01:30,0.013975
2025-03-08 01:45,0.0
2025-03-08 02:00,0.0
2025-03-08 02:15,0.0
2025-03-08 02:30,0.004843
2025-03-08 02:45,0.014771
2025-03-08 03:00,0.006918
2025-03-08 03:15,0.006642
2025-03-08 03:30,0.012972
2025-03-08 03:45,0.0
2025-03-08 04:00,0.105021
2025-03-08 04:15,0.0
2025-03-08 04:30,0.004843
2025-03-08 04:45,0.0
2025-03-08 05:00,0.0
2025-03-08 05:15,0.105021
2025-03-08 05:30,0.0
2025-03-08 05:45,0.0
2025-03-08 06:00,0.0
2025-03-08 06:15,0.0
2025-03-08 06:30,0.0
2025-03-08 06:45,0.0
2025-03-08 07:00,0.007264
2025-03-08 07:15,0.0
2025-03-08 07:30,0.0
2025-03-08 07:45,0.006503
2025-03-08 08:00,0.0
2025-03-08 08:15,0.039054
2025-03-08 08:30,0.002421
2025-03-08 08:45,0.009271
2025-03-08 09:00,0.048359
2025-03-08 09:15,0.0
2025-03-08 09:30,0.004843
2025-03-08 09:45,0.0
2025-03-08 10:00,0.05974
2025-03-08 10:15,0.005466
2025-03-08 10:30,0.0
2025-03-08 10:45,0.006918
2025-03-08 11:00,0.0
2025-03-08 11:15,0.004843
2025-03-08 11:30,0.016016
2025-03-08 11:45,0.008371
2025-03-08 12:00,0.0
2025-03-08 12:15,0.004843
2025-03-08 12:30,0.006503
2025-03-08 12:45,0.0
2025-03-08 13:00,0.0
2025-03-08 13:15,0.0
2025-03-08 13:30,0.019544
2025-03-08 13:45,0.010032
2025-03-08 14:00,0.003252
2025-03-08 14:15,0.003736
2025-03-08 14:30,0.001349
2025-03-08 14:45,0.0
2025-03-08 15:00,0.002421
2025-03-08 15:15,0.048359
2025-03-08 15:30,0.363423
2025-03-08 15:45,0.106716
2025-03-08 16:00,0.0
2025-03-08 16:15,0.012349
2025-03-08 16:30,0.0
2025-03-08 16:45,0.006157
2025-03-08 17:00,0.00761
2025-03-08 17:15,0.006157
2025-03-08 17:30,0.0
2025-03-08 17:45,0.004843
2025-03-08 18:00,0.0
2025-03-08 18:15,0.003321
2025-03-08 18:30,0.003252
2025-03-08 18:45,0.002421
2025-03-08 19:00,0.006642
2025-03-08 19:15,0.054932
2025-03-08 19:30,0.0
2025-03-08 19:45,0.041649
2025-03-08 20:00,0.007195
2025-03-08 20:15,0.017227
2025-03-08 20:30,0.0
2025-03-08 20:45,0.006434
2025-03-08 21:00,0.0
2025-03-08 21:15,0.0
2025-03-08 21:30,0.002006
2025-03-08 21:45,0.005673
2025-03-08 22:00,0.028469
2025-03-08 22:15,0.006918
2025-03-08 22:30,0.002214
2025-03-08 22:45,0.0
2025-03-08 23:00,0.006503
2025-03-08 23:15,0.0
2025-03-08 23:30,0.003252
2025-03-08 23:45,0.004843
2025-03-09 00:00,0.0
2025-03-09 00:15,0.016535
2025-03-09 00:30,0.006918
2025-03-09 00:45,0.006503
2025-03-09 01:00,0.0
2025-03-09 01:15,0.006503
2025-03-09 01:30,0.002421
2025-03-09 01:45,0.050573
2025-03-09 02:00,0.003217
2025-03-09 02:15,0.0
2025-03-09 02:30,0.0
2025-03-09 02:45,0.0
2025-03-09 03:00,0.002421
2025-03-09 03:15,0.003252
2025-03-09 03:30,0.049916
2025-03-09 03:45,0.0
2025-03-09 04:00,0.0
2025-03-09 04:15,0.048359
2025-03-09 04:30,0.0
2025-03-09 04:45,0.0
2025-03-09 05:00,0.0
2025-03-09 05:15,0.024768
2025-03-09 05:30,0.0
2025-03-09 05:45,0.004843
2025-03-09 06:00,0.0
2025-03-09 06:15,0.0
2025-03-09 06:30,0.101147
2025-03-09 06:45,0.004428
2025-03-09 07:00,0.008925
2025-03-09 07:15,0.0
2025-03-09 07:30,0.0
2025-03-09 07:45,0.0
2025-03-09 08:00,0.0
2025-03-09 08:15,0.016673
2025-03-09 08:30,0.002421
2025-03-09 08:45,0.0
2025-03-09 09:00,0.0
2025-03-09 09:15,0.0
2025-03-09 09:30,0.0
2025-03-09 09:45,0.003252
2025-03-09 10:00,0.108342
2025-03-09 10:15,0.10087
2025-03-09 10:30,0.0
2025-03-09 10:45,0.004843
2025-03-09 11:00,0.004843
2025-03-09 11:15,0.0
2025-03-09 11:30,0.0
2025-03-09 11:45,0.0
2025-03-09 12:00,0.0
2025-03-09 12:15,0.0
2025-03-09 12:30,0.048359
2025-03-09 12:45,0.0
2025-03-09 13:00,0.002214
2025-03-09 13:15,0.124289
2025-03-09 13:30,0.002698
2025-03-09 13:45,0.0
2025-03-09 14:00,0.003252
2025-03-09 14:15,0.0
2025-03-09 14:30,0.0
2025-03-09 14:45,0.01612
2025-03-09 15:00,0.002698
2025-03-09 15:15,0.003252
2025-03-09 15:30,0.422298
2025-03-09 15:45,0.002421
2025-03-09 16:00,0.005154
2025-03-09 16:15,0.006503
2025-03-09 16:30,0.0
2025-03-09 16:45,0.043102
2025-03-09 17:00,0.0
2025-03-09 17:15,0.0
2025-03-09 17:30,0.031998
2025-03-09 17:45,0.052511
2025-03-09 18:00,0.0
2025-03-09 18:15,0.053687
2025-03-09 18:30,0.004635
2025-03-09 18:45,0.105021
2025-03-09 19:00,0.003252
2025-03-09 19:15,0.0
2025-03-09 19:30,0.0
2025-03-09 19:45,0.003252
2025-03-09 20:00,0.0
2025-03-09 20:15,0.005396
2025-03-09 20:30,0.004843
2025-03-09 20:45,0.005396
2025-03-09 21:00,0.006503
2025-03-09 21:15,0.0
2025-03-09 21:30,0.0
2025-03-09 21:45,0.0
2025-03-09 22:00,0.0
2025-03-09 22:15,0.003252
2025-03-09 22:30,0.0
2025-03-09 22:45,0.0
2025-03-09 23:00,0.0
2025-03-09 23:15,0.003252
2025-03-09 23:30,0.048359
2025-03-09 23:45,0.0
2025-03-10 00:00,0.052511
2025-03-10 00:15,0.006503
2025-03-10 00:30,0.006503
2025-03-10 00:45,0.007437
2025-03-10 01:00,0.0
2025-03-10 01:15,0.008925
2025-03-10 01:30,0.009271
2025-03-10 01:45,0.0
2025-03-10 02:00,0.0
2025-03-10 02:15,0.0
2025-03-10 02:30,0.016673
2025-03-10 02:45,0.0
2025-03-10 03:00,0.006918
2025-03-10 03:15,0.0
2025-03-10 03:30,0.0
2025-03-10 03:45,0.0
2025-03-10 04:00,0.005016
2025-03-10 04:15,0.006503
2025-03-10 04:30,0.0
2025-03-10 04:45,0.105021
2025-03-10 05:00,0.0
2025-03-10 05:15,0.0
2025-03-10 05:30,0.004428
2025-03-10 05:45,0.0
2025-03-10 06:00,0.010862
2025-03-10 06:15,0.0
2025-03-10 06:30,0.0
2025-03-10 06:45,0.007922
2025-03-10 07:00,0.002421
2025-03-10 07:15,0.003252
2025-03-10 07:30,0.0
2025-03-10 07:45,0.002421
2025-03-10 08:00,0.004843
2025-03-10 08:15,0.010862
2025-03-10 08:30,0.0
2025-03-10 08:45,0.002006
2025-03-10 09:00,0.039054
2025-03-10 09:15,0.0
2025-03-10 09:30,0.0
2025-03-10 09:45,0.107442
2025-03-10 10:00,0.008579
2025-03-10 10:15,0.012903
2025-03-10 10:30,0.0
2025-03-10 10:45,0.004843
2025-03-10 11:00,0.020375
2025-03-10 11:15,0.006745
2025-03-10 11:30,0.100801
2025-03-10 11:45,0.0
2025-03-10 12:00,0.126537
2025-03-10 12:15,0.353391
2025-03-10 12:30,0.119135
2025-03-10 12:45,0.630507
2025-03-10 13:00,0.172406
2025-03-10 13:15,0.32589
2025-03-10 13:30,0.117751
2025-03-10 13:45,0.161821
2025-03-10 14:00,0.109933
2025-03-10 14:15,0.352595
2025-03-10 14:30,0.478683
2025-03-10 14:45,0.883961
2025-03-10 15:00,0.144387
2025-03-10 15:15,0.237785
2025-03-10 15:30,0.315893
2025-03-10 15:45,0.40521
2025-03-10 16:00,0.276528
2025-03-10 16:15,0.169224
2025-03-10 16:30,0.502724
2025-03-10 16:45,0.42081
2025-03-10 17:00,0.357231
2025-03-10 17:15,0.593044
2025-03-10 17:30,0.057976
2025-03-10 17:45,0.061643
2025-03-10 18:00,0.357507
2025-03-10 18:15,0.349032
2025-03-10 18:30,0.311327
2025-03-10 18:45,0.273414
2025-03-10 19:00,0.294585
2025-03-10 19:15,0.450179
2025-03-10 19:30,0.465313
2025-03-10 19:45,0.216822
2025-03-10 20:00,0.239929
2025-03-10 20:15,0.038778
2025-03-10 20:30,0.171749
2025-03-10 20:45,0.096719
2025-03-10 21:00,0.048359
2025-03-10 21:15,0.006642
2025-03-10 21:30,0.016327
2025-03-10 21:45,0.0
2025-03-10 22:00,0.053929
2025-03-10 22:15,0.004359
2025-03-10 22:30,0.0
2025-03-10 22:45,0.060397
2025-03-10 23:00,0.0
2025-03-10 23:15,0.004843
2025-03-10 23:30,0.006503
2025-03-10 23:45,0.0
2025-03-11 00:00,0.002214
2025-03-11 00:15,0.002698
2025-03-11 00:30,0.0
2025-03-11 00:45,0.002006
2025-03-11 01:00,0.054586
2025-03-11 01:15,0.0
2025-03-11 01:30,0.0
2025-03-11 01:45,0.052511
2025-03-11 02:00,0.03563
2025-03-11 02:15,0.0
2025-03-11 02:30,0.0
2025-03-11 02:45,0.004013
2025-03-11 03:00,0.0
2025-03-11 03:15,0.002698
2025-03-11 03:30,0.101147
2025-03-11 03:45,0.003252
2025-03-11 04:00,0.214124
2025-03-11 04:15,0.144075
2025-03-11 04:30,0.003252
2025-03-11 04:45,0.0
2025-03-11 05:00,0.0
2025-03-11 05:15,0.0
2025-03-11 05:30,0.052511
2025-03-11 05:45,0.008095
2025-03-11 06:00,0.0
2025-03-11 06:15,0.005016
2025-03-11 06:30,0.0
2025-03-11 06:45,0.0
2025-03-11 07:00,0.0
2025-03-11 07:15,0.0
2025-03-11 07:30,0.055001
2025-03-11 07:45,0.006503
2025-03-11 08:00,0.0
2025-03-11 08:15,0.0
2025-03-11 08:30,0.056938
2025-03-11 08:45,0.008371
2025-03-11 09:00,0.010032
2025-03-11 09:15,0.0
2025-03-11 09:30,0.004843
2025-03-11 09:45,0.002421
2025-03-11 10:00,0.0
2025-03-11 10:15,0.002421
2025-03-11 10:30,0.0
2025-03-11 10:45,0.007264
2025-03-11 11:00,0.003252
2025-03-11 11:15,0.0
2025-03-11 11:30,0.003252
2025-03-11 11:45,0.002698
2025-03-11 12:00,0.084058
2025-03-11 12:15,0.118166
2025-03-11 12:30,0.145078
2025-03-11 12:45,0.026636
2025-03-11 13:00,0.198834
2025-03-11 13:15,0.695643
2025-03-11 13:30,0.594808
2025-03-11 13:45,0.257191
2025-03-11 14:00,0.409118
2025-03-11 14:15,0.441185
2025-03-11 14:30,0.866596
2025-03-11 14:45,0.162167
2025-03-11 15:00,0.274556
2025-03-11 15:15,0.260823
2025-03-11 15:30,0.713285
2025-03-11 15:45,0.234879
2025-03-11 16:00,0.342287
2025-03-11 16:15,0.081741
2025-03-11 16:30,0.145338
2025-03-11 16:45,0.236159
2025-03-11 17:00,0.485601
2025-03-11 17:15,0.372935
2025-03-11 17:30,0.261307
2025-03-11 17:45,0.579414
2025-03-11 18:00,0.845737
2025-03-11 18:15,0.662885
2025-03-11 18:30,0.945846
2025-03-11 18:45,0.429147
2025-03-11 19:00,0.281267
2025-03-11 19:15,0.157289
2025-03-11 19:30,0.158258
2025-03-11 19:45,0.566823
2025-03-11 20:00,0.602798
2025-03-11 20:15,0.451632
2025-03-11 20:30,0.063857
2025-03-11 20:45,0.154349
2025-03-11 21:00,0.050781
2025-03-11 21:15,0.013975
2025-03-11 21:30,0.0
2025-03-11 21:45,0.050781
2025-03-11 22:00,0.0
2025-03-11 22:15,0.002421
2025-03-11 22:30,0.048359
2025-03-11 22:45,0.10592
2025-03-11 23:00,0.0
2025-03-11 23:15,0.0
2025-03-11 23:30,0.103084
2025-03-11 23:45,0.125292
2025-03-12 00:00,0.105021
2025-03-12 00:00,0.019397
2025-03-12 00:15,0.0
2025-03-12 00:30,0.027652
2025-03-12 00:45,0.009187
2025-03-12 01:00,0.0
2025-03-12 01:15,0.039817
2025-03-12 01:30,0.0
2025-03-12 01:45,0.021474
2025-03-12 02:00,0.000447
2025-03-12 02:15,0.009788
2025-03-12 02:30,0.0
2025-03-12 02:45,0.0
2025-03-12 03:00,0.000894
2025-03-12 03:15,0.001291
2025-03-12 03:30,0.000894
2025-03-12 03:45,0.0
2025-03-12 04:00,0.000409
2025-03-12 04:15,0.0
2025-03-12 04:30,0.002913
2025-03-12 04:45,0.0
2025-03-12 05:00,0.0
2025-03-12 05:15,0.001201
2025-03-12 05:30,0.000601
2025-03-12 05:45,0.000894
2025-03-12 06:00,0.0
2025-03-12 06:15,0.0
2025-03-12 06:30,0.0
2025-03-12 06:45,0.0
2025-03-12 07:00,0.0
2025-03-12 07:15,0.0
2025-03-12 07:30,0.0
2025-03-12 07:45,0.0
2025-03-12 08:00,0.000498
2025-03-12 08:15,0.000894
2025-03-12 08:30,0.0
2025-03-12 08:45,0.000447
2025-03-12 09:00,0.004089
2025-03-12 09:15,0.002076
2025-03-12 09:30,0.0
2025-03-12 09:45,0.0
2025-03-12 10:00,0.0
2025-03-12 10:15,0.0
2025-03-12 10:30,0.012024
2025-03-12 10:45,0.000409
2025-03-12 11:00,0.0
2025-03-12 11:15,0.083486
2025-03-12 11:30,0.037823
2025-03-12 11:45,0.019397
2025-03-12 12:00,0.017787
2025-03-12 12:15,0.020918
2025-03-12 12:30,0.02755
2025-03-12 12:45,0.073001
2025-03-12 13:00,1.0
2025-03-12 13:15,0.043241
2025-03-12 13:30,0.092532
2025-03-12 13:45,0.088047
2025-03-12 14:00,0.024087
2025-03-12 14:15,0.021761
2025-03-12 14:30,0.049074
2025-03-12 14:45,0.097893
2025-03-12 15:00,0.091715
2025-03-12 15:15,0.055706
2025-03-12 15:30,0.153778
2025-03-12 15:45,0.027581
2025-03-12 16:00,0.199006
2025-03-12 16:15,0.075863
2025-03-12 16:30,0.015219
2025-03-12 16:45,0.036143
2025-03-12 17:00,0.044474
2025-03-12 17:15,0.069653
2025-03-12 17:30,0.079333
2025-03-12 17:45,0.055131
2025-03-12 18:00,0.03974
2025-03-12 18:15,0.038973
2025-03-12 18:30,0.142514
2025-03-12 18:45,0.044902
2025-03-12 19:00,0.066357
2025-03-12 19:15,0.091779
2025-03-12 19:30,0.103931
2025-03-12 19:45,0.069653
2025-03-12 20:00,0.196987
2025-03-12 20:15,0.125139
2025-03-12 20:30,0.138106
2025-03-12 20:45,0.019499
2025-03-12 21:00,0.016203
2025-03-12 21:15,0.013462
2025-03-12 21:30,0.024559
2025-03-12 21:45,0.027205
2025-03-12 22:00,0.110492
2025-03-12 22:15,0.018273
2025-03-12 22:30,0.008932
2025-03-12 22:45,0.000371
2025-03-12 23:00,0.001009
2025-03-12 23:15,0.001393
2025-03-12 23:30,0.001048
2025-03-12 23:45,0.000894
2025-03-13 00:00,0.010146
2025-03-13 00:15,0.001201
2025-03-13 00:30,0.0
2025-03-13 00:45,0.0
2025-03-13 01:00,0.000645
2025-03-13 01:15,0.0
2025-03-13 01:30,0.019167
2025-03-13 01:45,0.00214
2025-03-13 02:00,0.000447
2025-03-13 02:15,0.000894
2025-03-13 02:30,0.005469
2025-03-13 02:45,0.001814
2025-03-13 03:00,0.0
2025-03-13 03:15,0.000894
2025-03-13 03:30,0.001201
2025-03-13 03:45,0.0
2025-03-13 04:00,0.013711
2025-03-13 04:15,0.0
2025-03-13 04:30,0.007469
2025-03-13 04:45,0.0
2025-03-13 05:00,0.001374
2025-03-13 05:15,0.0
2025-03-13 05:30,0.010069
2025-03-13 05:45,0.0
2025-03-13 06:00,0.0
2025-03-13 06:15,0.000409
2025-03-13 06:30,0.000447
2025-03-13 06:45,0.000447
2025-03-13 07:00,0.001201
2025-03-13 07:15,0.001176
2025-03-13 07:30,0.001342
2025-03-13 07:45,0.000447
2025-03-13 08:00,0.0
2025-03-13 08:15,0.0
2025-03-13 08:30,0.0
2025-03-13 08:45,0.000894
2025-03-13 09:00,0.011449
2025-03-13 09:15,0.003163
2025-03-13 09:30,0.002869
2025-03-13 09:45,0.0
2025-03-13 10:00,0.001201
2025-03-13 10:15,0.0
2025-03-13 10:30,0.008932
2025-03-13 10:45,0.009379
2025-03-13 11:00,0.003233
2025-03-13 11:15,0.009341
2025-03-13 11:30,0.017864
2025-03-13 11:45,0.057476
2025-03-13 12:00,0.011181
2025-03-13 12:15,0.030367
2025-03-13 12:30,0.100608
2025-03-13 12:45,0.028585
2025-03-13 13:00,0.045924
2025-03-13 13:15,0.079825
2025-03-13 13:30,0.023927
2025-03-13 13:45,0.112172
2025-03-13 14:00,0.070612
2025-03-13 14:15,0.067558
2025-03-13 14:30,0.082815
2025-03-13 14:45,0.000652
2025-03-13 15:00,0.078509
2025-03-13 15:15,0.041867
2025-03-13 15:30,0.143932
2025-03-13 15:45,0.153439
2025-03-13 16:00,0.118977
2025-03-13 16:15,0.070484
2025-03-13 16:30,0.087964
2025-03-13 16:45,0.083403
2025-03-13 17:00,0.026796
2025-03-13 17:15,0.068695
2025-03-13 17:30,0.049049
2025-03-13 17:45,0.010925
2025-03-13 18:00,0.024828
2025-03-13 18:15,0.020196
2025-03-13 18:30,0.091434
2025-03-13 18:45,0.048435
2025-03-13 19:00,0.041855
2025-03-13 19:15,0.011283
2025-03-13 19:30,0.049847
2025-03-13 19:45,0.063507
2025-03-13 20:00,0.078004
2025-03-13 20:15,0.010606
2025-03-13 20:30,0.048908
2025-03-13 20:45,0.030329
2025-03-13 21:00,0.018682
2025-03-13 21:15,0.019634
2025-03-13 21:30,0.009513
2025-03-13 21:45,0.001342
2025-03-13 22:00,0.019576
2025-03-13 22:15,0.002837
2025-03-13 22:30,0.000371
2025-03-13 22:45,0.004376
2025-03-13 23:00,0.002096
2025-03-13 23:15,0.019397
2025-03-13 23:30,0.009379
2025-03-13 23:45,0.000626
2025-03-14 00:00,0.000601
2025-03-14 00:15,0.000894
2025-03-14 00:30,0.00062
2025-03-14 00:45,0.000409
2025-03-14 01:00,0.001725
2025-03-14 01:15,0.0
2025-03-14 01:30,0.009187
2025-03-14 01:45,0.000926
2025-03-14 02:00,0.0
2025-03-14 02:15,0.177028
2025-03-14 02:30,0.00262
2025-03-14 02:45,0.000447
2025-03-14 03:00,0.009699
2025-03-14 03:15,0.0
2025-03-14 03:30,0.001227
2025-03-14 03:45,0.002006
2025-03-14 04:00,0.0
2025-03-14 04:15,0.008932
2025-03-14 04:30,0.0
2025-03-14 04:45,0.0
2025-03-14 05:00,0.000894
2025-03-14 05:15,0.000447
2025-03-14 05:30,0.018758
2025-03-14 05:45,0.0
2025-03-14 06:00,0.0
2025-03-14 06:15,0.001201
2025-03-14 06:30,0.026553
2025-03-14 06:45,0.002096
2025-03-14 07:00,0.0
2025-03-14 07:15,0.0
2025-03-14 07:30,0.0
2025-03-14 07:45,0.0
2025-03-14 08:00,0.0
2025-03-14 08:15,0.0
2025-03-14 08:30,0.0
2025-03-14 08:45,0.000447
2025-03-14 09:00,0.020292
2025-03-14 09:15,0.0
2025-03-14 09:30,0.0
2025-03-14 09:45,0.0
2025-03-14 10:00,0.0
2025-03-14 10:15,0.0
2025-03-14 10:30,0.0
2025-03-14 10:45,0.000894
2025-03-14 11:00,0.0
2025-03-14 11:15,0.0
2025-03-14 11:30,0.0
2025-03-14 11:45,0.0
2025-03-14 12:00,0.019212
2025-03-14 12:15,0.000409
2025-03-14 12:30,0.010191
2025-03-14 12:45,0.018605
2025-03-14 13:00,0.070446
2025-03-14 13:15,0.120203
2025-03-14 13:30,0.034514
2025-03-14 13:45,0.148654
2025-03-14 14:00,0.08247
2025-03-14 14:15,0.058881
2025-03-14 14:30,0.100589
2025-03-14 14:45,0.076822
2025-03-14 15:00,0.018653
2025-03-14 15:15,0.072643
2025-03-14 15:30,0.120951
2025-03-14 15:45,0.06727
2025-03-14 16:00,0.11069
2025-03-14 16:15,0.03744
2025-03-14 16:30,0.090929
2025-03-14 16:45,0.085498
2025-03-14 17:00,0.117245
2025-03-14 17:15,0.105988
2025-03-14 17:30,0.115303
2025-03-14 17:45,0.062945
2025-03-14 18:00,0.116249
2025-03-14 18:15,0.134911
2025-03-14 18:30,0.216525
2025-03-14 18:45,0.037689
2025-03-14 19:00,0.088328
2025-03-14 19:15,0.078253
2025-03-14 19:30,0.045886
2025-03-14 19:45,0.090204
2025-03-14 20:00,0.10418
2025-03-14 20:15,0.096455
2025-03-14 20:30,0.017864
2025-03-14 20:45,0.023103
2025-03-14 21:00,0.000409
2025-03-14 21:15,0.01205
2025-03-14 21:30,0.017864
2025-03-14 21:45,0.001291
2025-03-14 22:00,0.027575
2025-03-14 22:15,0.019998
2025-03-14 22:30,0.0
2025-03-14 22:45,0.0
2025-03-14 23:00,0.002562
2025-03-14 23:15,0.148143
2025-03-14 23:30,0.000447
2025-03-14 23:45,0.0
2025-03-15 00:00,0.000447
2025-03-15 00:15,0.0
2025-03-15 00:30,0.0
2025-03-15 00:45,0.000447
2025-03-15 01:00,0.0
2025-03-15 01:15,0.010401
2025-03-15 01:30,0.000601
2025-03-15 01:45,0.0
2025-03-15 02:00,0.0
2025-03-15 02:15,0.002402
2025-03-15 02:30,0.0
2025-03-15 02:45,0.0135
2025-03-15 03:00,0.000601
2025-03-15 03:15,0.0
2025-03-15 03:30,0.000818
2025-03-15 03:45,0.005891
2025-03-15 04:00,0.0023
2025-03-15 04:15,0.002211
2025-03-15 04:30,0.0221
2025-03-15 04:45,0.0
2025-03-15 05:00,0.000601
2025-03-15 05:15,0.0
2025-03-15 05:30,0.0
2025-03-15 05:45,0.0
2025-03-15 06:00,0.010299
2025-03-15 06:15,0.0
2025-03-15 06:30,0.010593
2025-03-15 06:45,0.0
2025-03-15 07:00,0.000447
2025-03-15 07:15,0.0
2025-03-15 07:30,0.002958
2025-03-15 07:45,0.009699
2025-03-15 08:00,0.010593
2025-03-15 08:15,0.010146
2025-03-15 08:30,0.001342
2025-03-15 08:45,0.0
2025-03-15 09:00,0.0
2025-03-15 09:15,0.010146
2025-03-15 09:30,0.000498
2025-03-15 09:45,0.0
2025-03-15 10:00,0.0
2025-03-15 10:15,0.0
2025-03-15 10:30,0.000926
2025-03-15 10:45,0.0
2025-03-15 11:00,0.0
2025-03-15 11:15,0.0
2025-03-15 11:30,0.0
2025-03-15 11:45,0.001374
2025-03-15 12:00,0.001374
2025-03-15 12:15,0.0
2025-03-15 12:30,0.000447
2025-03-15 12:45,0.0
2025-03-15 13:00,0.002421
2025-03-15 13:15,0.0
2025-03-15 13:30,0.01449
2025-03-15 13:45,0.000447
2025-03-15 14:00,0.0
2025-03-15 14:15,0.0
2025-03-15 14:30,0.0
2025-03-15 14:45,0.000601
2025-03-15 15:00,0.000447
2025-03-15 15:15,0.000422
2025-03-15 15:30,0.038794
2025-03-15 15:45,0.0
2025-03-15 16:00,0.000447
2025-03-15 16:15,0.0
2025-03-15 16:30,0.000882
2025-03-15 16:45,0.0
2025-03-15 17:00,0.00361
2025-03-15 17:15,0.0
2025-03-15 17:30,0.0
2025-03-15 17:45,0.000447
2025-03-15 18:00,0.0
2025-03-15 18:15,0.0
2025-03-15 18:30,0.0
2025-03-15 18:45,0.009699
2025-03-15 19:00,0.02017
2025-03-15 19:15,0.00752
2025-03-15 19:30,0.001278
2025-03-15 19:45,0.0
2025-03-15 20:00,0.0
2025-03-15 20:15,0.000601
2025-03-15 20:30,0.000645
2025-03-15 20:45,0.0
2025-03-15 21:00,0.0
2025-03-15 21:15,0.000371
2025-03-15 21:30,0.0
2025-03-15 21:45,0.0
2025-03-15 22:00,0.0
2025-03-15 22:15,0.000894
2025-03-15 22:30,0.0
2025-03-15 22:45,0.0
2025-03-15 23:00,0.000409
2025-03-15 23:15,0.000447
2025-03-15 23:30,0.001495
2025-03-15 23:45,0.0
2025-03-16 00:00,0.001949
2025-03-16 00:15,0.0
2025-03-16 00:30,0.0
2025-03-16 00:45,0.019397
2025-03-16 01:00,0.0
2025-03-16 01:15,0.0
2025-03-16 01:30,0.0
2025-03-16 01:45,0.0
2025-03-16 02:00,0.002901
2025-03-16 02:15,0.000447
2025-03-16 02:30,0.000613
2025-03-16 02:45,0.001201
2025-03-16 03:00,0.0
2025-03-16 03:15,0.0
2025-03-16 03:30,0.000601
2025-03-16 03:45,0.0
2025-03-16 04:00,0.001342
2025-03-16 04:15,0.000601
2025-03-16 04:30,0.000894
2025-03-16 04:45,0.0
2025-03-16 05:00,0.000601
2025-03-16 05:15,0.008408
2025-03-16 05:30,0.001086
2025-03-16 05:45,0.0
2025-03-16 06:00,0.0
2025-03-16 06:15,0.009699
2025-03-16 06:30,0.002006
2025-03-16 06:45,0.000894
2025-03-16 07:00,0.004012
2025-03-16 07:15,0.002255
2025-03-16 07:30,0.0
2025-03-16 07:45,0.000447
2025-03-16 08:00,0.001342
2025-03-16 08:15,0.009187
2025-03-16 08:30,0.0
2025-03-16 08:45,0.0
2025-03-16 09:00,0.001048
2025-03-16 09:15,0.0
2025-03-16 09:30,0.000447
2025-03-16 09:45,0.000447
2025-03-16 10:00,0.000601
2025-03-16 10:15,0.001201
2025-03-16 10:30,0.001342
2025-03-16 10:45,0.0
2025-03-16 11:00,0.000447
2025-03-16 11:15,0.009187
2025-03-16 11:30,0.000601
2025-03-16 11:45,0.0
2025-03-16 12:00,0.000447
2025-03-16 12:15,0.002453
2025-03-16 12:30,0.002006
2025-03-16 12:45,0.0
2025-03-16 13:00,0.000409
2025-03-16 13:15,0.0
2025-03-16 13:30,0.018311
2025-03-16 13:45,0.0
2025-03-16 14:00,0.003872
2025-03-16 14:15,0.0
2025-03-16 14:30,0.000997
2025-03-16 14:45,0.017864
2025-03-16 15:00,0.000447
2025-03-16 15:15,0.0
2025-03-16 15:30,0.044538
2025-03-16 15:45,0.0
2025-03-16 16:00,0.003488
2025-03-16 16:15,0.0
2025-03-16 16:30,0.078687
2025-03-16 16:45,0.000204
2025-03-16 17:00,0.000601
2025-03-16 17:15,0.0
2025-03-16 17:30,0.002645
2025-03-16 17:45,0.0
2025-03-16 18:00,0.000447
2025-03-16 18:15,0.0
2025-03-16 18:30,0.0
2025-03-16 18:45,0.0
2025-03-16 19:00,0.0
2025-03-16 19:15,0.014612
2025-03-16 19:30,0.007488
2025-03-16 19:45,0.000601
2025-03-16 20:00,0.0
2025-03-16 20:15,0.0
2025-03-16 20:30,0.0
2025-03-16 20:45,0.001789
2025-03-16 21:00,0.0
2025-03-16 21:15,0.004562
2025-03-16 21:30,0.010133
2025-03-16 21:45,0.0
2025-03-16 22:00,0.000818
2025-03-16 22:15,0.000613
2025-03-16 22:30,0.0
2025-03-16 22:45,0.0
2025-03-16 23:00,0.000409
2025-03-16 23:15,0.01044
2025-03-16 23:30,0.000894
2025-03-16 23:45,0.0
2025-03-17 00:00,0.004191
2025-03-17 00:15,0.002172
2025-03-17 00:30,0.0
2025-03-17 00:45,0.0
2025-03-17 01:00,0.0
2025-03-17 01:15,0.000818
2025-03-17 01:30,0.000498
2025-03-17 01:45,0.0
2025-03-17 02:00,0.000741
2025-03-17 02:15,0.002096
2025-03-17 02:30,0.0
2025-03-17 02:45,0.0
2025-03-17 03:00,0.0
2025-03-17 03:15,0.000498
2025-03-17 03:30,0.000894
2025-03-17 03:45,0.001201
2025-03-17 04:00,0.009699
2025-03-17 04:15,0.0
2025-03-17 04:30,0.000447
2025-03-17 04:45,0.0
2025-03-17 05:00,0.020764
2025-03-17 05:15,0.019397
2025-03-17 05:30,0.0
2025-03-17 05:45,0.010593
2025-03-17 06:00,0.009699
2025-03-17 06:15,0.0
2025-03-17 06:30,0.0
2025-03-17 06:45,0.0
2025-03-17 07:00,0.000894
2025-03-17 07:15,0.0
2025-03-17 07:30,0.000447
2025-03-17 07:45,0.0
2025-03-17 08:00,0.000447
2025-03-17 08:15,0.018375
2025-03-17 08:30,0.0
2025-03-17 08:45,0.0
2025-03-17 09:00,0.0
2025-03-17 09:15,0.0
2025-03-17 09:30,0.0
2025-03-17 09:45,0.002096
2025-03-17 10:00,0.0
2025-03-17 10:15,0.007916
2025-03-17 10:30,0.001802
2025-03-17 10:45,0.0
2025-03-17 11:00,0.001291
2025-03-17 11:15,0.019397
2025-03-17 11:30,0.012254
2025-03-17 11:45,0.00483
2025-03-17 12:00,0.001546
2025-03-17 12:15,0.00975
2025-03-17 12:30,0.013583
2025-03-17 12:45,0.064715
2025-03-17 13:00,0.032635
2025-03-17 13:15,0.11805
2025-03-17 13:30,0.064555
2025-03-17 13:45,0.060801
2025-03-17 14:00,0.03284
2025-03-17 14:15,0.03406
2025-03-17 14:30,0.127896
2025-03-17 14:45,0.046199
2025-03-17 15:00,0.04878
2025-03-17 15:15,0.061124
2025-03-17 15:30,0.022656
2025-03-17 15:45,0.051093
2025-03-17 16:00,0.054856
2025-03-17 16:15,0.037663
2025-03-17 16:30,0.109585
2025-03-17 16:45,0.231647
2025-03-17 17:00,0.058287
2025-03-17 17:15,0.107438
2025-03-17 17:30,0.024911
2025-03-17 17:45,0.118424
2025-03-17 18:00,0.05308
2025-03-17 18:15,0.102052
2025-03-17 18:30,0.077601
2025-03-17 18:45,0.139489
2025-03-17 19:00,0.098848
2025-03-17 19:15,0.063341
2025-03-17 19:30,0.133084
2025-03-17 19:45,0.071794
2025-03-17 20:00,0.058421
2025-03-17 20:15,0.0132
2025-03-17 20:30,0.07304
2025-03-17 20:45,0.004843
2025-03-17 21:00,0.089178
2025-03-17 21:15,0.036098
2025-03-17 21:30,0.019039
2025-03-17 21:45,0.01849
2025-03-17 22:00,0.001342
2025-03-17 22:15,0.009545
2025-03-17 22:30,0.003444
2025-03-17 22:45,0.030437
2025-03-17 23:00,0.021518
2025-03-17 23:15,0.029275
2025-03-17 23:30,0.058191
2025-03-17 23:45,0.019397
2025-03-18 00:00,0.010107
2025-03-18 00:15,0.0
2025-03-18 00:30,0.011238
2025-03-18 00:45,0.000371
2025-03-18 01:00,0.000601
2025-03-18 01:15,0.0
2025-03-18 01:30,0.016024
2025-03-18 01:45,0.00161
2025-03-18 02:00,0.009686
2025-03-18 02:15,0.0
2025-03-18 02:30,0.0
2025-03-18 02:45,0.012593
2025-03-18 03:00,0.008293
2025-03-18 03:15,0.002773
2025-03-18 03:30,0.018464
2025-03-18 03:45,0.0
2025-03-18 04:00,0.009699
2025-03-18 04:15,0.0
2025-03-18 04:30,0.000447
2025-03-18 04:45,0.019397
2025-03-18 05:00,0.000601
2025-03-18 05:15,0.005686
2025-03-18 05:30,0.001201
2025-03-18 05:45,0.002249
2025-03-18 06:00,0.0
2025-03-18 06:15,0.0
2025-03-18 06:30,0.0
2025-03-18 06:45,0.0
2025-03-18 07:00,0.000447
2025-03-18 07:15,0.004261
2025-03-18 07:30,0.0
2025-03-18 07:45,0.0
2025-03-18 08:00,0.000447
2025-03-18 08:15,0.000894
2025-03-18 08:30,0.000601
2025-03-18 08:45,0.0
2025-03-18 09:00,0.0
2025-03-18 09:15,0.011647
2025-03-18 09:30,0.000447
2025-03-18 09:45,0.001687
2025-03-18 10:00,0.000447
2025-03-18 10:15,0.0
2025-03-18 10:30,0.000594
2025-03-18 10:45,0.000447
2025-03-18 11:00,0.0
2025-03-18 11:15,0.001648
2025-03-18 11:30,0.001054
2025-03-18 11:45,0.0
2025-03-18 12:00,0.009187
2025-03-18 12:15,0.001291
2025-03-18 12:30,0.029824
2025-03-18 12:45,0.085639
2025-03-18 13:00,0.046225
2025-03-18 13:15,0.067353
2025-03-18 13:30,0.049061
2025-03-18 13:45,0.074266
2025-03-18 14:00,0.064651
2025-03-18 14:15,0.139639
2025-03-18 14:30,0.063296
2025-03-18 14:45,0.059686
2025-03-18 15:00,0.077921
2025-03-18 15:15,0.029211
2025-03-18 15:30,0.177711
2025-03-18 15:45,0.067411
2025-03-18 16:00,0.067417
2025-03-18 16:15,0.052122
2025-03-18 16:30,0.13371
2025-03-18 16:45,0.166371
2025-03-18 17:00,0.10779
2025-03-18 17:15,0.07348
2025-03-18 17:30,0.075525
2025-03-18 17:45,0.076177
2025-03-18 18:00,0.085211
2025-03-18 18:15,0.052058
2025-03-18 18:30,0.145312
2025-03-18 18:45,0.134381
2025-03-18 19:00,0.149401
2025-03-18 19:15,0.076323
2025-03-18 19:30,0.045886
2025-03-18 19:45,0.172932
2025-03-18 20:00,0.163419
2025-03-18 20:15,0.072247
2025-03-18 20:30,0.088961
2025-03-18 20:45,0.082572
2025-03-18 21:00,0.027652
2025-03-18 21:15,0.019218
2025-03-18 21:30,0.054997
2025-03-18 21:45,0.002159
2025-03-18 22:00,0.012855
2025-03-18 22:15,0.018273
2025-03-18 22:30,0.000409
2025-03-18 22:45,0.004638
2025-03-18 23:00,0.019129
2025-03-18 23:15,0.000581
2025-03-18 23:30,0.010912
2025-03-18 23:45,0.000901
2025-03-19 00:00,0.002722
2025-03-19 00:00,0.005523
2025-03-19 00:15,0.022261
2025-03-19 00:30,0.040192
2025-03-19 00:45,0.018125
2025-03-19 01:00,0.0
2025-03-19 01:15,0.006379
2025-03-19 01:30,0.006521
2025-03-19 01:45,0.0
2025-03-19 02:00,0.0
2025-03-19 02:15,0.0
2025-03-19 02:30,0.0
2025-03-19 02:45,0.000908
2025-03-19 03:00,0.004071
2025-03-19 03:15,0.000752
2025-03-19 03:30,0.0
2025-03-19 03:45,0.014638
2025-03-19 04:00,0.015403
2025-03-19 04:15,0.001945
2025-03-19 04:30,0.028757
2025-03-19 04:45,0.00083
2025-03-19 05:00,0.0
2025-03-19 05:15,0.0
2025-03-19 05:30,0.000908
2025-03-19 05:45,0.002788
2025-03-19 06:00,0.00188
2025-03-19 06:15,0.0
2025-03-19 06:30,0.0
2025-03-19 06:45,0.001763
2025-03-19 07:00,0.001854
2025-03-19 07:15,0.0
2025-03-19 07:30,0.003034
2025-03-19 07:45,0.044198
2025-03-19 08:00,0.0
2025-03-19 08:15,0.037158
2025-03-19 08:30,0.0
2025-03-19 08:45,0.0
2025-03-19 09:00,0.0
2025-03-19 09:15,0.000908
2025-03-19 09:30,0.0
2025-03-19 09:45,0.002437
2025-03-19 10:00,0.040581
2025-03-19 10:15,0.0
2025-03-19 10:30,0.0
2025-03-19 10:45,0.092182
2025-03-19 11:00,0.019474
2025-03-19 11:15,0.0
2025-03-19 11:30,0.002048
2025-03-19 11:45,0.005808
2025-03-19 12:00,0.008544
2025-03-19 12:15,0.025075
2025-03-19 12:30,0.000908
2025-03-19 12:45,0.057124
2025-03-19 13:00,0.096707
2025-03-19 13:15,0.137015
2025-03-19 13:30,0.104473
2025-03-19 13:45,0.144419
2025-03-19 14:00,0.206729
2025-03-19 14:15,0.210178
2025-03-19 14:30,0.155011
2025-03-19 14:45,0.133554
2025-03-19 15:00,0.138869
2025-03-19 15:15,0.06821
2025-03-19 15:30,0.165046
2025-03-19 15:45,0.352911
2025-03-19 16:00,0.350227
2025-03-19 16:15,0.376481
2025-03-19 16:30,0.523415
2025-03-19 16:45,0.378945
2025-03-19 17:00,0.397848
2025-03-19 17:15,0.231907
2025-03-19 17:30,0.194827
2025-03-19 17:45,0.045365
2025-03-19 18:00,0.196837
2025-03-19 18:15,0.134254
2025-03-19 18:30,0.166861
2025-03-19 18:45,0.247154
2025-03-19 19:00,0.194723
2025-03-19 19:15,0.115675
2025-03-19 19:30,0.138727
2025-03-19 19:45,0.078828
2025-03-19 20:00,0.274828
2025-03-19 20:15,0.028095
2025-03-19 20:30,0.094516
2025-03-19 20:45,0.166109
2025-03-19 21:00,0.220615
2025-03-19 21:15,0.02147
2025-03-19 21:30,0.204875
2025-03-19 21:45,0.105692
2025-03-19 22:00,0.039129
2025-03-19 22:15,0.052236
2025-03-19 22:30,0.001815
2025-03-19 22:45,0.128186
2025-03-19 23:00,0.070997
2025-03-19 23:15,0.0
2025-03-19 23:30,0.002437
2025-03-19 23:45,0.002126
2025-03-20 00:00,0.001569
2025-03-20 00:15,0.018125
2025-03-20 00:30,0.03625
2025-03-20 00:45,0.0
2025-03-20 01:00,0.002593
2025-03-20 01:15,0.0
2025-03-20 01:30,0.000908
2025-03-20 01:45,0.0
2025-03-20 02:00,0.005471
2025-03-20 02:15,0.063386
2025-03-20 02:30,0.0
2025-03-20 02:45,0.030131
2025-03-20 03:00,0.0
2025-03-20 03:15,0.003747
2025-03-20 03:30,0.0
2025-03-20 03:45,0.0
2025-03-20 04:00,0.039103
2025-03-20 04:15,0.003241
2025-03-20 04:30,0.002126
2025-03-20 04:45,0.0
2025-03-20 05:00,0.004253
2025-03-20 05:15,0.009153
2025-03-20 05:30,0.0
2025-03-20 05:45,0.0
2025-03-20 06:00,0.00083
2025-03-20 06:15,0.0
2025-03-20 06:30,0.000908
2025-03-20 06:45,0.001219
2025-03-20 07:00,0.0
2025-03-20 07:15,0.0
2025-03-20 07:30,0.028186
2025-03-20 07:45,0.0
2025-03-20 08:00,0.0
2025-03-20 08:15,0.019681
2025-03-20 08:30,0.003267
2025-03-20 08:45,0.001815
2025-03-20 09:00,0.002437
2025-03-20 09:15,0.0
2025-03-20 09:30,0.0
2025-03-20 09:45,0.003345
2025-03-20 10:00,0.004875
2025-03-20 10:15,0.001815
2025-03-20 10:30,0.00083
2025-03-20 10:45,0.001219
2025-03-20 11:00,0.00306
2025-03-20 11:15,0.001219
2025-03-20 11:30,0.037288
2025-03-20 11:45,0.018955
2025-03-20 12:00,0.023078
2025-03-20 12:15,0.038468
2025-03-20 12:30,0.098535
2025-03-20 12:45,0.132439
2025-03-20 13:00,0.056943
2025-03-20 13:15,0.162686
2025-03-20 13:30,0.291936
2025-03-20 13:45,0.19296
2025-03-20 14:00,0.060521
2025-03-20 14:15,0.149877
2025-03-20 14:30,0.182782
2025-03-20 14:45,0.048723
2025-03-20 15:00,0.15247
2025-03-20 15:15,0.143459
2025-03-20 15:30,0.237106
2025-03-20 15:45,0.170751
2025-03-20 16:00,0.190043
2025-03-20 16:15,0.119772
2025-03-20 16:30,0.138468
2025-03-20 16:45,0.21574
2025-03-20 17:00,0.247686
2025-03-20 17:15,0.237677
2025-03-20 17:30,0.215967
2025-03-20 17:45,0.299462
2025-03-20 18:00,0.212187
2025-03-20 18:15,0.192506
2025-03-20 18:30,0.108985
2025-03-20 18:45,0.147388
2025-03-20 19:00,0.21714
2025-03-20 19:15,0.069078
2025-03-20 19:30,0.041592
2025-03-20 19:45,0.107714
2025-03-20 20:00,0.137923
2025-03-20 20:15,0.058149
2025-03-20 20:30,0.047582
2025-03-20 20:45,0.009063
2025-03-20 21:00,0.018125
2025-03-20 21:15,0.055205
2025-03-20 21:30,0.004356
2025-03-20 21:45,0.036704
2025-03-20 22:00,0.033269
2025-03-20 22:15,0.001219
2025-03-20 22:30,0.003138
2025-03-20 22:45,0.049086
2025-03-20 23:00,0.018125
2025-03-20 23:15,0.00529
2025-03-20 23:30,0.00223
2025-03-20 23:45,0.00774
2025-03-21 00:00,0.00166
2025-03-21 00:15,0.018644
2025-03-21 00:30,0.03638
2025-03-21 00:45,0.0
2025-03-21 01:00,0.004979
2025-03-21 01:15,0.002489
2025-03-21 01:30,0.018125
2025-03-21 01:45,0.000908
2025-03-21 02:00,0.022067
2025-03-21 02:15,0.0
2025-03-21 02:30,0.0
2025-03-21 02:45,0.0
2025-03-21 03:00,0.042214
2025-03-21 03:15,0.003384
2025-03-21 03:30,0.0
2025-03-21 03:45,0.0
2025-03-21 04:00,0.039362
2025-03-21 04:15,0.001063
2025-03-21 04:30,0.0
2025-03-21 04:45,0.016829
2025-03-21 05:00,0.019681
2025-03-21 05:15,0.004953
2025-03-21 05:30,0.0
2025-03-21 05:45,0.018125
2025-03-21 06:00,0.0
2025-03-21 06:15,0.000908
2025-03-21 06:30,0.0
2025-03-21 06:45,0.000908
2025-03-21 07:00,0.0
2025-03-21 07:15,0.037158
2025-03-21 07:30,0.001219
2025-03-21 07:45,0.00306
2025-03-21 08:00,0.0
2025-03-21 08:15,0.001011
2025-03-21 08:30,0.0
2025-03-21 08:45,0.0
2025-03-21 09:00,0.0
2025-03-21 09:15,0.0
2025-03-21 09:30,0.003112
2025-03-21 09:45,0.001154
2025-03-21 10:00,0.078724
2025-03-21 10:15,0.0
2025-03-21 10:30,0.000908
2025-03-21 10:45,0.002437
2025-03-21 11:00,0.0
2025-03-21 11:15,0.002437
2025-03-21 11:30,0.0
2025-03-21 11:45,0.001219
2025-03-21 12:00,0.002969
2025-03-21 12:15,0.047634
2025-03-21 12:30,0.022417
2025-03-21 12:45,0.05881
2025-03-21 13:00,0.037884
2025-03-21 13:15,0.161429
2025-03-21 13:30,0.16432
2025-03-21 13:45,0.100778
2025-03-21 14:00,0.118378
2025-03-21 14:15,0.161714
2025-03-21 14:30,0.076391
2025-03-21 14:45,0.16572
2025-03-21 15:00,0.118942
2025-03-21 15:15,0.099507
2025-03-21 15:30,0.244509
2025-03-21 15:45,0.069104
2025-03-21 16:00,0.052094
2025-03-21 16:15,0.629509
2025-03-21 16:30,0.064709
2025-03-21 16:45,0.045611
2025-03-21 17:00,0.129262
2025-03-21 17:15,0.237015
2025-03-21 17:30,0.135641
2025-03-21 17:45,0.146661
2025-03-21 18:00,0.168197
2025-03-21 18:15,0.167224
2025-03-21 18:30,0.172825
2025-03-21 18:45,0.09812
2025-03-21 19:00,0.07346
2025-03-21 19:15,0.222721
2025-03-21 19:30,0.140918
2025-03-21 19:45,0.062362
2025-03-21 20:00,0.116323
2025-03-21 20:15,0.242305
2025-03-21 20:30,0.039777
2025-03-21 20:45,0.075976
2025-03-21 21:00,0.043304
2025-03-21 21:15,0.023143
2025-03-21 21:30,0.0
2025-03-21 21:45,0.131466
2025-03-21 22:00,0.0
2025-03-21 22:15,0.002023
2025-03-21 22:30,0.000908
2025-03-21 22:45,0.001815
2025-03-21 23:00,0.007507
2025-03-21 23:15,0.03625
2025-03-21 23:30,0.001206
2025-03-21 23:45,0.0
2025-03-22 00:00,0.099313
2025-03-22 00:15,0.0
2025-03-22 00:30,0.0
2025-03-22 00:45,0.00166
2025-03-22 01:00,0.0
2025-03-22 01:15,0.000908
2025-03-22 01:30,0.0
2025-03-22 01:45,0.001219
2025-03-22 02:00,0.0
2025-03-22 02:15,0.0
2025-03-22 02:30,0.012006
2025-03-22 02:45,0.0
2025-03-22 03:00,0.041177
2025-03-22 03:15,0.0
2025-03-22 03:30,0.0
2025-03-22 03:45,0.0
2025-03-22 04:00,0.003138
2025-03-22 04:15,0.03931
2025-03-22 04:30,0.001309
2025-03-22 04:45,0.0
2025-03-22 05:00,0.041177
2025-03-22 05:15,0.0
2025-03-22 05:30,0.0
2025-03-22 05:45,0.002437
2025-03-22 06:00,0.006042
2025-03-22 06:15,0.03625
2025-03-22 06:30,0.000752
2025-03-22 06:45,0.001815
2025-03-22 07:00,0.001815
2025-03-22 07:15,0.001971
2025-03-22 07:30,0.0
2025-03-22 07:45,0.0
2025-03-22 08:00,0.001647
2025-03-22 08:15,0.005938
2025-03-22 08:30,0.0
2025-03-22 08:45,0.003903
2025-03-22 09:00,0.0
2025-03-22 09:15,0.002437
2025-03-22 09:30,0.040581
2025-03-22 09:45,0.0
2025-03-22 10:00,0.0
2025-03-22 10:15,0.0
2025-03-22 10:30,0.001815
2025-03-22 10:45,0.0
2025-03-22 11:00,0.0
2025-03-22 11:15,0.0
2025-03-22 11:30,0.006249
2025-03-22 11:45,0.0
2025-03-22 12:00,0.0
2025-03-22 12:15,0.0
2025-03-22 12:30,0.000908
2025-03-22 12:45,0.0
2025-03-22 13:00,0.0
2025-03-22 13:15,0.0
2025-03-22 13:30,0.030559
2025-03-22 13:45,0.000908
2025-03-22 14:00,0.002269
2025-03-22 14:15,0.001815
2025-03-22 14:30,0.002567
2025-03-22 14:45,0.0
2025-03-22 15:00,0.0
2025-03-22 15:15,0.015856
2025-03-22 15:30,0.157306
2025-03-22 15:45,0.0
2025-03-22 16:00,0.0
2025-03-22 16:15,0.0
2025-03-22 16:30,0.0
2025-03-22 16:45,0.00293
2025-03-22 17:00,0.002126
2025-03-22 17:15,0.002775
2025-03-22 17:30,0.0
2025-03-22 17:45,0.003267
2025-03-22 18:00,0.0
2025-03-22 18:15,0.0
2025-03-22 18:30,0.00166
2025-03-22 18:45,0.0
2025-03-22 19:00,0.007027
2025-03-22 19:15,0.001232
2025-03-22 19:30,0.002165
2025-03-22 19:45,0.0
2025-03-22 20:00,0.006418
2025-03-22 20:15,0.019681
2025-03-22 20:30,0.002023
2025-03-22 20:45,0.000908
2025-03-22 21:00,0.0
2025-03-22 21:15,0.025593
2025-03-22 21:30,0.0
2025-03-22 21:45,0.0
2025-03-22 22:00,0.005303
2025-03-22 22:15,0.006003
2025-03-22 22:30,0.0
2025-03-22 22:45,0.005368
2025-03-22 23:00,0.001815
2025-03-22 23:15,0.001815
2025-03-22 23:30,0.0
2025-03-22 23:45,0.0
2025-03-23 00:00,0.000908
2025-03-23 00:15,0.0
2025-03-23 00:30,0.0
2025-03-23 00:45,0.0
2025-03-23 01:00,0.0
2025-03-23 01:15,0.0
2025-03-23 01:30,0.0
2025-03-23 01:45,0.00083
2025-03-23 02:00,0.0
2025-03-23 02:15,0.002489
2025-03-23 02:30,0.0
2025-03-23 02:45,0.00398
2025-03-23 03:00,0.000908
2025-03-23 03:15,0.001815
2025-03-23 03:30,0.00083
2025-03-23 03:45,0.001219
2025-03-23 04:00,0.0
2025-03-23 04:15,0.0
2025-03-23 04:30,0.000752
2025-03-23 04:45,0.0
2025-03-23 05:00,0.0
2025-03-23 05:15,0.009153
2025-03-23 05:30,0.023
2025-03-23 05:45,0.0
2025-03-23 06:00,0.0
2025-03-23 06:15,0.000908
2025-03-23 06:30,0.0
2025-03-23 06:45,0.0
2025-03-23 07:00,0.002437
2025-03-23 07:15,0.0
2025-03-23 07:30,0.001815
2025-03-23 07:45,0.0
2025-03-23 08:00,0.0
2025-03-23 08:15,0.0
2025-03-23 08:30,0.001504
2025-03-23 08:45,0.0
2025-03-23 09:00,0.001219
2025-03-23 09:15,0.001815
2025-03-23 09:30,0.000908
2025-03-23 09:45,0.0
2025-03-23 10:00,0.00083
2025-03-23 10:15,0.002437
2025-03-23 10:30,0.000908
2025-03-23 10:45,0.0
2025-03-23 11:00,0.04027
2025-03-23 11:15,0.0
2025-03-23 11:30,0.0
2025-03-23 11:45,0.001219
2025-03-23 12:00,0.000908
2025-03-23 12:15,0.0
2025-03-23 12:30,0.002619
2025-03-23 12:45,0.0
2025-03-23 13:00,0.004875
2025-03-23 13:15,0.007974
2025-03-23 13:30,0.000908
2025-03-23 13:45,0.021989
2025-03-23 14:00,0.0
2025-03-23 14:15,0.039362
2025-03-23 14:30,0.0
2025-03-23 14:45,0.0
2025-03-23 15:00,0.000376
2025-03-23 15:15,0.0
2025-03-23 15:30,0.019681
2025-03-23 15:45,0.0
2025-03-23 16:00,0.001815
2025-03-23 16:15,0.002619
2025-03-23 16:30,0.002645
2025-03-23 16:45,0.0
2025-03-23 17:00,0.001815
2025-03-23 17:15,0.0
2025-03-23 17:30,0.0
2025-03-23 17:45,0.018903
2025-03-23 18:00,0.0
2025-03-23 18:15,0.037158
2025-03-23 18:30,0.0
2025-03-23 18:45,0.0
2025-03-23 19:00,0.0
2025-03-23 19:15,0.000752
2025-03-23 19:30,0.003747
2025-03-23 19:45,0.018125
2025-03-23 20:00,0.0
2025-03-23 20:15,0.001219
2025-03-23 20:30,0.007494
2025-03-23 20:45,0.0
2025-03-23 21:00,0.0
2025-03-23 21:15,0.012835
2025-03-23 21:30,0.001219
2025-03-23 21:45,0.001815
2025-03-23 22:00,0.00166
2025-03-23 22:15,0.0
2025-03-23 22:30,0.000908
2025-03-23 22:45,0.0
2025-03-23 23:00,0.0
2025-03-23 23:15,0.00739
2025-03-23 23:30,0.007753
2025-03-23 23:45,0.0
2025-03-24 00:00,0.0
2025-03-24 00:15,0.014638
2025-03-24 00:30,0.019137
2025-03-24 00:45,0.004071
2025-03-24 01:00,0.000908
2025-03-24 01:15,0.018125
2025-03-24 01:30,0.0
2025-03-24 01:45,0.0
2025-03-24 02:00,0.0
2025-03-24 02:15,0.0
2025-03-24 02:30,0.0
2025-03-24 02:45,0.0
2025-03-24 03:00,0.0
2025-03-24 03:15,0.002788
2025-03-24 03:30,0.008505
2025-03-24 03:45,0.0
2025-03-24 04:00,0.0
2025-03-24 04:15,0.002126
2025-03-24 04:30,0.019681
2025-03-24 04:45,0.00376
2025-03-24 05:00,0.001919
2025-03-24 05:15,0.001219
2025-03-24 05:30,0.0
2025-03-24 05:45,0.0
2025-03-24 06:00,0.0
2025-03-24 06:15,0.0
2025-03-24 06:30,0.0
2025-03-24 06:45,0.0
2025-03-24 07:00,0.0
2025-03-24 07:15,0.0
2025-03-24 07:30,0.0
2025-03-24 07:45,0.001219
2025-03-24 08:00,0.0
2025-03-24 08:15,0.0
2025-03-24 08:30,0.001219
2025-03-24 08:45,0.039362
2025-03-24 09:00,0.0
2025-03-24 09:15,0.0
2025-03-24 09:30,0.0
2025-03-24 09:45,0.038066
2025-03-24 10:00,0.001815
2025-03-24 10:15,0.001815
2025-03-24 10:30,0.001011
2025-03-24 10:45,0.0
2025-03-24 11:00,0.004071
2025-03-24 11:15,0.019707
2025-03-24 11:30,0.001219
2025-03-24 11:45,0.0
2025-03-24 12:00,0.019033
2025-03-24 12:15,0.002048
2025-03-24 12:30,0.071114
2025-03-24 12:45,0.060003
2025-03-24 13:00,0.097757
2025-03-24 13:15,0.018955
2025-03-24 13:30,1.0
2025-03-24 13:45,0.177155
2025-03-24 14:00,0.184546
2025-03-24 14:15,0.133243
2025-03-24 14:30,0.091106
2025-03-24 14:45,0.299793
2025-03-24 15:00,0.08933
2025-03-24 15:15,0.124413
2025-03-24 15:30,0.346221
2025-03-24 15:45,0.252431
2025-03-24 16:00,0.241216
2025-03-24 16:15,0.186309
2025-03-24 16:30,0.186944
2025-03-24 16:45,0.185272
2025-03-24 17:00,0.130637
2025-03-24 17:15,0.262881
2025-03-24 17:30,0.189343
2025-03-24 17:45,0.212784
2025-03-24 18:00,0.291832
2025-03-24 18:15,0.089044
2025-03-24 18:30,0.140698
2025-03-24 18:45,0.366563
2025-03-24 19:00,0.180202
2025-03-24 19:15,0.095047
2025-03-24 19:30,0.174173
2025-03-24 19:45,0.057085
2025-03-24 20:00,0.03568
2025-03-24 20:15,0.020939
2025-03-24 20:30,0.041877
2025-03-24 20:45,0.111863
2025-03-24 21:00,0.020848
2025-03-24 21:15,0.04014
2025-03-24 21:30,0.003915
2025-03-24 21:45,0.0
2025-03-24 22:00,0.00166
2025-03-24 22:15,0.021509
2025-03-24 22:30,0.001219
2025-03-24 22:45,0.024037
2025-03-24 23:00,0.0
2025-03-24 23:15,0.039362
2025-03-24 23:30,0.001154
2025-03-24 23:45,0.002956
2025-03-25 00:00,0.0
2025-03-25 00:15,0.0
2025-03-25 00:30,0.003604
2025-03-25 00:45,0.0
2025-03-25 01:00,0.0
2025-03-25 01:15,0.074835
2025-03-25 01:30,0.0
2025-03-25 01:45,0.001011
2025-03-25 02:00,0.020044
2025-03-25 02:15,0.0028
2025-03-25 02:30,0.036497
2025-03-25 02:45,0.002165
2025-03-25 03:00,0.000908
2025-03-25 03:15,0.002788
2025-03-25 03:30,0.001219
2025-03-25 03:45,0.002023
2025-03-25 04:00,0.0
2025-03-25 04:15,0.0
2025-03-25 04:30,0.020511
2025-03-25 04:45,0.0
2025-03-25 05:00,0.007131
2025-03-25 05:15,0.0
2025-03-25 05:30,0.015636
2025-03-25 05:45,0.0
2025-03-25 06:00,0.014365
2025-03-25 06:15,0.0
2025-03-25 06:30,0.0
2025-03-25 06:45,0.023934
2025-03-25 07:00,0.038584
2025-03-25 07:15,0.001504
2025-03-25 07:30,0.0
2025-03-25 07:45,0.003384
2025-03-25 08:00,0.001309
2025-03-25 08:15,0.00691
2025-03-25 08:30,0.016518
2025-03-25 08:45,0.002126
2025-03-25 09:00,0.0
2025-03-25 09:15,0.0
2025-03-25 09:30,0.004603
2025-03-25 09:45,0.001387
2025-03-25 10:00,0.001309
2025-03-25 10:15,0.002023
2025-03-25 10:30,0.00083
2025-03-25 10:45,0.0
2025-03-25 11:00,0.001219
2025-03-25 11:15,0.020362
2025-03-25 11:30,0.0
2025-03-25 11:45,0.044107
2025-03-25 12:00,0.005523
2025-03-25 12:15,0.010113
2025-03-25 12:30,0.022378
2025-03-25 12:45,0.139583
2025-03-25 13:00,0.050058
2025-03-25 13:15,0.266641
2025-03-25 13:30,0.13813
2025-03-25 13:45,0.154544
2025-03-25 14:00,0.184727
2025-03-25 14:15,0.123584
2025-03-25 14:30,0.142305
2025-03-25 14:45,0.155115
2025-03-25 15:00,0.170271
2025-03-25 15:15,0.018385
2025-03-25 15:30,0.111643
2025-03-25 15:45,0.207157
2025-03-25 16:00,0.267535
2025-03-25 16:15,0.106833
2025-03-25 16:30,0.131453
2025-03-25 16:45,0.103436
2025-03-25 17:00,0.169208
2025-03-25 17:15,0.13332
2025-03-25 17:30,0.427486
2025-03-25 17:45,0.193375
2025-03-25 18:00,0.212304
2025-03-25 18:15,0.165668
2025-03-25 18:30,0.569376
2025-03-25 18:45,0.095099
2025-03-25 19:00,0.106314
2025-03-25 19:15,0.072618
2025-03-25 19:30,0.209335
2025-03-25 19:45,0.107338
2025-03-25 20:00,0.240542
2025-03-25 20:15,0.037729
2025-03-25 20:30,0.059354
2025-03-25 20:45,0.009711
2025-03-25 21:00,0.055932
2025-03-25 21:15,0.019538
2025-03-25 21:30,0.039544
2025-03-25 21:45,0.019396
2025-03-25 22:00,0.001815
2025-03-25 22:15,0.001815
2025-03-25 22:30,0.0
2025-03-25 22:45,0.04027
2025-03-25 23:00,0.013613
2025-03-25 23:15,0.0
2025-03-25 23:30,0.001815
2025-03-25 23:45,0.008142
2025-03-26 00:00,0.001219
2025-03-26 00:00,0.001457
2025-03-26 00:15,0.047052
2025-03-26 00:30,0.110316
2025-03-26 00:45,0.022751
2025-03-26 01:00,0.043953
2025-03-26 01:15,0.001085
2025-03-26 01:30,0.022658
2025-03-26 01:45,0.00217
2025-03-26 02:00,0.023526
2025-03-26 02:15,0.0
2025-03-26 02:30,0.0
2025-03-26 02:45,0.023526
2025-03-26 03:00,0.0
2025-03-26 03:15,0.0
2025-03-26 03:30,0.0
2025-03-26 03:45,0.023526
2025-03-26 04:00,0.00217
2025-03-26 04:15,0.0
2025-03-26 04:30,0.0
2025-03-26 04:45,0.002914
2025-03-26 05:00,0.066859
2025-03-26 05:15,0.051237
2025-03-26 05:30,0.0
2025-03-26 05:45,0.023526
2025-03-26 06:00,0.0
2025-03-26 06:15,0.002883
2025-03-26 06:30,0.003658
2025-03-26 06:45,0.0
2025-03-26 07:00,0.0
2025-03-26 07:15,0.0
2025-03-26 07:30,0.0
2025-03-26 07:45,0.0
2025-03-26 08:00,0.001457
2025-03-26 08:15,0.0
2025-03-26 08:30,0.0
2025-03-26 08:45,0.002914
2025-03-26 09:00,0.003565
2025-03-26 09:15,0.0
2025-03-26 09:30,0.0
2025-03-26 09:45,0.0
2025-03-26 10:00,0.0
2025-03-26 10:15,0.005083
2025-03-26 10:30,0.021666
2025-03-26 10:45,0.002077
2025-03-26 11:00,0.00217
2025-03-26 11:15,0.004215
2025-03-26 11:30,0.047052
2025-03-26 11:45,0.001085
2025-03-26 12:00,0.027013
2025-03-26 12:15,0.058877
2025-03-26 12:30,0.136476
2025-03-26 12:45,0.05804
2025-03-26 13:00,0.068517
2025-03-26 13:15,0.097499
2025-03-26 13:30,0.304832
2025-03-26 13:45,0.385144
2025-03-26 14:00,0.343981
2025-03-26 14:15,0.187124
2025-03-26 14:30,0.305018
2025-03-26 14:45,0.143296
2025-03-26 15:00,0.42471
2025-03-26 15:15,0.408763
2025-03-26 15:30,0.145806
2025-03-26 15:45,0.280345
2025-03-26 16:00,0.21967
2025-03-26 16:15,0.251193
2025-03-26 16:30,0.153943
2025-03-26 16:45,0.084449
2025-03-26 17:00,0.055886
2025-03-26 17:15,0.105651
2025-03-26 17:30,0.114547
2025-03-26 17:45,0.088091
2025-03-26 18:00,0.308536
2025-03-26 18:15,0.062287
2025-03-26 18:30,0.332845
2025-03-26 18:45,0.174416
2025-03-26 19:00,0.226877
2025-03-26 19:15,0.346112
2025-03-26 19:30,0.110021
2025-03-26 19:45,0.097359
2025-03-26 20:00,0.145419
2025-03-26 20:15,0.090904
2025-03-26 20:30,0.050849
2025-03-26 20:45,0.026657
2025-03-26 21:00,0.118901
2025-03-26 21:15,0.086665
2025-03-26 21:30,0.006974
2025-03-26 21:45,0.003627
2025-03-26 22:00,0.00279
2025-03-26 22:15,0.065495
2025-03-26 22:30,0.118103
2025-03-26 22:45,0.003952
2025-03-26 23:00,0.045316
2025-03-26 23:15,0.151664
2025-03-26 23:30,0.11715
2025-03-26 23:45,0.090881
2025-03-27 00:00,0.050539
2025-03-27 00:15,0.0
2025-03-27 00:30,0.009128
2025-03-27 00:45,0.005471
2025-03-27 01:00,0.0
2025-03-27 01:15,0.027556
2025-03-27 01:30,0.0
2025-03-27 01:45,0.0
2025-03-27 02:00,0.062147
2025-03-27 02:15,0.108332
2025-03-27 02:30,0.0
2025-03-27 02:45,0.004479
2025-03-27 03:00,0.047052
2025-03-27 03:15,0.015374
2025-03-27 03:30,0.001209
2025-03-27 03:45,0.0
2025-03-27 04:00,0.048509
2025-03-27 04:15,0.0
2025-03-27 04:30,0.005471
2025-03-27 04:45,0.001457
2025-03-27 05:00,0.002991
2025-03-27 05:15,0.0
2025-03-27 05:30,0.0
2025-03-27 05:45,0.00437
2025-03-27 06:00,0.0
2025-03-27 06:15,0.0
2025-03-27 06:30,0.0
2025-03-27 06:45,0.00217
2025-03-27 07:00,0.001457
2025-03-27 07:15,0.001984
2025-03-27 07:30,0.004092
2025-03-27 07:45,0.004277
2025-03-27 08:00,0.001875
2025-03-27 08:15,0.001457
2025-03-27 08:30,0.0
2025-03-27 08:45,0.001798
2025-03-27 09:00,0.00217
2025-03-27 09:15,0.003751
2025-03-27 09:30,0.000899
2025-03-27 09:45,0.001689
2025-03-27 10:00,0.010167
2025-03-27 10:15,0.047052
2025-03-27 10:30,0.003255
2025-03-27 10:45,0.0
2025-03-27 11:00,0.001984
2025-03-27 11:15,0.023526
2025-03-27 11:30,0.023402
2025-03-27 11:45,0.021666
2025-03-27 12:00,0.0
2025-03-27 12:15,0.131982
2025-03-27 12:30,0.132757
2025-03-27 12:45,0.086665
2025-03-27 13:00,0.174183
2025-03-27 13:15,0.182397
2025-03-27 13:30,0.100242
2025-03-27 13:45,0.253348
2025-03-27 14:00,0.189542
2025-03-27 14:15,0.285956
2025-03-27 14:30,0.378867
2025-03-27 14:45,0.333566
2025-03-27 15:00,0.141203
2025-03-27 15:15,0.362749
2025-03-27 15:30,0.406856
2025-03-27 15:45,0.157422
2025-03-27 16:00,0.155679
2025-03-27 16:15,0.116949
2025-03-27 16:30,0.203351
2025-03-27 16:45,0.133284
2025-03-27 17:00,0.219903
2025-03-27 17:15,0.159367
2025-03-27 17:30,0.110316
2025-03-27 17:45,0.16834
2025-03-27 18:00,0.234812
2025-03-27 18:15,0.069896
2025-03-27 18:30,0.223204
2025-03-27 18:45,0.101668
2025-03-27 19:00,0.022038
2025-03-27 19:15,0.543162
2025-03-27 19:30,0.329691
2025-03-27 19:45,0.683761
2025-03-27 20:00,1.0
2025-03-27 20:15,0.58214
2025-03-27 20:30,0.071059
2025-03-27 20:45,0.052508
2025-03-27 21:00,0.058071
2025-03-27 21:15,0.00341
2025-03-27 21:30,0.060319
2025-03-27 21:45,0.024905
2025-03-27 22:00,0.001457
2025-03-27 22:15,0.021666
2025-03-27 22:30,0.0
2025-03-27 22:45,0.067649
2025-03-27 23:00,0.0
2025-03-27 23:15,0.002914
2025-03-27 23:30,0.004866
2025-03-27 23:45,0.0
2025-03-28 00:00,0.013747
2025-03-28 00:15,0.001984
2025-03-28 00:30,0.00217
2025-03-28 00:45,0.023526
2025-03-28 01:00,0.001565
2025-03-28 01:15,0.0
2025-03-28 01:30,0.0
2025-03-28 01:45,0.002077
2025-03-28 02:00,0.001085
2025-03-28 02:15,0.00217
2025-03-28 02:30,0.023526
2025-03-28 02:45,0.0
2025-03-28 03:00,0.001085
2025-03-28 03:15,0.0
2025-03-28 03:30,0.0
2025-03-28 03:45,0.001085
2025-03-28 04:00,0.0
2025-03-28 04:15,0.0
2025-03-28 04:30,0.00778
2025-03-28 04:45,0.00217
2025-03-28 05:00,0.0
2025-03-28 05:15,0.0
2025-03-28 05:30,0.0
2025-03-28 05:45,0.0
2025-03-28 06:00,0.001085
2025-03-28 06:15,0.0
2025-03-28 06:30,0.001457
2025-03-28 06:45,0.0
2025-03-28 07:00,0.001085
2025-03-28 07:15,0.0
2025-03-28 07:30,0.0
2025-03-28 07:45,0.0
2025-03-28 08:00,0.00217
2025-03-28 08:15,0.004866
2025-03-28 08:30,0.001085
2025-03-28 08:45,0.0
2025-03-28 09:00,0.012708
2025-03-28 09:15,0.002914
2025-03-28 09:30,0.00778
2025-03-28 09:45,0.0
2025-03-28 10:00,0.003751
2025-03-28 10:15,0.0
2025-03-28 10:30,0.001457
2025-03-28 10:45,0.0
2025-03-28 11:00,0.0
2025-03-28 11:15,0.0
2025-03-28 11:30,0.0
2025-03-28 11:45,0.004184
2025-03-28 12:00,0.003782
2025-03-28 12:15,0.069726
2025-03-28 12:30,0.001984
2025-03-28 12:45,0.134183
2025-03-28 13:00,0.144768
2025-03-28 13:15,0.18559
2025-03-28 13:30,0.068037
2025-03-28 13:45,0.158329
2025-03-28 14:00,0.047207
2025-03-28 14:15,0.091873
2025-03-28 14:30,0.184768
2025-03-28 14:45,0.088029
2025-03-28 15:00,0.023743
2025-03-28 15:15,0.106271
2025-03-28 15:30,0.299966
2025-03-28 15:45,0.164032
2025-03-28 16:00,0.025634
2025-03-28 16:15,0.094507
2025-03-28 16:30,0.162374
2025-03-28 16:45,0.02365
2025-03-28 17:00,0.000992
2025-03-28 17:15,0.132865
2025-03-28 17:30,0.199337
2025-03-28 17:45,0.201227
2025-03-28 18:00,0.150471
2025-03-28 18:15,0.124667
2025-03-28 18:30,0.207427
2025-03-28 18:45,0.160343
2025-03-28 19:00,0.119754
2025-03-28 19:15,0.222801
2025-03-28 19:30,0.10579
2025-03-28 19:45,0.258384
2025-03-28 20:00,0.127348
2025-03-28 20:15,0.166713
2025-03-28 20:30,0.184598
2025-03-28 20:45,0.200886
2025-03-28 21:00,0.072562
2025-03-28 21:15,0.0
2025-03-28 21:30,0.047192
2025-03-28 21:45,0.0
2025-03-28 22:00,0.021666
2025-03-28 22:15,0.001457
2025-03-28 22:30,0.0
2025-03-28 22:45,0.0
2025-03-28 23:00,0.045192
2025-03-28 23:15,0.002914
2025-03-28 23:30,0.000496
2025-03-28 23:45,0.000899
2025-03-29 00:00,0.008834
2025-03-29 00:15,0.0
2025-03-29 00:30,0.002418
2025-03-29 00:45,0.002247
2025-03-29 01:00,0.023526
2025-03-29 01:15,0.001085
2025-03-29 01:30,0.002914
2025-03-29 01:45,0.005114
2025-03-29 02:00,0.0
2025-03-29 02:15,0.0
2025-03-29 02:30,0.0
2025-03-29 02:45,0.000992
2025-03-29 03:00,0.001085
2025-03-29 03:15,0.0
2025-03-29 03:30,0.003968
2025-03-29 03:45,0.0
2025-03-29 04:00,0.070578
2025-03-29 04:15,0.0
2025-03-29 04:30,0.001085
2025-03-29 04:45,0.094105
2025-03-29 05:00,0.0
2025-03-29 05:15,0.0
2025-03-29 05:30,0.0
2025-03-29 05:45,0.013483
2025-03-29 06:00,0.003627
2025-03-29 06:15,0.017404
2025-03-29 06:30,0.0
2025-03-29 06:45,0.0
2025-03-29 07:00,0.0
2025-03-29 07:15,0.0
2025-03-29 07:30,0.0
2025-03-29 07:45,0.00217
2025-03-29 08:00,0.0
2025-03-29 08:15,0.0
2025-03-29 08:30,0.001085
2025-03-29 08:45,0.0
2025-03-29 09:00,0.001457
2025-03-29 09:15,0.001085
2025-03-29 09:30,0.0
2025-03-29 09:45,0.0
2025-03-29 10:00,0.0
2025-03-29 10:15,0.0
2025-03-29 10:30,0.001798
2025-03-29 10:45,0.001085
2025-03-29 11:00,0.0
2025-03-29 11:15,0.0
2025-03-29 11:30,0.002805
2025-03-29 11:45,0.0
2025-03-29 12:00,0.026006
2025-03-29 12:15,0.001612
2025-03-29 12:30,0.0
2025-03-29 12:45,0.0
2025-03-29 13:00,0.024518
2025-03-29 13:15,0.00871
2025-03-29 13:30,0.0
2025-03-29 13:45,0.0
2025-03-29 14:00,0.0
2025-03-29 14:15,0.002247
2025-03-29 14:30,0.0
2025-03-29 14:45,0.021666
2025-03-29 15:00,0.017761
2025-03-29 15:15,0.0
2025-03-29 15:30,0.137034
2025-03-29 15:45,0.0
2025-03-29 16:00,0.0
2025-03-29 16:15,0.002247
2025-03-29 16:30,0.005455
2025-03-29 16:45,0.0
2025-03-29 17:00,0.004525
2025-03-29 17:15,0.0
2025-03-29 17:30,0.023526
2025-03-29 17:45,0.001457
2025-03-29 18:00,0.004432
2025-03-29 18:15,0.006959
2025-03-29 18:30,0.017497
2025-03-29 18:45,0.0
2025-03-29 19:00,0.050896
2025-03-29 19:15,0.0
2025-03-29 19:30,0.0
2025-03-29 19:45,0.0
2025-03-29 20:00,0.001085
2025-03-29 20:15,0.0
2025-03-29 20:30,0.0
2025-03-29 20:45,0.001798
2025-03-29 21:00,0.007997
2025-03-29 21:15,0.0
2025-03-29 21:30,0.0
2025-03-29 21:45,0.001085
2025-03-29 22:00,0.0
2025-03-29 22:15,0.0
2025-03-29 22:30,0.001798
2025-03-29 22:45,0.003069
2025-03-29 23:00,0.003069
2025-03-29 23:15,0.001457
2025-03-29 23:30,0.0
2025-03-29 23:45,0.047052
2025-03-30 00:00,0.0
2025-03-30 00:15,0.0
2025-03-30 00:30,0.0
2025-03-30 00:45,0.015436
2025-03-30 01:00,0.002976
2025-03-30 01:15,0.047052
2025-03-30 01:30,0.039722
2025-03-30 01:45,0.001302
2025-03-30 02:00,0.00217
2025-03-30 02:15,0.001488
2025-03-30 02:30,0.0
2025-03-30 02:45,0.001457
2025-03-30 03:00,0.003751
2025-03-30 03:15,0.023526
2025-03-30 03:30,0.023526
2025-03-30 03:45,0.00217
2025-03-30 04:00,0.073833
2025-03-30 04:15,0.023526
2025-03-30 04:30,0.082047
2025-03-30 04:45,0.0
2025-03-30 05:00,0.0
2025-03-30 05:15,0.000992
2025-03-30 05:30,0.0
2025-03-30 05:45,0.049966
2025-03-30 06:00,0.0
2025-03-30 06:15,0.001457
2025-03-30 06:30,0.0
2025-03-30 06:45,0.0
2025-03-30 07:00,0.0
2025-03-30 07:15,0.026409
2025-03-30 07:30,0.00217
2025-03-30 07:45,0.002526
2025-03-30 08:00,0.0
2025-03-30 08:15,0.001085
2025-03-30 08:30,0.0
2025-03-30 08:45,0.0
2025-03-30 09:00,0.003751
2025-03-30 09:15,0.043333
2025-03-30 09:30,0.0
2025-03-30 09:45,0.015808
2025-03-30 10:00,0.004711
2025-03-30 10:15,0.0
2025-03-30 10:30,0.001457
2025-03-30 10:45,0.0
2025-03-30 11:00,0.001503
2025-03-30 11:15,0.002418
2025-03-30 11:30,0.0
2025-03-30 11:45,0.0
2025-03-30 12:00,0.0
2025-03-30 12:15,0.0
2025-03-30 12:30,0.001457
2025-03-30 12:45,0.0
2025-03-30 13:00,0.001798
2025-03-30 13:15,0.0
2025-03-30 13:30,0.000992
2025-03-30 13:45,0.0
2025-03-30 14:00,0.000899
2025-03-30 14:15,0.0
2025-03-30 14:30,0.047052
2025-03-30 14:45,0.004277
2025-03-30 15:00,0.071074
2025-03-30 15:15,0.045053
2025-03-30 15:30,0.02644
2025-03-30 15:45,0.0
2025-03-30 16:00,0.002418
2025-03-30 16:15,0.0
2025-03-30 16:30,0.003131
2025-03-30 16:45,0.0
2025-03-30 17:00,0.047052
2025-03-30 17:15,0.023526
2025-03-30 17:30,0.0
2025-03-30 17:45,0.0
2025-03-30 18:00,0.0
2025-03-30 18:15,0.001085
2025-03-30 18:30,0.0
2025-03-30 18:45,0.012151
2025-03-30 19:00,0.001209
2025-03-30 19:15,0.001457
2025-03-30 19:30,0.012925
2025-03-30 19:45,0.002418
2025-03-30 20:00,0.0
2025-03-30 20:15,0.005455
2025-03-30 20:30,0.0
2025-03-30 20:45,0.0
2025-03-30 21:00,0.0
2025-03-30 21:15,0.0
2025-03-30 21:30,0.001085
2025-03-30 21:45,0.007672
2025-03-30 22:00,0.009345
2025-03-30 22:15,0.0
2025-03-30 22:30,0.0
2025-03-30 22:45,0.015343
2025-03-30 23:00,0.0
2025-03-30 23:15,0.0
2025-03-30 23:30,0.004711
2025-03-30 23:45,0.0
2025-03-31 00:00,0.100071
2025-03-31 00:15,0.0
2025-03-31 00:30,0.005579
2025-03-31 00:45,0.003255
2025-03-31 01:00,0.0
2025-03-31 01:15,0.0
2025-03-31 01:30,0.0
2025-03-31 01:45,0.000899
2025-03-31 02:00,0.005083
2025-03-31 02:15,0.022302
2025-03-31 02:30,0.003704
2025-03-31 02:45,0.001085
2025-03-31 03:00,0.03019
2025-03-31 03:15,0.002526
2025-03-31 03:30,0.0
2025-03-31 03:45,0.0
2025-03-31 04:00,0.024425
2025-03-31 04:15,0.0
2025-03-31 04:30,0.023526
2025-03-31 04:45,0.001209
2025-03-31 05:00,0.001085
2025-03-31 05:15,0.0
2025-03-31 05:30,0.034995
2025-03-31 05:45,0.0
2025-03-31 06:00,0.0
2025-03-31 06:15,0.001457
2025-03-31 06:30,0.0
2025-03-31 06:45,0.001085
2025-03-31 07:00,0.0
2025-03-31 07:15,0.0
2025-03-31 07:30,0.0
2025-03-31 07:45,0.023526
2025-03-31 08:00,0.005982
2025-03-31 08:15,0.005083
2025-03-31 08:30,0.002914
2025-03-31 08:45,0.0
2025-03-31 09:00,0.003162
2025-03-31 09:15,0.006928
2025-03-31 09:30,0.0
2025-03-31 09:45,0.0
2025-03-31 10:00,0.008415
2025-03-31 10:15,0.0
2025-03-31 10:30,0.0
2025-03-31 10:45,0.0
2025-03-31 11:00,0.0
2025-03-31 11:15,0.0
2025-03-31 11:30,0.001875
2025-03-31 11:45,0.001984
2025-03-31 12:00,0.002836
2025-03-31 12:15,0.000992
2025-03-31 12:30,0.04138
2025-03-31 12:45,0.068471
2025-03-31 13:00,0.149541
2025-03-31 13:15,0.079459
2025-03-31 13:30,0.331737
2025-03-31 13:45,0.236749
2025-03-31 14:00,0.229852
2025-03-31 14:15,0.409553
2025-03-31 14:30,0.161769
2025-03-31 14:45,0.150084
2025-03-31 15:00,0.242902
2025-03-31 15:15,0.232797
2025-03-31 15:30,0.266103
2025-03-31 15:45,0.328653
2025-03-31 16:00,0.206574
2025-03-31 16:15,0.198593
2025-03-31 16:30,0.19912
2025-03-31 16:45,0.104333
2025-03-31 17:00,0.276703
2025-03-31 17:15,0.226908
2025-03-31 17:30,0.103853
2025-03-31 17:45,0.136724
2025-03-31 18:00,0.087797
2025-03-31 18:15,0.090586
2025-03-31 18:30,0.167938
2025-03-31 18:45,0.064736
2025-03-31 19:00,0.266567
2025-03-31 19:15,0.277959
2025-03-31 19:30,0.154811
2025-03-31 19:45,0.211053
2025-03-31 20:00,0.091873
2025-03-31 20:15,0.083302
2025-03-31 20:30,0.097607
2025-03-31 20:45,0.047021
2025-03-31 21:00,0.037451
2025-03-31 21:15,0.009609
2025-03-31 21:30,0.058614
2025-03-31 21:45,0.0
2025-03-31 22:00,0.005021
2025-03-31 22:15,0.045719
2025-03-31 22:30,0.023123
2025-03-31 22:45,0.001085
2025-03-31 23:00,0.002914
2025-03-31 23:15,0.0
2025-03-31 23:30,0.001984
2025-03-31 23:45,0.000992
2025-04-01 00:00,0.049346
2025-04-01 00:15,0.00327
2025-04-01 00:30,0.007176
2025-04-01 00:45,0.001457
2025-04-01 01:00,0.005951
2025-04-01 01:15,0.00217
2025-04-01 01:30,0.024983
2025-04-01 01:45,0.090385
2025-04-01 02:00,0.043333
2025-04-01 02:15,0.004711
2025-04-01 02:30,0.0
2025-04-01 02:45,0.023526
2025-04-01 03:00,0.047052
2025-04-01 03:15,0.0
2025-04-01 03:30,0.001085
2025-04-01 03:45,0.0
2025-04-01 04:00,0.049594
2025-04-01 04:15,0.0
2025-04-01 04:30,0.0
2025-04-01 04:45,0.0
2025-04-01 05:00,0.050152
2025-04-01 05:15,0.0
2025-04-01 05:30,0.0
2025-04-01 05:45,0.001457
2025-04-01 06:00,0.001085
2025-04-01 06:15,0.0
2025-04-01 06:30,0.0
2025-04-01 06:45,0.0
2025-04-01 07:00,0.007672
2025-04-01 07:15,0.0
2025-04-01 07:30,0.003007
2025-04-01 07:45,0.0
2025-04-01 08:00,0.0
2025-04-01 08:15,0.0
2025-04-01 08:30,0.005486
2025-04-01 08:45,0.0
2025-04-01 09:00,0.0
2025-04-01 09:15,0.0
2025-04-01 09:30,0.001085
2025-04-01 09:45,0.0
2025-04-01 10:00,0.002418
2025-04-01 10:15,0.00217
2025-04-01 10:30,0.043333
2025-04-01 10:45,0.000992
2025-04-01 11:00,0.024293
2025-04-01 11:15,0.0
2025-04-01 11:30,0.043333
2025-04-01 11:45,0.001984
2025-04-01 12:00,0.115678
2025-04-01 12:15,0.086464
2025-04-01 12:30,0.089223
2025-04-01 12:45,0.13099
2025-04-01 13:00,0.142846
2025-04-01 13:15,0.242778
2025-04-01 13:30,0.247195
2025-04-01 13:45,0.201413
2025-04-01 14:00,0.190193
2025-04-01 14:15,0.176663
2025-04-01 14:30,0.230891
2025-04-01 14:45,0.257656
2025-04-01 15:00,0.326514
2025-04-01 15:15,0.263034
2025-04-01 15:30,0.765746
2025-04-01 15:45,0.150347
2025-04-01 16:00,0.405787
2025-04-01 16:15,0.169487
2025-04-01 16:30,0.145667
2025-04-01 16:45,0.180336
2025-04-01 17:00,0.229233
2025-04-01 17:15,0.33775
2025-04-01 17:30,0.141405
2025-04-01 17:45,0.313387
2025-04-01 18:00,0.338649
2025-04-01 18:15,0.275665
2025-04-01 18:30,0.292728
2025-04-01 18:45,0.243522
2025-04-01 19:00,0.107138
2025-04-01 19:15,0.084976
2025-04-01 19:30,0.156329
2025-04-01 19:45,0.019698
2025-04-01 20:00,0.100691
2025-04-01 20:15,0.206745
2025-04-01 20:30,0.276207
2025-04-01 20:45,0.0252
2025-04-01 21:00,0.024255
2025-04-01 21:15,0.024518
2025-04-01 21:30,0.06923
2025-04-01 21:45,0.017265
2025-04-01 22:00,0.088649
2025-04-01 22:15,0.0
2025-04-01 22:30,0.006788
2025-04-01 22:45,0.002247
2025-04-01 23:00,0.003456
2025-04-01 23:15,0.077924
2025-04-01 23:30,0.006137
2025-04-01 23:45,0.0
2025-04-02 00:00,0.071663
2025-04-02 00:00,0.032491
2025-04-02 00:15,0.000492
2025-04-02 00:30,0.012873
2025-04-02 00:45,0.001398
2025-04-02 01:00,0.00274
2025-04-02 01:15,0.001321
2025-04-02 01:30,0.010666
2025-04-02 01:45,0.011004
2025-04-02 02:00,0.0
2025-04-02 02:15,0.0
2025-04-02 02:30,0.0
2025-04-02 02:45,0.0
2025-04-02 03:00,0.0
2025-04-02 03:15,0.000548
2025-04-02 03:30,0.0
2025-04-02 03:45,0.010666
2025-04-02 04:00,0.000984
2025-04-02 04:15,0.024537
2025-04-02 04:30,0.000984
2025-04-02 04:45,0.000661
2025-04-02 05:00,0.003478
2025-04-02 05:15,0.0
2025-04-02 05:30,0.0
2025-04-02 05:45,0.0
2025-04-02 06:00,0.001307
2025-04-02 06:15,0.031999
2025-04-02 06:30,0.0
2025-04-02 06:45,0.002136
2025-04-02 07:00,0.0
2025-04-02 07:15,0.000984
2025-04-02 07:30,0.0
2025-04-02 07:45,0.0
2025-04-02 08:00,0.0
2025-04-02 08:15,0.001321
2025-04-02 08:30,0.0
2025-04-02 08:45,0.0
2025-04-02 09:00,0.0
2025-04-02 09:15,0.0
2025-04-02 09:30,0.000815
2025-04-02 09:45,0.0
2025-04-02 10:00,0.0
2025-04-02 10:15,0.0
2025-04-02 10:30,0.0
2025-04-02 10:45,0.014622
2025-04-02 11:00,0.039293
2025-04-02 11:15,0.010104
2025-04-02 11:30,0.017953
2025-04-02 11:45,0.002487
2025-04-02 12:00,0.023378
2025-04-02 12:15,0.031817
2025-04-02 12:30,0.065418
2025-04-02 12:45,0.051597
2025-04-02 13:00,0.141489
2025-04-02 13:15,0.064294
2025-04-02 13:30,0.093293
2025-04-02 13:45,0.102642
2025-04-02 14:00,0.232639
2025-04-02 14:15,0.115652
2025-04-02 14:30,0.062418
2025-04-02 14:45,0.086994
2025-04-02 15:00,0.13364
2025-04-02 15:15,0.153568
2025-04-02 15:30,0.303742
2025-04-02 15:45,0.026448
2025-04-02 16:00,0.090314
2025-04-02 16:15,0.289534
2025-04-02 16:30,0.064814
2025-04-02 16:45,0.094825
2025-04-02 17:00,0.072585
2025-04-02 17:15,0.118315
2025-04-02 17:30,0.15954
2025-04-02 17:45,0.053122
2025-04-02 18:00,0.105541
2025-04-02 18:15,0.101901
2025-04-02 18:30,0.141545
2025-04-02 18:45,0.112384
2025-04-02 19:00,0.083758
2025-04-02 19:15,0.180171
2025-04-02 19:30,1.0
2025-04-02 19:45,0.072108
2025-04-02 20:00,0.032709
2025-04-02 20:15,0.077806
2025-04-02 20:30,0.081615
2025-04-02 20:45,0.017707
2025-04-02 21:00,0.059839
2025-04-02 21:15,0.010884
2025-04-02 21:30,0.019647
2025-04-02 21:45,0.07111
2025-04-02 22:00,0.031718
2025-04-02 22:15,0.0
2025-04-02 22:30,0.0017
2025-04-02 22:45,0.0
2025-04-02 23:00,0.031999
2025-04-02 23:15,0.02382
2025-04-02 23:30,0.0
2025-04-02 23:45,0.0
2025-04-03 00:00,0.011327
2025-04-03 00:15,0.0
2025-04-03 00:30,0.0
2025-04-03 00:45,0.000661
2025-04-03 01:00,0.0
2025-04-03 01:15,0.0
2025-04-03 01:30,0.0
2025-04-03 01:45,0.00045
2025-04-03 02:00,0.000653
2025-04-03 02:15,0.000492
2025-04-03 02:30,0.010666
2025-04-03 02:45,0.0
2025-04-03 03:00,0.0
2025-04-03 03:15,0.000408
2025-04-03 03:30,0.0
2025-04-03 03:45,0.026322
2025-04-03 04:00,0.0
2025-04-03 04:15,0.0
2025-04-03 04:30,0.000408
2025-04-03 04:45,0.0
2025-04-03 05:00,0.000492
2025-04-03 05:15,0.0
2025-04-03 05:30,0.0
2025-04-03 05:45,0.0
2025-04-03 06:00,0.0
2025-04-03 06:15,0.000899
2025-04-03 06:30,0.00085
2025-04-03 06:45,0.000639
2025-04-03 07:00,0.0
2025-04-03 07:15,0.000984
2025-04-03 07:30,0.010104
2025-04-03 07:45,0.0
2025-04-03 08:00,0.0
2025-04-03 08:15,0.0
2025-04-03 08:30,0.0
2025-04-03 08:45,0.010666
2025-04-03 09:00,0.0
2025-04-03 09:15,0.0
2025-04-03 09:30,0.0
2025-04-03 09:45,0.010104
2025-04-03 10:00,0.0
2025-04-03 10:15,0.019647
2025-04-03 10:30,0.0
2025-04-03 10:45,0.012479
2025-04-03 11:00,0.0
2025-04-03 11:15,0.0
2025-04-03 11:30,0.002804
2025-04-03 11:45,0.021333
2025-04-03 12:00,0.000899
2025-04-03 12:15,0.040684
2025-04-03 12:30,0.004104
2025-04-03 12:45,0.080624
2025-04-03 13:00,0.055349
2025-04-03 13:15,0.021417
2025-04-03 13:30,0.168773
2025-04-03 13:45,0.044366
2025-04-03 14:00,0.06643
2025-04-03 14:15,0.109138
2025-04-03 14:30,0.154355
2025-04-03 14:45,0.112869
2025-04-03 15:00,0.05628
2025-04-03 15:15,0.073632
2025-04-03 15:30,0.164839
2025-04-03 15:45,0.06116
2025-04-03 16:00,0.055237
2025-04-03 16:15,0.023722
2025-04-03 16:30,0.032843
2025-04-03 16:45,0.112771
2025-04-03 17:00,0.154952
2025-04-03 17:15,0.04977
2025-04-03 17:30,0.005902
2025-04-03 17:45,0.072508
2025-04-03 18:00,0.052791
2025-04-03 18:15,0.123058
2025-04-03 18:30,0.16616
2025-04-03 18:45,0.092794
2025-04-03 19:00,0.072016
2025-04-03 19:15,0.083182
2025-04-03 19:30,0.077026
2025-04-03 19:45,0.07645
2025-04-03 20:00,0.141967
2025-04-03 20:15,0.15023
2025-04-03 20:30,0.01907
2025-04-03 20:45,0.073148
2025-04-03 21:00,0.012634
2025-04-03 21:15,0.031269
2025-04-03 21:30,0.005931
2025-04-03 21:45,0.000492
2025-04-03 22:00,0.000548
2025-04-03 22:15,0.020138
2025-04-03 22:30,0.020574
2025-04-03 22:45,0.0
2025-04-03 23:00,0.00222
2025-04-03 23:15,0.0
2025-04-03 23:30,0.0
2025-04-03 23:45,0.0
2025-04-04 00:00,0.021333
2025-04-04 00:15,0.0
2025-04-04 00:30,0.0
2025-04-04 00:45,0.0
2025-04-04 01:00,0.0
2025-04-04 01:15,0.0
2025-04-04 01:30,0.013358
2025-04-04 01:45,0.000899
2025-04-04 02:00,0.00404
2025-04-04 02:15,0.0
2025-04-04 02:30,0.0
2025-04-04 02:45,0.0
2025-04-04 03:00,0.002902
2025-04-04 03:15,0.002206
2025-04-04 03:30,0.0
2025-04-04 03:45,0.018241
2025-04-04 04:00,0.0
2025-04-04 04:15,0.000984
2025-04-04 04:30,0.0
2025-04-04 04:45,0.0
2025-04-04 05:00,0.00045
2025-04-04 05:15,0.0
2025-04-04 05:30,0.0
2025-04-04 05:45,0.0
2025-04-04 06:00,0.004139
2025-04-04 06:15,0.0
2025-04-04 06:30,0.01236
2025-04-04 06:45,0.0
2025-04-04 07:00,0.0
2025-04-04 07:15,0.021993
2025-04-04 07:30,0.0
2025-04-04 07:45,0.002501
2025-04-04 08:00,0.010666
2025-04-04 08:15,0.000661
2025-04-04 08:30,0.0
2025-04-04 08:45,0.002698
2025-04-04 09:00,0.0
2025-04-04 09:15,0.010666
2025-04-04 09:30,0.002038
2025-04-04 09:45,0.0
2025-04-04 10:00,0.00085
2025-04-04 10:15,0.0
2025-04-04 10:30,0.021825
2025-04-04 10:45,0.0
2025-04-04 11:00,0.010596
2025-04-04 11:15,0.032063
2025-04-04 11:30,0.010245
2025-04-04 11:45,0.029962
2025-04-04 12:00,0.04098
2025-04-04 12:15,0.030369
2025-04-04 12:30,0.041169
2025-04-04 12:45,0.069171
2025-04-04 13:00,0.055911
2025-04-04 13:15,0.090693
2025-04-04 13:30,0.118224
2025-04-04 13:45,0.105435
2025-04-04 14:00,0.049946
2025-04-04 14:15,0.024924
2025-04-04 14:30,0.050578
2025-04-04 14:45,0.072986
2025-04-04 15:00,0.098303
2025-04-04 15:15,0.120732
2025-04-04 15:30,0.155528
2025-04-04 15:45,0.08399
2025-04-04 16:00,0.118961
2025-04-04 16:15,0.007659
2025-04-04 16:30,0.056333
2025-04-04 16:45,0.121927
2025-04-04 17:00,0.10013
2025-04-04 17:15,0.086583
2025-04-04 17:30,0.219404
2025-04-04 17:45,0.101198
2025-04-04 18:00,0.138959
2025-04-04 18:15,0.035878
2025-04-04 18:30,0.083891
2025-04-04 18:45,0.129797
2025-04-04 19:00,0.135193
2025-04-04 19:15,0.060064
2025-04-04 19:30,0.052531
2025-04-04 19:45,0.091199
2025-04-04 20:00,0.016091
2025-04-04 20:15,0.023701
2025-04-04 20:30,0.087847
2025-04-04 20:45,0.001398
2025-04-04 21:00,0.021122
2025-04-04 21:15,0.010681
2025-04-04 21:30,0.028065
2025-04-04 21:45,0.00045
2025-04-04 22:00,0.006928
2025-04-04 22:15,0.000913
2025-04-04 22:30,0.019647
2025-04-04 22:45,0.020307
2025-04-04 23:00,0.009823
2025-04-04 23:15,0.0
2025-04-04 23:30,0.003914
2025-04-04 23:45,0.019647
2025-04-05 00:00,0.024558
2025-04-05 00:15,0.005411
2025-04-05 00:30,0.0
2025-04-05 00:45,0.019647
2025-04-05 01:00,0.006956
2025-04-05 01:15,0.009823
2025-04-05 01:30,0.009823
2025-04-05 01:45,0.011524
2025-04-05 02:00,0.0
2025-04-05 02:15,0.0
2025-04-05 02:30,0.012086
2025-04-05 02:45,0.00085
2025-04-05 03:00,0.0
2025-04-05 03:15,0.0
2025-04-05 03:30,0.015445
2025-04-05 03:45,0.0
2025-04-05 04:00,0.010666
2025-04-05 04:15,0.000984
2025-04-05 04:30,0.021333
2025-04-05 04:45,0.010596
2025-04-05 05:00,0.058335
2025-04-05 05:15,0.0
2025-04-05 05:30,0.0
2025-04-05 05:45,0.000492
2025-04-05 06:00,0.0
2025-04-05 06:15,0.0
2025-04-05 06:30,0.0
2025-04-05 06:45,0.009444
2025-04-05 07:00,0.0
2025-04-05 07:15,0.0
2025-04-05 07:30,0.000492
2025-04-05 07:45,0.000661
2025-04-05 08:00,0.0
2025-04-05 08:15,0.0
2025-04-05 08:30,0.001321
2025-04-05 08:45,0.0
2025-04-05 09:00,0.0
2025-04-05 09:15,0.001321
2025-04-05 09:30,0.0
2025-04-05 09:45,0.0
2025-04-05 10:00,0.0
2025-04-05 10:15,0.0
2025-04-05 10:30,0.0
2025-04-05 10:45,0.0
2025-04-05 11:00,0.004609
2025-04-05 11:15,0.0
2025-04-05 11:30,0.0
2025-04-05 11:45,0.0
2025-04-05 12:00,0.010666
2025-04-05 12:15,0.0
2025-04-05 12:30,0.0
2025-04-05 12:45,0.0
2025-04-05 13:00,0.0
2025-04-05 13:15,0.0
2025-04-05 13:30,0.001349
2025-04-05 13:45,0.000548
2025-04-05 14:00,0.009823
2025-04-05 14:15,0.000661
2025-04-05 14:30,0.0
2025-04-05 14:45,0.013252
2025-04-05 15:00,0.0
2025-04-05 15:15,0.0
2025-04-05 15:30,0.117331
2025-04-05 15:45,0.000984
2025-04-05 16:00,0.000492
2025-04-05 16:15,0.0
2025-04-05 16:30,0.001019
2025-04-05 16:45,0.0
2025-04-05 17:00,0.011074
2025-04-05 17:15,0.000492
2025-04-05 17:30,0.000492
2025-04-05 17:45,0.0
2025-04-05 18:00,0.000661
2025-04-05 18:15,0.0
2025-04-05 18:30,0.0
2025-04-05 18:45,0.000984
2025-04-05 19:00,0.0078
2025-04-05 19:15,0.011271
2025-04-05 19:30,0.002108
2025-04-05 19:45,0.0
2025-04-05 20:00,0.001433
2025-04-05 20:15,0.0
2025-04-05 20:30,0.0
2025-04-05 20:45,0.0
2025-04-05 21:00,0.0
2025-04-05 21:15,0.0
2025-04-05 21:30,0.000984
2025-04-05 21:45,0.0
2025-04-05 22:00,0.001096
2025-04-05 22:15,0.0
2025-04-05 22:30,0.0
2025-04-05 22:45,0.000984
2025-04-05 23:00,0.0
2025-04-05 23:15,0.000984
2025-04-05 23:30,0.0
2025-04-05 23:45,0.0
2025-04-06 00:00,0.0
2025-04-06 00:15,0.0
2025-04-06 00:30,0.0
2025-04-06 00:45,0.0
2025-04-06 01:00,0.0
2025-04-06 01:15,0.0
2025-04-06 01:30,0.0
2025-04-06 01:45,0.000661
2025-04-06 02:00,0.0
2025-04-06 02:15,0.0
2025-04-06 02:30,0.000492
2025-04-06 02:45,0.0
2025-04-06 03:00,0.0
2025-04-06 03:15,0.009823
2025-04-06 03:30,0.00085
2025-04-06 03:45,0.0
2025-04-06 04:00,0.021333
2025-04-06 04:15,0.000661
2025-04-06 04:30,0.0
2025-04-06 04:45,0.007722
2025-04-06 05:00,0.0
2025-04-06 05:15,0.02257
2025-04-06 05:30,0.0
2025-04-06 05:45,0.0
2025-04-06 06:00,0.0
2025-04-06 06:15,0.0
2025-04-06 06:30,0.0
2025-04-06 06:45,0.0
2025-04-06 07:00,0.0
2025-04-06 07:15,0.000984
2025-04-06 07:30,0.0
2025-04-06 07:45,0.0
2025-04-06 08:00,0.0
2025-04-06 08:15,0.0
2025-04-06 08:30,0.00111
2025-04-06 08:45,0.0
2025-04-06 09:00,0.0
2025-04-06 09:15,0.0
2025-04-06 09:30,0.0
2025-04-06 09:45,0.0
2025-04-06 10:00,0.0
2025-04-06 10:15,0.0
2025-04-06 10:30,0.001152
2025-04-06 10:45,0.000661
2025-04-06 11:00,0.009823
2025-04-06 11:15,0.0
2025-04-06 11:30,0.001813
2025-04-06 11:45,0.019647
2025-04-06 12:00,0.0
2025-04-06 12:15,0.001096
2025-04-06 12:30,0.0
2025-04-06 12:45,0.0
2025-04-06 13:00,0.010666
2025-04-06 13:15,0.0
2025-04-06 13:30,0.0
2025-04-06 13:45,0.0
2025-04-06 14:00,0.0
2025-04-06 14:15,0.0
2025-04-06 14:30,0.0
2025-04-06 14:45,0.0
2025-04-06 15:00,0.0
2025-04-06 15:15,0.0
2025-04-06 15:30,0.0
2025-04-06 15:45,0.0
2025-04-06 16:00,0.041823
2025-04-06 16:15,0.031156
2025-04-06 16:30,0.000492
2025-04-06 16:45,0.0
2025-04-06 17:00,0.009823
2025-04-06 17:15,0.000984
2025-04-06 17:30,0.011158
2025-04-06 17:45,0.0
2025-04-06 18:00,0.004961
2025-04-06 18:15,0.0
2025-04-06 18:30,0.0
2025-04-06 18:45,0.0
2025-04-06 19:00,0.000492
2025-04-06 19:15,0.003478
2025-04-06 19:30,0.0
2025-04-06 19:45,0.0
2025-04-06 20:00,0.0
2025-04-06 20:15,0.0
2025-04-06 20:30,0.0
2025-04-06 20:45,0.0
2025-04-06 21:00,0.00045
2025-04-06 21:15,0.001715
2025-04-06 21:30,0.0
2025-04-06 21:45,0.0
2025-04-06 22:00,0.0
2025-04-06 22:15,0.000984
2025-04-06 22:30,0.0
2025-04-06 22:45,0.000984
2025-04-06 23:00,0.0
2025-04-06 23:15,0.0
2025-04-06 23:30,0.003478
2025-04-06 23:45,0.0
2025-04-07 00:00,0.021333
2025-04-07 00:15,0.001982
2025-04-07 00:30,0.0
2025-04-07 00:45,0.011987
2025-04-07 01:00,0.001096
2025-04-07 01:15,0.000492
2025-04-07 01:30,0.0017
2025-04-07 01:45,0.000492
2025-04-07 02:00,0.000984
2025-04-07 02:15,0.000661
2025-04-07 02:30,0.002206
2025-04-07 02:45,0.0
2025-04-07 03:00,0.001729
2025-04-07 03:15,0.0
2025-04-07 03:30,0.0
2025-04-07 03:45,0.000661
2025-04-07 04:00,0.0
2025-04-07 04:15,0.000492
2025-04-07 04:30,0.010666
2025-04-07 04:45,0.0
2025-04-07 05:00,0.023146
2025-04-07 05:15,0.0
2025-04-07 05:30,0.0
2025-04-07 05:45,0.001476
2025-04-07 06:00,0.000984
2025-04-07 06:15,0.010666
2025-04-07 06:30,0.000815
2025-04-07 06:45,0.0
2025-04-07 07:00,0.0
2025-04-07 07:15,0.0
2025-04-07 07:30,0.010666
2025-04-07 07:45,0.0
2025-04-07 08:00,0.0337
2025-04-07 08:15,0.0
2025-04-07 08:30,0.000492
2025-04-07 08:45,0.0
2025-04-07 09:00,0.0
2025-04-07 09:15,0.0
2025-04-07 09:30,0.000548
2025-04-07 09:45,0.0
2025-04-07 10:00,0.109553
2025-04-07 10:15,0.0
2025-04-07 10:30,0.0
2025-04-07 10:45,0.000984
2025-04-07 11:00,0.015866
2025-04-07 11:15,0.0
2025-04-07 11:30,0.004413
2025-04-07 11:45,0.0
2025-04-07 12:00,0.0
2025-04-07 12:15,0.041907
2025-04-07 12:30,0.103552
2025-04-07 12:45,0.096652
2025-04-07 13:00,0.148811
2025-04-07 13:15,0.075129
2025-04-07 13:30,0.12908
2025-04-07 13:45,0.12967
2025-04-07 14:00,0.052271
2025-04-07 14:15,0.120802
2025-04-07 14:30,0.126881
2025-04-07 14:45,0.129291
2025-04-07 15:00,0.184422
2025-04-07 15:15,0.046327
2025-04-07 15:30,0.113164
2025-04-07 15:45,0.095816
2025-04-07 16:00,0.133774
2025-04-07 16:15,0.062608
2025-04-07 16:30,0.057619
2025-04-07 16:45,0.112342
2025-04-07 17:00,0.1728
2025-04-07 17:15,0.031985
2025-04-07 17:30,0.224881
2025-04-07 17:45,0.0821
2025-04-07 18:00,0.06728
2025-04-07 18:15,0.044788
2025-04-07 18:30,0.04334
2025-04-07 18:45,0.079486
2025-04-07 19:00,0.217187
2025-04-07 19:15,0.053417
2025-04-07 19:30,0.059755
2025-04-07 19:45,0.102414
2025-04-07 20:00,0.023244
2025-04-07 20:15,0.075199
2025-04-07 20:30,0.052475
2025-04-07 20:45,0.005003
2025-04-07 21:00,0.039293
2025-04-07 21:15,0.010723
2025-04-07 21:30,0.0
2025-04-07 21:45,0.025689
2025-04-07 22:00,0.084376
2025-04-07 22:15,0.009823
2025-04-07 22:30,0.011482
2025-04-07 22:45,0.02531
2025-04-07 23:00,0.0
2025-04-07 23:15,0.022443
2025-04-07 23:30,0.0
2025-04-07 23:45,0.0
2025-04-08 00:00,0.042806
2025-04-08 00:15,0.0
2025-04-08 00:30,0.000661
2025-04-08 00:45,0.0
2025-04-08 01:00,0.096982
2025-04-08 01:15,0.0
2025-04-08 01:30,0.0
2025-04-08 01:45,0.000492
2025-04-08 02:00,0.00071
2025-04-08 02:15,0.000759
2025-04-08 02:30,0.0
2025-04-08 02:45,0.011327
2025-04-08 03:00,0.011987
2025-04-08 03:15,0.0
2025-04-08 03:30,0.0
2025-04-08 03:45,0.000492
2025-04-08 04:00,0.075157
2025-04-08 04:15,0.0
2025-04-08 04:30,0.0
2025-04-08 04:45,0.004961
2025-04-08 05:00,0.010666
2025-04-08 05:15,0.0
2025-04-08 05:30,0.000661
2025-04-08 05:45,0.0
2025-04-08 06:00,0.0
2025-04-08 06:15,0.0
2025-04-08 06:30,0.0026
2025-04-08 06:45,0.0
2025-04-08 07:00,0.202663
2025-04-08 07:15,0.0
2025-04-08 07:30,0.002206
2025-04-08 07:45,0.0
2025-04-08 08:00,0.0
2025-04-08 08:15,0.000984
2025-04-08 08:30,0.0
2025-04-08 08:45,0.010666
2025-04-08 09:00,0.001476
2025-04-08 09:15,0.001419
2025-04-08 09:30,0.0
2025-04-08 09:45,0.006956
2025-04-08 10:00,0.111626
2025-04-08 10:15,0.004947
2025-04-08 10:30,0.0
2025-04-08 10:45,0.0
2025-04-08 11:00,0.0
2025-04-08 11:15,0.018642
2025-04-08 11:30,0.0
2025-04-08 11:45,0.099561
2025-04-08 12:00,0.039743
2025-04-08 12:15,0.041759
2025-04-08 12:30,0.097629
2025-04-08 12:45,0.070871
2025-04-08 13:00,0.103053
2025-04-08 13:15,0.046383
2025-04-08 13:30,0.083357
2025-04-08 13:45,0.070913
2025-04-08 14:00,0.091698
2025-04-08 14:15,0.075031
2025-04-08 14:30,0.118926
2025-04-08 14:45,0.112764
2025-04-08 15:00,0.122366
2025-04-08 15:15,0.165766
2025-04-08 15:30,0.10658
2025-04-08 15:45,0.113916
2025-04-08 16:00,0.090883
2025-04-08 16:15,0.092155
2025-04-08 16:30,0.02739
2025-04-08 16:45,0.090567
2025-04-08 17:00,0.120451
2025-04-08 17:15,0.251801
2025-04-08 17:30,0.129136
2025-04-08 17:45,0.041752
2025-04-08 18:00,0.08302
2025-04-08 18:15,0.129277
2025-04-08 18:30,0.048287
2025-04-08 18:45,0.080547
2025-04-08 19:00,0.156667
2025-04-08 19:15,0.069606
2025-04-08 19:30,0.111485
2025-04-08 19:45,0.040178
2025-04-08 20:00,0.153772
2025-04-08 20:15,0.065917
2025-04-08 20:30,0.052841
2025-04-08 20:45,0.078361
2025-04-08 21:00,0.020729
2025-04-08 21:15,0.030692
2025-04-08 21:30,0.021333
2025-04-08 21:45,0.0
2025-04-08 22:00,0.0
2025-04-08 22:15,0.011503
2025-04-08 22:30,0.019647
2025-04-08 22:45,0.002038
2025-04-08 23:00,0.010273
2025-04-08 23:15,0.000661
2025-04-08 23:30,0.0
2025-04-08 23:45,0.001996
2025-04-09 00:00,0.021825
2025-04-09 00:00,0.019767
2025-04-09 00:15,0.001044
2025-04-09 00:30,0.0
2025-04-09 00:45,0.039254
2025-04-09 01:00,0.0
2025-04-09 01:15,0.0
2025-04-09 01:30,0.000445
2025-04-09 01:45,0.000369
2025-04-09 02:00,0.000407
2025-04-09 02:15,0.002189
2025-04-09 02:30,0.002947
2025-04-09 02:45,0.0
2025-04-09 03:00,0.019881
2025-04-09 03:15,0.000891
2025-04-09 03:30,0.0
2025-04-09 03:45,0.000445
2025-04-09 04:00,0.0
2025-04-09 04:15,0.001884
2025-04-09 04:30,0.004442
2025-04-09 04:45,0.0
2025-04-09 05:00,0.008897
2025-04-09 05:15,0.002705
2025-04-09 05:30,0.00504
2025-04-09 05:45,0.006994
2025-04-09 06:00,0.0
2025-04-09 06:15,0.010259
2025-04-09 06:30,0.000598
2025-04-09 06:45,0.000643
2025-04-09 07:00,0.001196
2025-04-09 07:15,0.001044
2025-04-09 07:30,0.0
2025-04-09 07:45,0.001171
2025-04-09 08:00,0.0
2025-04-09 08:15,0.001196
2025-04-09 08:30,0.0
2025-04-09 08:45,0.000598
2025-04-09 09:00,0.0
2025-04-09 09:15,0.0
2025-04-09 09:30,0.0
2025-04-09 09:45,0.0
2025-04-09 10:00,0.0
2025-04-09 10:15,0.0
2025-04-09 10:30,0.001114
2025-04-09 10:45,0.0
2025-04-09 11:00,0.000643
2025-04-09 11:15,0.000445
2025-04-09 11:30,1.0
2025-04-09 11:45,0.022592
2025-04-09 12:00,0.032533
2025-04-09 12:15,0.002978
2025-04-09 12:30,0.016776
2025-04-09 12:45,0.084693
2025-04-09 13:00,0.089415
2025-04-09 13:15,0.049022
2025-04-09 13:30,0.155703
2025-04-09 13:45,0.093374
2025-04-09 14:00,0.163079
2025-04-09 14:15,0.043244
2025-04-09 14:30,0.168136
2025-04-09 14:45,0.095703
2025-04-09 15:00,0.121344
2025-04-09 15:15,0.07642
2025-04-09 15:30,0.229877
2025-04-09 15:45,0.150841
2025-04-09 16:00,0.087882
2025-04-09 16:15,0.056507
2025-04-09 16:30,0.226828
2025-04-09 16:45,0.091095
2025-04-09 17:00,0.053115
2025-04-09 17:15,0.108017
2025-04-09 17:30,0.079933
2025-04-09 17:45,0.036403
2025-04-09 18:00,0.083083
2025-04-09 18:15,0.099833
2025-04-09 18:30,0.003742
2025-04-09 18:45,0.030668
2025-04-09 19:00,0.136859
2025-04-09 19:15,0.0823
2025-04-09 19:30,0.144057
2025-04-09 19:45,0.074956
2025-04-09 20:00,0.076973
2025-04-09 20:15,0.002647
2025-04-09 20:30,0.051294
2025-04-09 20:45,0.019729
2025-04-09 21:00,0.069808
2025-04-09 21:15,0.036441
2025-04-09 21:30,0.000407
2025-04-09 21:45,0.000369
2025-04-09 22:00,0.0
2025-04-09 22:15,0.038643
2025-04-09 22:30,0.009661
2025-04-09 22:45,0.0
2025-04-09 23:00,0.0
2025-04-09 23:15,0.000445
2025-04-09 23:30,0.018303
2025-04-09 23:45,0.009463
2025-04-10 00:00,0.010106
2025-04-10 00:15,0.0
2025-04-10 00:30,0.000407
2025-04-10 00:45,0.00133
2025-04-10 01:00,0.004175
2025-04-10 01:15,0.009661
2025-04-10 01:30,0.097014
2025-04-10 01:45,0.009285
2025-04-10 02:00,0.008782
2025-04-10 02:15,0.0
2025-04-10 02:30,0.0
2025-04-10 02:45,0.019321
2025-04-10 03:00,0.0
2025-04-10 03:15,0.002087
2025-04-10 03:30,0.010704
2025-04-10 03:45,0.001807
2025-04-10 04:00,0.001031
2025-04-10 04:15,0.018812
2025-04-10 04:30,0.039565
2025-04-10 04:45,0.0
2025-04-10 05:00,0.000967
2025-04-10 05:15,0.0
2025-04-10 05:30,0.019321
2025-04-10 05:45,0.00828
2025-04-10 06:00,0.010857
2025-04-10 06:15,0.0
2025-04-10 06:30,0.0
2025-04-10 06:45,0.000445
2025-04-10 07:00,0.0
2025-04-10 07:15,0.0
2025-04-10 07:30,0.030802
2025-04-10 07:45,0.000496
2025-04-10 08:00,0.0
2025-04-10 08:15,0.033691
2025-04-10 08:30,0.038643
2025-04-10 08:45,0.001044
2025-04-10 09:00,0.000445
2025-04-10 09:15,0.000923
2025-04-10 09:30,0.0
2025-04-10 09:45,0.002412
2025-04-10 10:00,0.010698
2025-04-10 10:15,0.007185
2025-04-10 10:30,0.115928
2025-04-10 10:45,0.0
2025-04-10 11:00,0.000751
2025-04-10 11:15,0.000891
2025-04-10 11:30,0.000897
2025-04-10 11:45,0.007828
2025-04-10 12:00,0.00989
2025-04-10 12:15,0.011818
2025-04-10 12:30,0.050964
2025-04-10 12:45,0.065289
2025-04-10 13:00,0.103085
2025-04-10 13:15,0.128892
2025-04-10 13:30,0.126734
2025-04-10 13:45,0.20204
2025-04-10 14:00,0.123043
2025-04-10 14:15,0.108011
2025-04-10 14:30,0.060669
2025-04-10 14:45,0.268348
2025-04-10 15:00,0.067084
2025-04-10 15:15,0.108355
2025-04-10 15:30,0.17498
2025-04-10 15:45,0.02832
2025-04-10 16:00,0.435233
2025-04-10 16:15,0.387038
2025-04-10 16:30,0.148111
2025-04-10 16:45,0.053191
2025-04-10 17:00,0.113656
2025-04-10 17:15,0.041977
2025-04-10 17:30,0.379363
2025-04-10 17:45,0.153183
2025-04-10 18:00,0.224789
2025-04-10 18:15,0.521994
2025-04-10 18:30,0.169978
2025-04-10 18:45,0.203033
2025-04-10 19:00,0.175222
2025-04-10 19:15,0.125519
2025-04-10 19:30,0.124558
2025-04-10 19:45,0.137184
2025-04-10 20:00,0.096467
2025-04-10 20:15,0.067863
2025-04-10 20:30,0.051753
2025-04-10 20:45,0.009514
2025-04-10 21:00,0.018685
2025-04-10 21:15,0.019862
2025-04-10 21:30,0.010564
2025-04-10 21:45,0.017794
2025-04-10 22:00,0.038248
2025-04-10 22:15,0.095703
2025-04-10 22:30,0.032374
2025-04-10 22:45,0.000445
2025-04-10 23:00,0.0
2025-04-10 23:15,0.001006
2025-04-10 23:30,0.001196
2025-04-10 23:45,0.0
2025-04-11 00:00,0.010857
2025-04-11 00:15,0.0
2025-04-11 00:30,0.000891
2025-04-11 00:45,0.009648
2025-04-11 01:00,0.009597
2025-04-11 01:15,0.039088
2025-04-11 01:30,0.010259
2025-04-11 01:45,0.0
2025-04-11 02:00,0.000993
2025-04-11 02:15,0.0
2025-04-11 02:30,0.002857
2025-04-11 02:45,0.006994
2025-04-11 03:00,0.0
2025-04-11 03:15,0.000598
2025-04-11 03:30,0.002393
2025-04-11 03:45,0.020212
2025-04-11 04:00,0.027849
2025-04-11 04:15,0.01992
2025-04-11 04:30,0.00448
2025-04-11 04:45,0.0
2025-04-11 05:00,0.010552
2025-04-11 05:15,0.0
2025-04-11 05:30,0.0
2025-04-11 05:45,0.0
2025-04-11 06:00,0.0
2025-04-11 06:15,0.0
2025-04-11 06:30,0.009661
2025-04-11 06:45,0.00744
2025-04-11 07:00,0.001286
2025-04-11 07:15,0.0
2025-04-11 07:30,0.038643
2025-04-11 07:45,0.000445
2025-04-11 08:00,0.0
2025-04-11 08:15,0.0
2025-04-11 08:30,0.010526
2025-04-11 08:45,0.0
2025-04-11 09:00,0.0
2025-04-11 09:15,0.0
2025-04-11 09:30,0.000891
2025-04-11 09:45,0.001521
2025-04-11 10:00,0.0
2025-04-11 10:15,0.009661
2025-04-11 10:30,0.039534
2025-04-11 10:45,0.0
2025-04-11 11:00,0.000891
2025-04-11 11:15,0.0
2025-04-11 11:30,0.048202
2025-04-11 11:45,0.000891
2025-04-11 12:00,0.0
2025-04-11 12:15,0.020104
2025-04-11 12:30,0.011799
2025-04-11 12:45,0.095047
2025-04-11 13:00,0.022013
2025-04-11 13:15,0.043282
2025-04-11 13:30,0.114846
2025-04-11 13:45,0.07439
2025-04-11 14:00,0.011214
2025-04-11 14:15,0.01836
2025-04-11 14:30,0.034092
2025-04-11 14:45,0.116431
2025-04-11 15:00,0.098389
2025-04-11 15:15,0.054483
2025-04-11 15:30,0.1102
2025-04-11 15:45,0.068344
2025-04-11 16:00,0.044892
2025-04-11 16:15,0.089899
2025-04-11 16:30,0.060713
2025-04-11 16:45,0.037542
2025-04-11 17:00,0.013912
2025-04-11 17:15,0.070578
2025-04-11 17:30,0.129464
2025-04-11 17:45,0.092101
2025-04-11 18:00,0.047075
2025-04-11 18:15,0.065862
2025-04-11 18:30,0.060376
2025-04-11 18:45,0.037815
2025-04-11 19:00,0.084617
2025-04-11 19:15,0.166535
2025-04-11 19:30,0.101723
2025-04-11 19:45,0.080346
2025-04-11 20:00,0.086621
2025-04-11 20:15,0.014453
2025-04-11 20:30,0.182808
2025-04-11 20:45,0.032559
2025-04-11 21:00,0.027913
2025-04-11 21:15,0.031082
2025-04-11 21:30,0.004124
2025-04-11 21:45,0.018532
2025-04-11 22:00,0.0
2025-04-11 22:15,0.017158
2025-04-11 22:30,0.027245
2025-04-11 22:45,0.002253
2025-04-11 23:00,0.009661
2025-04-11 23:15,0.000407
2025-04-11 23:30,0.000993
2025-04-11 23:45,0.018303
2025-04-12 00:00,0.0
2025-04-12 00:15,0.0
2025-04-12 00:30,0.0
2025-04-12 00:45,0.0
2025-04-12 01:00,0.000445
2025-04-12 01:15,0.000445
2025-04-12 01:30,0.020518
2025-04-12 01:45,0.0
2025-04-12 02:00,0.0
2025-04-12 02:15,0.001362
2025-04-12 02:30,0.0
2025-04-12 02:45,0.0
2025-04-12 03:00,0.001311
2025-04-12 03:15,0.0
2025-04-12 03:30,0.003736
2025-04-12 03:45,0.0
2025-04-12 04:00,0.0
2025-04-12 04:15,0.0
2025-04-12 04:30,0.000993
2025-04-12 04:45,0.003672
2025-04-12 05:00,0.0
2025-04-12 05:15,0.000445
2025-04-12 05:30,0.0
2025-04-12 05:45,0.0
2025-04-12 06:00,0.009661
2025-04-12 06:15,0.0
2025-04-12 06:30,0.0
2025-04-12 06:45,0.0
2025-04-12 07:00,0.0
2025-04-12 07:15,0.009661
2025-04-12 07:30,0.0
2025-04-12 07:45,0.0
2025-04-12 08:00,0.000738
2025-04-12 08:15,0.000445
2025-04-12 08:30,0.0
2025-04-12 08:45,0.000445
2025-04-12 09:00,0.001336
2025-04-12 09:15,0.0
2025-04-12 09:30,0.000445
2025-04-12 09:45,0.000445
2025-04-12 10:00,0.0
2025-04-12 10:15,0.000611
2025-04-12 10:30,0.009661
2025-04-12 10:45,0.000923
2025-04-12 11:00,0.000407
2025-04-12 11:15,0.0
2025-04-12 11:30,0.000598
2025-04-12 11:45,0.000891
2025-04-12 12:00,0.009661
2025-04-12 12:15,0.0
2025-04-12 12:30,0.0
2025-04-12 12:45,0.000566
2025-04-12 13:00,0.0
2025-04-12 13:15,0.000891
2025-04-12 13:30,0.019321
2025-04-12 13:45,0.000891
2025-04-12 14:00,0.008101
2025-04-12 14:15,0.0
2025-04-12 14:30,0.001196
2025-04-12 14:45,0.001935
2025-04-12 15:00,0.0
2025-04-12 15:15,0.0
2025-04-12 15:30,0.028982
2025-04-12 15:45,0.000369
2025-04-12 16:00,0.010883
2025-04-12 16:15,0.005416
2025-04-12 16:30,0.0
2025-04-12 16:45,0.019334
2025-04-12 17:00,0.0
2025-04-12 17:15,0.009101
2025-04-12 17:30,0.000738
2025-04-12 17:45,0.0
2025-04-12 18:00,0.009152
2025-04-12 18:15,0.0
2025-04-12 18:30,0.001814
2025-04-12 18:45,0.005142
2025-04-12 19:00,0.010552
2025-04-12 19:15,0.0
2025-04-12 19:30,0.0
2025-04-12 19:45,0.001196
2025-04-12 20:00,0.0
2025-04-12 20:15,0.0
2025-04-12 20:30,0.000445
2025-04-12 20:45,0.0
2025-04-12 21:00,0.0
2025-04-12 21:15,0.002947
2025-04-12 21:30,0.0
2025-04-12 21:45,0.0
2025-04-12 22:00,0.0
2025-04-12 22:15,0.0
2025-04-12 22:30,0.00315
2025-04-12 22:45,0.0
2025-04-12 23:00,0.0
2025-04-12 23:15,0.0
2025-04-12 23:30,0.0
2025-04-12 23:45,0.000445
2025-04-13 00:00,0.0
2025-04-13 00:15,0.000369
2025-04-13 00:30,0.000891
2025-04-13 00:45,0.0
2025-04-13 01:00,0.0
2025-04-13 01:15,0.005658
2025-04-13 01:30,0.0
2025-04-13 01:45,0.000598
2025-04-13 02:00,0.000598
2025-04-13 02:15,0.0
2025-04-13 02:30,0.000445
2025-04-13 02:45,0.000598
2025-04-13 03:00,0.0
2025-04-13 03:15,0.0
2025-04-13 03:30,0.000598
2025-04-13 03:45,0.0
2025-04-13 04:00,0.000445
2025-04-13 04:15,0.0
2025-04-13 04:30,0.010552
2025-04-13 04:45,0.0
2025-04-13 05:00,0.0
2025-04-13 05:15,0.009661
2025-04-13 05:30,0.001044
2025-04-13 05:45,0.0
2025-04-13 06:00,0.0
2025-04-13 06:15,0.0
2025-04-13 06:30,0.0
2025-04-13 06:45,0.0
2025-04-13 07:00,0.0
2025-04-13 07:15,0.0
2025-04-13 07:30,0.0
2025-04-13 07:45,0.0
2025-04-13 08:00,0.0
2025-04-13 08:15,0.002227
2025-04-13 08:30,0.003997
2025-04-13 08:45,0.0
2025-04-13 09:00,0.0
2025-04-13 09:15,0.0
2025-04-13 09:30,0.000891
2025-04-13 09:45,0.0
2025-04-13 10:00,0.0
2025-04-13 10:15,0.002291
2025-04-13 10:30,0.019321
2025-04-13 10:45,0.0
2025-04-13 11:00,0.136955
2025-04-13 11:15,0.0
2025-04-13 11:30,0.0
2025-04-13 11:45,0.001196
2025-04-13 12:00,0.000445
2025-04-13 12:15,0.002947
2025-04-13 12:30,0.000891
2025-04-13 12:45,0.000643
2025-04-13 13:00,0.00154
2025-04-13 13:15,0.0
2025-04-13 13:30,0.008897
2025-04-13 13:45,0.0
2025-04-13 14:00,0.001196
2025-04-13 14:15,0.0
2025-04-13 14:30,0.0
2025-04-13 14:45,0.0
2025-04-13 15:00,0.009661
2025-04-13 15:15,0.000923
2025-04-13 15:30,0.0
2025-04-13 15:45,0.0
2025-04-13 16:00,0.038617
2025-04-13 16:15,0.0
2025-04-13 16:30,0.0
2025-04-13 16:45,0.00525
2025-04-13 17:00,0.009661
2025-04-13 17:15,0.0
2025-04-13 17:30,0.000598
2025-04-13 17:45,0.000445
2025-04-13 18:00,0.004041
2025-04-13 18:15,0.0
2025-04-13 18:30,0.0
2025-04-13 18:45,0.001196
2025-04-13 19:00,0.0
2025-04-13 19:15,0.014586
2025-04-13 19:30,0.0
2025-04-13 19:45,0.0
2025-04-13 20:00,0.0
2025-04-13 20:15,0.0
2025-04-13 20:30,0.027976
2025-04-13 20:45,0.0
2025-04-13 21:00,0.000891
2025-04-13 21:15,0.0
2025-04-13 21:30,0.0
2025-04-13 21:45,0.0
2025-04-13 22:00,0.0
2025-04-13 22:15,0.067625
2025-04-13 22:30,0.135249
2025-04-13 22:45,0.08293
2025-04-13 23:00,0.135249
2025-04-13 23:15,0.300295
2025-04-13 23:30,0.089772
2025-04-13 23:45,0.000204
2025-04-14 00:00,0.0
2025-04-14 00:15,0.023318
2025-04-14 00:30,0.0
2025-04-14 00:45,0.001642
2025-04-14 01:00,0.000445
2025-04-14 01:15,0.0
2025-04-14 01:30,0.0
2025-04-14 01:45,0.0
2025-04-14 02:00,0.009279
2025-04-14 02:15,0.0
2025-04-14 02:30,0.009279
2025-04-14 02:45,0.009661
2025-04-14 03:00,0.0
2025-04-14 03:15,0.0
2025-04-14 03:30,0.0
2025-04-14 03:45,0.0
2025-04-14 04:00,0.000445
2025-04-14 04:15,0.001196
2025-04-14 04:30,0.0
2025-04-14 04:45,0.000445
2025-04-14 05:00,0.000891
2025-04-14 05:15,0.019767
2025-04-14 05:30,0.0
2025-04-14 05:45,0.0
2025-04-14 06:00,0.0
2025-04-14 06:15,0.010259
2025-04-14 06:30,0.0
2025-04-14 06:45,0.0
2025-04-14 07:00,0.000445
2025-04-14 07:15,0.000445
2025-04-14 07:30,0.00077
2025-04-14 07:45,0.001884
2025-04-14 08:00,0.000573
2025-04-14 08:15,0.0
2025-04-14 08:30,0.0
2025-04-14 08:45,0.0
2025-04-14 09:00,0.0
2025-04-14 09:15,0.0
2025-04-14 09:30,0.0
2025-04-14 09:45,0.000891
2025-04-14 10:00,0.001196
2025-04-14 10:15,0.0
2025-04-14 10:30,0.000496
2025-04-14 10:45,0.000598
2025-04-14 11:00,0.0
2025-04-14 11:15,0.000369
2025-04-14 11:30,0.000445
2025-04-14 11:45,0.020314
2025-04-14 12:00,0.004907
2025-04-14 12:15,0.021803
2025-04-14 12:30,0.021046
2025-04-14 12:45,0.041137
2025-04-14 13:00,0.06429
2025-04-14 13:15,0.0523
2025-04-14 13:30,0.065894
2025-04-14 13:45,0.049169
2025-04-14 14:00,0.124857
2025-04-14 14:15,0.104333
2025-04-14 14:30,0.077044
2025-04-14 14:45,0.054496
2025-04-14 15:00,0.040055
2025-04-14 15:15,0.019531
2025-04-14 15:30,0.101532
2025-04-14 15:45,0.074154
2025-04-14 16:00,0.036555
2025-04-14 16:15,0.137159
2025-04-14 16:30,0.042576
2025-04-14 16:45,0.033268
2025-04-14 17:00,0.130285
2025-04-14 17:15,0.057716
2025-04-14 17:30,0.164702
2025-04-14 17:45,0.024425
2025-04-14 18:00,0.060701
2025-04-14 18:15,0.108832
2025-04-14 18:30,0.154902
2025-04-14 18:45,0.047559
2025-04-14 19:00,0.027665
2025-04-14 19:15,0.029924
2025-04-14 19:30,0.119104
2025-04-14 19:45,0.052294
2025-04-14 20:00,0.066886
2025-04-14 20:15,0.05888
2025-04-14 20:30,0.058193
2025-04-14 20:45,0.038694
2025-04-14 21:00,0.03301
2025-04-14 21:15,0.057302
2025-04-14 21:30,0.038795
2025-04-14 21:45,0.052478
2025-04-14 22:00,0.018691
2025-04-14 22:15,0.008751
2025-04-14 22:30,0.009864
2025-04-14 22:45,0.017794
2025-04-14 23:00,0.00042
2025-04-14 23:15,0.008076
2025-04-14 23:30,0.010093
2025-04-14 23:45,0.000445
2025-04-15 00:00,0.0
2025-04-15 00:15,0.000445
2025-04-15 00:30,0.0
2025-04-15 00:45,0.0
2025-04-15 01:00,0.000891
2025-04-15 01:15,0.001146
2025-04-15 01:30,0.000445
2025-04-15 01:45,0.00315
2025-04-15 02:00,0.001693
2025-04-15 02:15,0.00744
2025-04-15 02:30,0.001362
2025-04-15 02:45,0.001744
2025-04-15 03:00,0.000891
2025-04-15 03:15,0.001489
2025-04-15 03:30,0.0
2025-04-15 03:45,0.0
2025-04-15 04:00,0.000566
2025-04-15 04:15,0.000598
2025-04-15 04:30,0.00238
2025-04-15 04:45,0.0
2025-04-15 05:00,0.0
2025-04-15 05:15,0.0
2025-04-15 05:30,0.0
2025-04-15 05:45,0.000445
2025-04-15 06:00,0.001362
2025-04-15 06:15,0.000891
2025-04-15 06:30,0.000815
2025-04-15 06:45,0.001126
2025-04-15 07:00,0.00126
2025-04-15 07:15,0.010857
2025-04-15 07:30,0.0
2025-04-15 07:45,0.0
2025-04-15 08:00,0.002947
2025-04-15 08:15,0.028575
2025-04-15 08:30,0.002877
2025-04-15 08:45,0.003965
2025-04-15 09:00,0.001807
2025-04-15 09:15,0.000815
2025-04-15 09:30,0.0
2025-04-15 09:45,0.001146
2025-04-15 10:00,0.000223
2025-04-15 10:15,0.001438
2025-04-15 10:30,0.0014
2025-04-15 10:45,0.000643
2025-04-15 11:00,0.000891
2025-04-15 11:15,0.023496
2025-04-15 11:30,0.0
2025-04-15 11:45,0.001146
2025-04-15 12:00,0.01999
2025-04-15 12:15,0.028059
2025-04-15 12:30,0.082472
2025-04-15 12:45,0.023592
2025-04-15 13:00,0.108877
2025-04-15 13:15,0.11834
2025-04-15 13:30,0.110716
2025-04-15 13:45,0.07726
2025-04-15 14:00,0.103174
2025-04-15 14:15,0.155796
2025-04-15 14:30,0.100043
2025-04-15 14:45,0.088162
2025-04-15 15:00,0.124157
2025-04-15 15:15,0.049073
2025-04-15 15:30,0.088486
2025-04-15 15:45,0.149384
2025-04-15 16:00,0.0725
2025-04-15 16:15,0.062215
2025-04-15 16:30,0.03056
2025-04-15 16:45,0.07761
2025-04-15 17:00,0.056923
2025-04-15 17:15,0.111276
2025-04-15 17:30,0.075783
2025-04-15 17:45,0.094907
2025-04-15 18:00,0.020149
2025-04-15 18:15,0.126766
2025-04-15 18:30,0.12949
2025-04-15 18:45,0.083649
2025-04-15 19:00,0.112364
2025-04-15 19:15,0.121318
2025-04-15 19:30,0.020594
2025-04-15 19:45,0.048965
2025-04-15 20:00,0.046846
2025-04-15 20:15,0.098777
2025-04-15 20:30,0.028467
2025-04-15 20:45,0.068477
2025-04-15 21:00,0.049754
2025-04-15 21:15,0.105523
2025-04-15 21:30,0.031063
2025-04-15 21:45,0.006332
2025-04-15 22:00,0.0
2025-04-15 22:15,0.002673
2025-04-15 22:30,0.0
2025-04-15 22:45,0.001489
2025-04-15 23:00,0.05699
2025-04-15 23:15,0.001489
2025-04-15 23:30,0.001744
2025-04-15 23:45,0.010303
2025-04-16 00:00,0.029873
2025-04-16 00:00,0.116691
2025-04-16 00:15,0.000796
2025-04-16 00:30,0.132999
2025-04-16 00:45,0.00348
2025-04-16 01:00,0.00348
2025-04-16 01:15,0.0
2025-04-16 01:30,0.002337
2025-04-16 01:45,0.0
2025-04-16 02:00,0.037737
2025-04-16 02:15,0.014369
2025-04-16 02:30,0.0
2025-04-16 02:45,0.0
2025-04-16 03:00,0.0
2025-04-16 03:15,0.0
2025-04-16 03:30,0.00701
2025-04-16 03:45,0.0
2025-04-16 04:00,0.154552
2025-04-16 04:15,0.001939
2025-04-16 04:30,0.046264
2025-04-16 04:45,0.069507
2025-04-16 05:00,0.039974
2025-04-16 05:15,0.0
2025-04-16 05:30,0.0
2025-04-16 05:45,0.001442
2025-04-16 06:00,0.037737
2025-04-16 06:15,0.0
2025-04-16 06:30,0.007209
2025-04-16 06:45,0.00348
2025-04-16 07:00,0.00348
2025-04-16 07:15,0.00174
2025-04-16 07:30,0.0
2025-04-16 07:45,0.0
2025-04-16 08:00,0.034754
2025-04-16 08:15,0.037712
2025-04-16 08:30,0.0
2025-04-16 08:45,0.00348
2025-04-16 09:00,0.0
2025-04-16 09:15,0.0
2025-04-16 09:30,0.039626
2025-04-16 09:45,0.0
2025-04-16 10:00,0.0
2025-04-16 10:15,0.007358
2025-04-16 10:30,0.002486
2025-04-16 10:45,0.0
2025-04-16 11:00,0.044499
2025-04-16 11:15,0.006513
2025-04-16 11:30,0.027321
2025-04-16 11:45,0.037737
2025-04-16 12:00,0.0
2025-04-16 12:15,0.079352
2025-04-16 12:30,0.072689
2025-04-16 12:45,0.171183
2025-04-16 13:00,0.054418
2025-04-16 13:15,0.354771
2025-04-16 13:30,0.479839
2025-04-16 13:45,0.155024
2025-04-16 14:00,0.321235
2025-04-16 14:15,0.524686
2025-04-16 14:30,0.235345
2025-04-16 14:45,0.189268
2025-04-16 15:00,0.449784
2025-04-16 15:15,0.250883
2025-04-16 15:30,0.452593
2025-04-16 15:45,0.160095
2025-04-16 16:00,0.404241
2025-04-16 16:15,0.128723
2025-04-16 16:30,0.246458
2025-04-16 16:45,0.17956
2025-04-16 17:00,0.080769
2025-04-16 17:15,0.225029
2025-04-16 17:30,0.24074
2025-04-16 17:45,0.572615
2025-04-16 18:00,0.279173
2025-04-16 18:15,0.563814
2025-04-16 18:30,0.090886
2025-04-16 18:45,0.133496
2025-04-16 19:00,0.196564
2025-04-16 19:15,0.306096
2025-04-16 19:30,0.052553
2025-04-16 19:45,0.388406
2025-04-16 20:00,0.174067
2025-04-16 20:15,0.400512
2025-04-16 20:30,0.136529
2025-04-16 20:45,0.087481
2025-04-16 21:00,0.139412
2025-04-16 21:15,0.274698
2025-04-16 21:30,0.069507
2025-04-16 21:45,0.00527
2025-04-16 22:00,0.069507
2025-04-16 22:15,0.037488
2025-04-16 22:30,0.013524
2025-04-16 22:45,0.00348
2025-04-16 23:00,0.007831
2025-04-16 23:15,0.0
2025-04-16 23:30,0.035748
2025-04-16 23:45,0.0
2025-04-17 00:00,0.071247
2025-04-17 00:15,0.048924
2025-04-17 00:30,0.0
2025-04-17 00:45,0.0
2025-04-17 01:00,0.00348
2025-04-17 01:15,0.037339
2025-04-17 01:30,0.014965
2025-04-17 01:45,0.071247
2025-04-17 02:00,0.0
2025-04-17 02:15,0.0
2025-04-17 02:30,0.0
2025-04-17 02:45,0.0
2025-04-17 03:00,0.0
2025-04-17 03:15,0.0
2025-04-17 03:30,0.0089
2025-04-17 03:45,0.002212
2025-04-17 04:00,0.078208
2025-04-17 04:15,0.0
2025-04-17 04:30,0.0
2025-04-17 04:45,0.0
2025-04-17 05:00,0.003555
2025-04-17 05:15,0.004674
2025-04-17 05:30,0.0
2025-04-17 05:45,0.0
2025-04-17 06:00,0.0
2025-04-17 06:15,0.034754
2025-04-17 06:30,0.020981
2025-04-17 06:45,0.0
2025-04-17 07:00,0.003033
2025-04-17 07:15,0.079078
2025-04-17 07:30,0.0
2025-04-17 07:45,0.0
2025-04-17 08:00,0.005295
2025-04-17 08:15,0.0
2025-04-17 08:30,0.017352
2025-04-17 08:45,0.0
2025-04-17 09:00,0.0
2025-04-17 09:15,0.0
2025-04-17 09:30,0.0
2025-04-17 09:45,0.041366
2025-04-17 10:00,0.003679
2025-04-17 10:15,0.0
2025-04-17 10:30,0.0
2025-04-17 10:45,0.080197
2025-04-17 11:00,0.0
2025-04-17 11:15,0.226421
2025-04-17 11:30,0.074628
2025-04-17 11:45,0.019291
2025-04-17 12:00,0.002933
2025-04-17 12:15,0.246756
2025-04-17 12:30,0.037737
2025-04-17 12:45,0.259981
2025-04-17 13:00,0.153259
2025-04-17 13:15,0.502212
2025-04-17 13:30,0.078805
2025-04-17 13:45,0.147367
2025-04-17 14:00,0.116616
2025-04-17 14:15,0.295033
2025-04-17 14:30,0.245886
2025-04-17 14:45,0.835057
2025-04-17 15:00,0.400326
2025-04-17 15:15,0.477428
2025-04-17 15:30,0.349202
2025-04-17 15:45,0.204693
2025-04-17 16:00,0.140332
2025-04-17 16:15,0.220877
2025-04-17 16:30,0.418411
2025-04-17 16:45,0.373639
2025-04-17 17:00,0.211903
2025-04-17 17:15,0.336847
2025-04-17 17:30,0.424203
2025-04-17 17:45,0.299607
2025-04-17 18:00,0.229454
2025-04-17 18:15,0.110277
2025-04-17 18:30,0.183414
2025-04-17 18:45,0.041341
2025-04-17 19:00,0.042212
2025-04-17 19:15,0.176329
2025-04-17 19:30,0.114851
2025-04-17 19:45,0.253418
2025-04-17 20:00,0.177547
2025-04-17 20:15,0.276214
2025-04-17 20:30,0.006439
2025-04-17 20:45,0.069507
2025-04-17 21:00,0.024089
2025-04-17 21:15,0.210113
2025-04-17 21:30,0.0
2025-04-17 21:45,0.139015
2025-04-17 22:00,0.034754
2025-04-17 22:15,0.0
2025-04-17 22:30,0.002884
2025-04-17 22:45,0.139561
2025-04-17 23:00,0.0
2025-04-17 23:15,0.00174
2025-04-17 23:30,0.006414
2025-04-17 23:45,0.00174
2025-04-18 00:00,0.071247
2025-04-18 00:15,0.015612
2025-04-18 00:30,0.001591
2025-04-18 00:45,0.037737
2025-04-18 01:00,0.080147
2025-04-18 01:15,0.0
2025-04-18 01:30,0.006364
2025-04-18 01:45,0.019316
2025-04-18 02:00,0.0
2025-04-18 02:15,0.0
2025-04-18 02:30,0.0
2025-04-18 02:45,0.002337
2025-04-18 03:00,0.005469
2025-04-18 03:15,0.0
2025-04-18 03:30,0.0
2025-04-18 03:45,0.007309
2025-04-18 04:00,0.005817
2025-04-18 04:15,0.0
2025-04-18 04:30,0.0
2025-04-18 04:45,0.008154
2025-04-18 05:00,0.0
2025-04-18 05:15,0.0
2025-04-18 05:30,0.0
2025-04-18 05:45,0.0
2025-04-18 06:00,0.00174
2025-04-18 06:15,0.00174
2025-04-18 06:30,0.004276
2025-04-18 06:45,0.0
2025-04-18 07:00,0.0
2025-04-18 07:15,0.0
2025-04-18 07:30,0.0
2025-04-18 07:45,0.0
2025-04-18 08:00,0.00348
2025-04-18 08:15,0.00174
2025-04-18 08:30,0.002337
2025-04-18 08:45,0.0
2025-04-18 09:00,0.0
2025-04-18 09:15,0.0
2025-04-18 09:30,0.016308
2025-04-18 09:45,0.0
2025-04-18 10:00,0.0
2025-04-18 10:15,0.0
2025-04-18 10:30,0.0
2025-04-18 10:45,0.0
2025-04-18 11:00,0.0
2025-04-18 11:15,0.0
2025-04-18 11:30,0.00174
2025-04-18 11:45,0.069507
2025-04-18 12:00,0.008353
2025-04-18 12:15,0.0
2025-04-18 12:30,0.0
2025-04-18 12:45,0.0
2025-04-18 13:00,0.075474
2025-04-18 13:15,0.005221
2025-04-18 13:30,0.0
2025-04-18 13:45,0.004276
2025-04-18 14:00,0.0
2025-04-18 14:15,0.001591
2025-04-18 14:30,0.0
2025-04-18 14:45,0.00174
2025-04-18 15:00,0.0
2025-04-18 15:15,0.001591
2025-04-18 15:30,0.016581
2025-04-18 15:45,0.014854
2025-04-18 16:00,0.009994
2025-04-18 16:15,0.002312
2025-04-18 16:30,0.0
2025-04-18 16:45,0.004226
2025-04-18 17:00,0.009646
2025-04-18 17:15,0.00353
2025-04-18 17:30,0.002585
2025-04-18 17:45,0.00348
2025-04-18 18:00,0.0
2025-04-18 18:15,0.005221
2025-04-18 18:30,0.050962
2025-04-18 18:45,0.039726
2025-04-18 19:00,0.0
2025-04-18 19:15,0.034754
2025-04-18 19:30,0.0
2025-04-18 19:45,0.010789
2025-04-18 20:00,0.003008
2025-04-18 20:15,0.01151
2025-04-18 20:30,0.00348
2025-04-18 20:45,0.011634
2025-04-18 21:00,0.012305
2025-04-18 21:15,0.001442
2025-04-18 21:30,0.006637
2025-04-18 21:45,0.0
2025-04-18 22:00,0.004077
2025-04-18 22:15,0.0
2025-04-18 22:30,0.005469
2025-04-18 22:45,0.044896
2025-04-18 23:00,0.037737
2025-04-18 23:15,0.001591
2025-04-18 23:30,0.002337
2025-04-18 23:45,0.004674
2025-04-19 00:00,0.242033
2025-04-19 00:15,0.0
2025-04-19 00:30,0.026301
2025-04-19 00:45,0.0
2025-04-19 01:00,0.003182
2025-04-19 01:15,0.0
2025-04-19 01:30,0.00716
2025-04-19 01:45,0.079203
2025-04-19 02:00,0.037737
2025-04-19 02:15,0.0
2025-04-19 02:30,0.002436
2025-04-19 02:45,0.00174
2025-04-19 03:00,0.002585
2025-04-19 03:15,0.0
2025-04-19 03:30,0.00348
2025-04-19 03:45,0.00174
2025-04-19 04:00,0.040074
2025-04-19 04:15,0.035748
2025-04-19 04:30,0.041217
2025-04-19 04:45,0.069507
2025-04-19 05:00,0.0
2025-04-19 05:15,0.0
2025-04-19 05:30,0.0
2025-04-19 05:45,0.006115
2025-04-19 06:00,0.0
2025-04-19 06:15,0.00174
2025-04-19 06:30,0.0
2025-04-19 06:45,0.0
2025-04-19 07:00,0.00348
2025-04-19 07:15,0.0
2025-04-19 07:30,0.013524
2025-04-19 07:45,0.02302
2025-04-19 08:00,0.0
2025-04-19 08:15,0.0
2025-04-19 08:30,0.0
2025-04-19 08:45,0.00174
2025-04-19 09:00,0.0
2025-04-19 09:15,0.0
2025-04-19 09:30,0.0
2025-04-19 09:45,0.0
2025-04-19 10:00,0.0
2025-04-19 10:15,0.0
2025-04-19 10:30,0.0
2025-04-19 10:45,0.0
2025-04-19 11:00,0.0
2025-04-19 11:15,0.0
2025-04-19 11:30,0.0
2025-04-19 11:45,0.004077
2025-04-19 12:00,0.0
2025-04-19 12:15,0.0
2025-04-19 12:30,0.004674
2025-04-19 12:45,0.00348
2025-04-19 13:00,0.0
2025-04-19 13:15,0.0
2025-04-19 13:30,0.0
2025-04-19 13:45,0.01151
2025-04-19 14:00,0.0
2025-04-19 14:15,0.003928
2025-04-19 14:30,0.150947
2025-04-19 14:45,0.0
2025-04-19 15:00,0.0
2025-04-19 15:15,0.0
2025-04-19 15:30,0.193308
2025-04-19 15:45,0.0
2025-04-19 16:00,0.007682
2025-04-19 16:15,0.012305
2025-04-19 16:30,0.0
2025-04-19 16:45,0.0
2025-04-19 17:00,0.0
2025-04-19 17:15,0.003654
2025-04-19 17:30,0.0
2025-04-19 17:45,0.0
2025-04-19 18:00,0.003605
2025-04-19 18:15,0.0
2025-04-19 18:30,0.004475
2025-04-19 18:45,0.00348
2025-04-19 19:00,0.07781
2025-04-19 19:15,0.0
2025-04-19 19:30,0.0
2025-04-19 19:45,0.0
2025-04-19 20:00,0.0
2025-04-19 20:15,0.0
2025-04-19 20:30,0.0
2025-04-19 20:45,0.004674
2025-04-19 21:00,0.0
2025-04-19 21:15,0.0
2025-04-19 21:30,0.00174
2025-04-19 21:45,0.0
2025-04-19 22:00,0.0
2025-04-19 22:15,0.0
2025-04-19 22:30,0.0
2025-04-19 22:45,0.00174
2025-04-19 23:00,0.0
2025-04-19 23:15,0.002337
2025-04-19 23:30,0.0
2025-04-19 23:45,0.0
2025-04-20 00:00,0.0
2025-04-20 00:15,0.0
2025-04-20 00:30,0.0
2025-04-20 00:45,0.0
2025-04-20 01:00,0.0
2025-04-20 01:15,0.0
2025-04-20 01:30,0.0
2025-04-20 01:45,0.040074
2025-04-20 02:00,0.00348
2025-04-20 02:15,0.00174
2025-04-20 02:30,0.07781
2025-04-20 02:45,0.002337
2025-04-20 03:00,0.001939
2025-04-20 03:15,0.005022
2025-04-20 03:30,0.0
2025-04-20 03:45,0.00711
2025-04-20 04:00,0.037737
2025-04-20 04:15,0.0
2025-04-20 04:30,0.0
2025-04-20 04:45,0.0
2025-04-20 05:00,0.020087
2025-04-20 05:15,0.076518
2025-04-20 05:30,0.0
2025-04-20 05:45,0.0
2025-04-20 06:00,0.0
2025-04-20 06:15,0.004674
2025-04-20 06:30,0.0
2025-04-20 06:45,0.028887
2025-04-20 07:00,0.0
2025-04-20 07:15,0.0
2025-04-20 07:30,0.004674
2025-04-20 07:45,0.00174
2025-04-20 08:00,0.016979
2025-04-20 08:15,0.0
2025-04-20 08:30,0.002337
2025-04-20 08:45,0.0
2025-04-20 09:00,0.016308
2025-04-20 09:15,0.0
2025-04-20 09:30,0.0
2025-04-20 09:45,0.00174
2025-04-20 10:00,0.0
2025-04-20 10:15,0.003605
2025-04-20 10:30,0.00174
2025-04-20 10:45,0.002237
2025-04-20 11:00,0.0
2025-04-20 11:15,0.002511
2025-04-20 11:30,0.00701
2025-04-20 11:45,0.002511
2025-04-20 12:00,0.001939
2025-04-20 12:15,0.0
2025-04-20 12:30,0.0
2025-04-20 12:45,0.003878
2025-04-20 13:00,0.038483
2025-04-20 13:15,0.002685
2025-04-20 13:30,0.008154
2025-04-20 13:45,0.0
2025-04-20 14:00,0.036146
2025-04-20 14:15,0.00174
2025-04-20 14:30,0.004674
2025-04-20 14:45,0.006414
2025-04-20 15:00,0.00348
2025-04-20 15:15,0.004674
2025-04-20 15:30,0.006961
2025-04-20 15:45,0.0
2025-04-20 16:00,0.004674
2025-04-20 16:15,0.0
2025-04-20 16:30,0.00174
2025-04-20 16:45,0.0
2025-04-20 17:00,0.00174
2025-04-20 17:15,0.0
2025-04-20 17:30,0.038085
2025-04-20 17:45,0.0
2025-04-20 18:00,0.00174
2025-04-20 18:15,0.00701
2025-04-20 18:30,0.007209
2025-04-20 18:45,0.0
2025-04-20 19:00,0.150947
2025-04-20 19:15,0.072391
2025-04-20 19:30,0.00348
2025-04-20 19:45,0.015786
2025-04-20 20:00,0.003008
2025-04-20 20:15,0.0
2025-04-20 20:30,0.004674
2025-04-20 20:45,0.029807
2025-04-20 21:00,0.017153
2025-04-20 21:15,0.003182
2025-04-20 21:30,0.0
2025-04-20 21:45,0.0
2025-04-20 22:00,0.018719
2025-04-20 22:15,0.034754
2025-04-20 22:30,0.007806
2025-04-20 22:45,0.0
2025-04-20 23:00,0.002809
2025-04-20 23:15,0.0
2025-04-20 23:30,0.0
2025-04-20 23:45,0.0
2025-04-21 00:00,0.01151
2025-04-21 00:15,0.004674
2025-04-21 00:30,0.022647
2025-04-21 00:45,0.0
2025-04-21 01:00,0.054641
2025-04-21 01:15,0.0
2025-04-21 01:30,0.002337
2025-04-21 01:45,0.0
2025-04-21 02:00,0.0
2025-04-21 02:15,0.0
2025-04-21 02:30,0.081291
2025-04-21 02:45,0.0
2025-04-21 03:00,0.0
2025-04-21 03:15,0.0
2025-04-21 03:30,0.037438
2025-04-21 03:45,0.0
2025-04-21 04:00,0.010018
2025-04-21 04:15,0.0
2025-04-21 04:30,0.004276
2025-04-21 04:45,0.00348
2025-04-21 05:00,0.004674
2025-04-21 05:15,0.00348
2025-04-21 05:30,0.01765
2025-04-21 05:45,0.0
2025-04-21 06:00,0.0
2025-04-21 06:15,0.0
2025-04-21 06:30,0.0
2025-04-21 06:45,0.002511
2025-04-21 07:00,0.00348
2025-04-21 07:15,0.0
2025-04-21 07:30,0.0
2025-04-21 07:45,0.005221
2025-04-21 08:00,0.0
2025-04-21 08:15,0.0
2025-04-21 08:30,0.028066
2025-04-21 08:45,0.004425
2025-04-21 09:00,0.012305
2025-04-21 09:15,0.0
2025-04-21 09:30,0.0
2025-04-21 09:45,0.074927
2025-04-21 10:00,0.0
2025-04-21 10:15,0.074877
2025-04-21 10:30,0.0
2025-04-21 10:45,0.002511
2025-04-21 11:00,0.004425
2025-04-21 11:15,0.035151
2025-04-21 11:30,0.016109
2025-04-21 11:45,0.00348
2025-04-21 12:00,0.0
2025-04-21 12:15,0.004674
2025-04-21 12:30,0.00174
2025-04-21 12:45,0.0
2025-04-21 13:00,0.0
2025-04-21 13:15,0.070502
2025-04-21 13:30,0.0
2025-04-21 13:45,0.036195
2025-04-21 14:00,0.040123
2025-04-21 14:15,0.00348
2025-04-21 14:30,0.019664
2025-04-21 14:45,0.0
2025-04-21 15:00,0.034754
2025-04-21 15:15,0.0
2025-04-21 15:30,0.075474
2025-04-21 15:45,0.00701
2025-04-21 16:00,0.0
2025-04-21 16:15,0.0
2025-04-21 16:30,0.0
2025-04-21 16:45,0.0
2025-04-21 17:00,0.0
2025-04-21 17:15,0.0
2025-04-21 17:30,0.0
2025-04-21 17:45,0.0
2025-04-21 18:00,0.0
2025-04-21 18:15,0.063417
2025-04-21 18:30,0.070502
2025-04-21 18:45,0.002337
2025-04-21 19:00,0.035748
2025-04-21 19:15,0.016308
2025-04-21 19:30,0.003182
2025-04-21 19:45,0.034754
2025-04-21 20:00,0.007806
2025-04-21 20:15,0.024611
2025-04-21 20:30,0.0
2025-04-21 20:45,0.0
2025-04-21 21:00,0.00174
2025-04-21 21:15,0.0
2025-04-21 21:30,0.008154
2025-04-21 21:45,0.0
2025-04-21 22:00,0.0
2025-04-21 22:15,0.0
2025-04-21 22:30,0.0
2025-04-21 22:45,0.0
2025-04-21 23:00,0.0
2025-04-21 23:15,0.014269
2025-04-21 23:30,0.0
2025-04-21 23:45,0.002337
2025-04-22 00:00,0.004674
2025-04-22 00:15,0.242977
2025-04-22 00:30,0.004674
2025-04-22 00:45,0.009546
2025-04-22 01:00,0.003978
2025-04-22 01:15,0.0
2025-04-22 01:30,0.0
2025-04-22 01:45,0.0
2025-04-22 02:00,0.084199
2025-04-22 02:15,0.0
2025-04-22 02:30,0.00348
2025-04-22 02:45,0.008527
2025-04-22 03:00,0.0
2025-04-22 03:15,0.0
2025-04-22 03:30,0.007806
2025-04-22 03:45,0.0
2025-04-22 04:00,0.003008
2025-04-22 04:15,0.00174
2025-04-22 04:30,0.004674
2025-04-22 04:45,0.034754
2025-04-22 05:00,0.0
2025-04-22 05:15,0.0
2025-04-22 05:30,0.001939
2025-04-22 05:45,0.0
2025-04-22 06:00,0.00174
2025-04-22 06:15,0.0
2025-04-22 06:30,0.008751
2025-04-22 06:45,0.002337
2025-04-22 07:00,0.0
2025-04-22 07:15,0.00348
2025-04-22 07:30,0.01417
2025-04-22 07:45,0.003182
2025-04-22 08:00,0.002337
2025-04-22 08:15,0.0
2025-04-22 08:30,0.00174
2025-04-22 08:45,0.0
2025-04-22 09:00,0.0
2025-04-22 09:15,0.001939
2025-04-22 09:30,0.00174
2025-04-22 09:45,0.0
2025-04-22 10:00,0.01151
2025-04-22 10:15,0.0
2025-04-22 10:30,0.056953
2025-04-22 10:45,0.0
2025-04-22 11:00,0.004425
2025-04-22 11:15,0.114801
2025-04-22 11:30,0.0
2025-04-22 11:45,0.00348
2025-04-22 12:00,0.069507
2025-04-22 12:15,0.322925
2025-04-22 12:30,0.065231
2025-04-22 12:45,0.175856
2025-04-22 13:00,0.044623
2025-04-22 13:15,0.187143
2025-04-22 13:30,0.265624
2025-04-22 13:45,0.225762
2025-04-22 14:00,0.361781
2025-04-22 14:15,0.389947
2025-04-22 14:30,0.230175
2025-04-22 14:45,0.266494
2025-04-22 15:00,0.457416
2025-04-22 15:15,0.233879
2025-04-22 15:30,0.46542
2025-04-22 15:45,0.364341
2025-04-22 16:00,0.072018
2025-04-22 16:15,0.218068
2025-04-22 16:30,0.452121
2025-04-22 16:45,0.226495
2025-04-22 17:00,0.304505
2025-04-22 17:15,0.654005
2025-04-22 17:30,0.162606
2025-04-22 17:45,0.304666
2025-04-22 18:00,0.654676
2025-04-22 18:15,1.0
2025-04-22 18:30,0.4557
2025-04-22 18:45,0.534033
2025-04-22 19:00,0.644645
2025-04-22 19:15,0.927311
2025-04-22 19:30,0.419654
2025-04-22 19:45,0.851663
2025-04-22 20:00,0.891612
2025-04-22 20:15,0.160903
2025-04-22 20:30,0.20268
2025-04-22 20:45,0.233381
2025-04-22 21:00,0.003182
2025-04-22 21:15,0.031447
2025-04-22 21:30,0.147367
2025-04-22 21:45,0.004475
2025-04-22 22:00,0.002312
2025-04-22 22:15,0.0
2025-04-22 22:30,0.002337
2025-04-22 22:45,0.0
2025-04-22 23:00,0.0
2025-04-22 23:15,0.005221
2025-04-22 23:30,0.0
2025-04-22 23:45,0.0
2025-04-23 00:00,0.0
2025-04-23 00:00,0.0
2025-04-23 00:15,0.032849
2025-04-23 00:30,0.0
2025-04-23 00:45,0.031118
2025-04-23 01:00,0.001515
2025-04-23 01:15,0.0
2025-04-23 01:30,0.002618
2025-04-23 01:45,0.0
2025-04-23 02:00,0.00277
2025-04-23 02:15,0.015278
2025-04-23 02:30,0.0
2025-04-23 02:45,0.005497
2025-04-23 03:00,0.0
2025-04-23 03:15,0.098158
2025-04-23 03:30,0.00303
2025-04-23 03:45,0.005583
2025-04-23 04:00,0.054749
2025-04-23 04:15,0.0
2025-04-23 04:30,0.0
2025-04-23 04:45,0.098548
2025-04-23 05:00,0.0
2025-04-23 05:15,0.154033
2025-04-23 05:30,0.00303
2025-04-23 05:45,0.004891
2025-04-23 06:00,0.002034
2025-04-23 06:15,0.067213
2025-04-23 06:30,0.048863
2025-04-23 06:45,0.001515
2025-04-23 07:00,0.0
2025-04-23 07:15,0.274307
2025-04-23 07:30,0.0
2025-04-23 07:45,0.003051
2025-04-23 08:00,0.0
2025-04-23 08:15,0.0
2025-04-23 08:30,0.009954
2025-04-23 08:45,0.048863
2025-04-23 09:00,0.004068
2025-04-23 09:15,0.0
2025-04-23 09:30,0.0
2025-04-23 09:45,0.011145
2025-04-23 10:00,0.004826
2025-04-23 10:15,0.137218
2025-04-23 10:30,0.001255
2025-04-23 10:45,0.004544
2025-04-23 11:00,0.0
2025-04-23 11:15,0.006795
2025-04-23 11:30,0.129774
2025-04-23 11:45,0.004285
2025-04-23 12:00,0.181429
2025-04-23 12:15,0.037177
2025-04-23 12:30,0.080046
2025-04-23 12:45,0.166476
2025-04-23 13:00,0.054511
2025-04-23 13:15,0.526303
2025-04-23 13:30,0.09039
2025-04-23 13:45,0.136656
2025-04-23 14:00,0.363377
2025-04-23 14:15,0.531713
2025-04-23 14:30,0.060592
2025-04-23 14:45,0.159443
2025-04-23 15:00,0.461773
2025-04-23 15:15,0.15109
2025-04-23 15:30,0.081074
2025-04-23 15:45,0.420116
2025-04-23 16:00,0.469585
2025-04-23 16:15,0.290948
2025-04-23 16:30,0.009565
2025-04-23 16:45,0.313865
2025-04-23 17:00,0.260804
2025-04-23 17:15,0.358832
2025-04-23 17:30,0.364783
2025-04-23 17:45,0.260198
2025-04-23 18:00,0.161888
2025-04-23 18:15,0.440415
2025-04-23 18:30,0.836857
2025-04-23 18:45,0.536712
2025-04-23 19:00,0.593971
2025-04-23 19:15,0.548224
2025-04-23 19:30,0.693363
2025-04-23 19:45,0.496419
2025-04-23 20:00,0.442795
2025-04-23 20:15,0.351345
2025-04-23 20:30,0.088767
2025-04-23 20:45,0.469542
2025-04-23 21:00,0.235745
2025-04-23 21:15,0.184285
2025-04-23 21:30,0.399862
2025-04-23 21:45,0.011772
2025-04-23 22:00,0.037091
2025-04-23 22:15,0.004523
2025-04-23 22:30,0.0029
2025-04-23 22:45,0.00277
2025-04-23 23:00,0.105841
2025-04-23 23:15,0.010301
2025-04-23 23:30,0.002034
2025-04-23 23:45,0.0
2025-04-24 00:00,0.101578
2025-04-24 00:15,0.0
2025-04-24 00:30,0.0
2025-04-24 00:45,0.007011
2025-04-24 01:00,0.0
2025-04-24 01:15,0.0
2025-04-24 01:30,0.00528
2025-04-24 01:45,0.065699
2025-04-24 02:00,0.007011
2025-04-24 02:15,0.003982
2025-04-24 02:30,0.00303
2025-04-24 02:45,0.0
2025-04-24 03:00,0.0
2025-04-24 03:15,0.0
2025-04-24 03:30,0.0
2025-04-24 03:45,0.006925
2025-04-24 04:00,0.0
2025-04-24 04:15,0.100885
2025-04-24 04:30,0.0
2025-04-24 04:45,0.0
2025-04-24 05:00,0.001515
2025-04-24 05:15,0.024107
2025-04-24 05:30,0.002034
2025-04-24 05:45,0.006102
2025-04-24 06:00,0.001753
2025-04-24 06:15,0.0
2025-04-24 06:30,0.065699
2025-04-24 06:45,0.008483
2025-04-24 07:00,0.032849
2025-04-24 07:15,0.002186
2025-04-24 07:30,0.002034
2025-04-24 07:45,0.0
2025-04-24 08:00,0.0
2025-04-24 08:15,0.0
2025-04-24 08:30,0.0
2025-04-24 08:45,0.001255
2025-04-24 09:00,0.034516
2025-04-24 09:15,0.0
2025-04-24 09:30,0.001515
2025-04-24 09:45,0.0
2025-04-24 10:00,0.062236
2025-04-24 10:15,0.0
2025-04-24 10:30,0.001688
2025-04-24 10:45,0.00422
2025-04-24 11:00,0.065699
2025-04-24 11:15,0.004285
2025-04-24 11:30,0.002034
2025-04-24 11:45,0.002554
2025-04-24 12:00,0.060505
2025-04-24 12:15,0.190517
2025-04-24 12:30,0.168661
2025-04-24 12:45,0.22354
2025-04-24 13:00,0.152518
2025-04-24 13:15,0.323873
2025-04-24 13:30,0.175218
2025-04-24 13:45,0.304754
2025-04-24 14:00,0.08472
2025-04-24 14:15,0.425829
2025-04-24 14:30,0.118781
2025-04-24 14:45,0.3109
2025-04-24 15:00,0.222469
2025-04-24 15:15,0.348056
2025-04-24 15:30,0.45513
2025-04-24 15:45,0.207981
2025-04-24 16:00,0.308996
2025-04-24 16:15,0.168748
2025-04-24 16:30,0.185475
2025-04-24 16:45,0.170198
2025-04-24 17:00,0.069518
2025-04-24 17:15,0.130402
2025-04-24 17:30,0.23793
2025-04-24 17:45,0.116271
2025-04-24 18:00,0.179827
2025-04-24 18:15,0.573045
2025-04-24 18:30,0.255502
2025-04-24 18:45,0.414663
2025-04-24 19:00,0.231049
2025-04-24 19:15,0.254571
2025-04-24 19:30,0.191859
2025-04-24 19:45,0.174655
2025-04-24 20:00,0.269654
2025-04-24 20:15,0.132652
2025-04-24 20:30,0.236048
2025-04-24 20:45,0.118284
2025-04-24 21:00,0.047824
2025-04-24 21:15,0.033499
2025-04-24 21:30,0.067516
2025-04-24 21:45,0.06202
2025-04-24 22:00,0.0
2025-04-24 22:15,0.071585
2025-04-24 22:30,0.006579
2025-04-24 22:45,0.011534
2025-04-24 23:00,0.044708
2025-04-24 23:15,0.0
2025-04-24 23:30,0.004155
2025-04-24 23:45,0.0
2025-04-25 00:00,0.007531
2025-04-25 00:15,0.069074
2025-04-25 00:30,0.006059
2025-04-25 00:45,0.001515
2025-04-25 01:00,0.008613
2025-04-25 01:15,0.005475
2025-04-25 01:30,0.074679
2025-04-25 01:45,0.004068
2025-04-25 02:00,0.0
2025-04-25 02:15,0.0
2025-04-25 02:30,0.003376
2025-04-25 02:45,0.006146
2025-04-25 03:00,0.005648
2025-04-25 03:15,0.001688
2025-04-25 03:30,0.066846
2025-04-25 03:45,0.0
2025-04-25 04:00,0.001753
2025-04-25 04:15,0.0
2025-04-25 04:30,0.002034
2025-04-25 04:45,0.005778
2025-04-25 05:00,0.008721
2025-04-25 05:15,0.0
2025-04-25 05:30,0.0
2025-04-25 05:45,0.068728
2025-04-25 06:00,0.032849
2025-04-25 06:15,0.032849
2025-04-25 06:30,0.032849
2025-04-25 06:45,0.0
2025-04-25 07:00,0.0
2025-04-25 07:15,0.06202
2025-04-25 07:30,0.002186
2025-04-25 07:45,0.0
2025-04-25 08:00,0.00303
2025-04-25 08:15,0.0
2025-04-25 08:30,0.065699
2025-04-25 08:45,0.0
2025-04-25 09:00,0.003376
2025-04-25 09:15,0.0
2025-04-25 09:30,0.001991
2025-04-25 09:45,0.0
2025-04-25 10:00,0.0
2025-04-25 10:15,0.063989
2025-04-25 10:30,0.0
2025-04-25 10:45,0.001948
2025-04-25 11:00,0.0
2025-04-25 11:15,0.0
2025-04-25 11:30,0.001255
2025-04-25 11:45,0.0
2025-04-25 12:00,0.00277
2025-04-25 12:15,0.064487
2025-04-25 12:30,0.068858
2025-04-25 12:45,0.149272
2025-04-25 13:00,0.080284
2025-04-25 13:15,0.137759
2025-04-25 13:30,0.273409
2025-04-25 13:45,0.154206
2025-04-25 14:00,0.314276
2025-04-25 14:15,0.26537
2025-04-25 14:30,0.27013
2025-04-25 14:45,0.41555
2025-04-25 15:00,1.0
2025-04-25 15:15,0.768865
2025-04-25 15:30,0.295341
2025-04-25 15:45,0.143537
2025-04-25 16:00,0.105538
2025-04-25 16:15,0.062821
2025-04-25 16:30,0.201749
2025-04-25 16:45,0.099673
2025-04-25 17:00,0.400619
2025-04-25 17:15,0.339616
2025-04-25 17:30,0.234576
2025-04-25 17:45,0.319231
2025-04-25 18:00,0.202679
2025-04-25 18:15,0.324295
2025-04-25 18:30,0.100842
2025-04-25 18:45,0.167752
2025-04-25 19:00,0.26656
2025-04-25 19:15,0.111835
2025-04-25 19:30,0.123001
2025-04-25 19:45,0.130662
2025-04-25 20:00,0.440501
2025-04-25 20:15,0.198567
2025-04-25 20:30,0.06466
2025-04-25 20:45,0.020471
2025-04-25 21:00,0.18844
2025-04-25 21:15,0.11956
2025-04-25 21:30,0.090758
2025-04-25 21:45,0.062756
2025-04-25 22:00,0.247171
2025-04-25 22:15,0.058774
2025-04-25 22:30,0.152648
2025-04-25 22:45,0.077817
2025-04-25 23:00,0.080046
2025-04-25 23:15,0.034819
2025-04-25 23:30,0.200991
2025-04-25 23:45,0.0
2025-04-26 00:00,0.00303
2025-04-26 00:15,0.005994
2025-04-26 00:30,0.0
2025-04-26 00:45,0.001753
2025-04-26 01:00,0.030253
2025-04-26 01:15,0.0
2025-04-26 01:30,0.006297
2025-04-26 01:45,0.032849
2025-04-26 02:00,0.0
2025-04-26 02:15,0.0
2025-04-26 02:30,0.072082
2025-04-26 02:45,0.003549
2025-04-26 03:00,0.002186
2025-04-26 03:15,0.00303
2025-04-26 03:30,0.0
2025-04-26 03:45,0.0
2025-04-26 04:00,0.0
2025-04-26 04:15,0.0
2025-04-26 04:30,0.068966
2025-04-26 04:45,0.004155
2025-04-26 05:00,0.017701
2025-04-26 05:15,0.004782
2025-04-26 05:30,0.068966
2025-04-26 05:45,0.0
2025-04-26 06:00,0.001688
2025-04-26 06:15,0.0
2025-04-26 06:30,0.0
2025-04-26 06:45,0.032849
2025-04-26 07:00,0.0
2025-04-26 07:15,0.0
2025-04-26 07:30,0.03497
2025-04-26 07:45,0.007358
2025-04-26 08:00,0.060505
2025-04-26 08:15,0.006492
2025-04-26 08:30,0.024453
2025-04-26 08:45,0.002034
2025-04-26 09:00,0.032849
2025-04-26 09:15,0.0
2025-04-26 09:30,0.001753
2025-04-26 09:45,0.0
2025-04-26 10:00,0.003938
2025-04-26 10:15,0.002251
2025-04-26 10:30,0.002034
2025-04-26 10:45,0.004717
2025-04-26 11:00,0.001515
2025-04-26 11:15,0.0
2025-04-26 11:30,0.0
2025-04-26 11:45,0.004501
2025-04-26 12:00,0.035879
2025-04-26 12:15,0.001515
2025-04-26 12:30,0.0
2025-04-26 12:45,0.0
2025-04-26 13:00,0.011599
2025-04-26 13:15,0.005237
2025-04-26 13:30,0.006405
2025-04-26 13:45,0.0
2025-04-26 14:00,0.023046
2025-04-26 14:15,0.010906
2025-04-26 14:30,0.004068
2025-04-26 14:45,0.002618
2025-04-26 15:00,0.0
2025-04-26 15:15,0.02653
2025-04-26 15:30,0.198286
2025-04-26 15:45,0.001515
2025-04-26 16:00,0.005908
2025-04-26 16:15,0.0
2025-04-26 16:30,0.008526
2025-04-26 16:45,0.010301
2025-04-26 17:00,0.028283
2025-04-26 17:15,0.002034
2025-04-26 17:30,0.0
2025-04-26 17:45,0.003506
2025-04-26 18:00,0.0
2025-04-26 18:15,0.0
2025-04-26 18:30,0.0
2025-04-26 18:45,0.010604
2025-04-26 19:00,0.01201
2025-04-26 19:15,0.001515
2025-04-26 19:30,0.0
2025-04-26 19:45,0.041505
2025-04-26 20:00,0.00779
2025-04-26 20:15,0.0
2025-04-26 20:30,0.0
2025-04-26 20:45,0.001515
2025-04-26 21:00,0.0
2025-04-26 21:15,0.062258
2025-04-26 21:30,0.0
2025-04-26 21:45,0.009262
2025-04-26 22:00,0.062193
2025-04-26 22:15,0.0
2025-04-26 22:30,0.03339
2025-04-26 22:45,0.0
2025-04-26 23:00,0.007098
2025-04-26 23:15,0.003614
2025-04-26 23:30,0.002294
2025-04-26 23:45,0.0
2025-04-27 00:00,0.0
2025-04-27 00:15,0.0
2025-04-27 00:30,0.0
2025-04-27 00:45,0.014585
2025-04-27 01:00,0.010019
2025-04-27 01:15,0.006492
2025-04-27 01:30,0.003506
2025-04-27 01:45,0.003506
2025-04-27 02:00,0.001688
2025-04-27 02:15,0.00303
2025-04-27 02:30,0.010517
2025-04-27 02:45,0.0
2025-04-27 03:00,0.0
2025-04-27 03:15,0.0
2025-04-27 03:30,0.0
2025-04-27 03:45,0.065699
2025-04-27 04:00,0.007639
2025-04-27 04:15,0.003982
2025-04-27 04:30,0.010019
2025-04-27 04:45,0.026141
2025-04-27 05:00,0.001753
2025-04-27 05:15,0.007011
2025-04-27 05:30,0.0
2025-04-27 05:45,0.010495
2025-04-27 06:00,0.0
2025-04-27 06:15,0.017052
2025-04-27 06:30,0.0
2025-04-27 06:45,0.0
2025-04-27 07:00,0.034342
2025-04-27 07:15,0.001515
2025-04-27 07:30,0.004068
2025-04-27 07:45,0.012811
2025-04-27 08:00,0.0
2025-04-27 08:15,0.0
2025-04-27 08:30,0.006276
2025-04-27 08:45,0.010712
2025-04-27 09:00,0.002121
2025-04-27 09:15,0.0
2025-04-27 09:30,0.0
2025-04-27 09:45,0.002121
2025-04-27 10:00,0.0
2025-04-27 10:15,0.014217
2025-04-27 10:30,0.0
2025-04-27 10:45,0.0
2025-04-27 11:00,0.0
2025-04-27 11:15,0.0
2025-04-27 11:30,0.04012
2025-04-27 11:45,0.002034
2025-04-27 12:00,0.0
2025-04-27 12:15,0.003506
2025-04-27 12:30,0.0
2025-04-27 12:45,0.0
2025-04-27 13:00,0.0
2025-04-27 13:15,0.003938
2025-04-27 13:30,0.0
2025-04-27 13:45,0.0
2025-04-27 14:00,0.0
2025-04-27 14:15,0.002251
2025-04-27 14:30,0.001753
2025-04-27 14:45,0.008288
2025-04-27 15:00,0.0
2025-04-27 15:15,0.002034
2025-04-27 15:30,0.034364
2025-04-27 15:45,0.0
2025-04-27 16:00,0.001515
2025-04-27 16:15,0.00303
2025-04-27 16:30,0.0
2025-04-27 16:45,0.0
2025-04-27 17:00,0.0
2025-04-27 17:15,0.004847
2025-04-27 17:30,0.0
2025-04-27 17:45,0.002034
2025-04-27 18:00,0.0
2025-04-27 18:15,0.001753
2025-04-27 18:30,0.067084
2025-04-27 18:45,0.0
2025-04-27 19:00,0.0
2025-04-27 19:15,0.067084
2025-04-27 19:30,0.001753
2025-04-27 19:45,0.0
2025-04-27 20:00,0.003138
2025-04-27 20:15,0.00502
2025-04-27 20:30,0.003982
2025-04-27 20:45,0.06176
2025-04-27 21:00,0.0
2025-04-27 21:15,0.032503
2025-04-27 21:30,0.004068
2025-04-27 21:45,0.002034
2025-04-27 22:00,0.032395
2025-04-27 22:15,0.005453
2025-04-27 22:30,0.0
2025-04-27 22:45,0.004068
2025-04-27 23:00,0.001688
2025-04-27 23:15,0.002121
2025-04-27 23:30,0.0
2025-04-27 23:45,0.004068
2025-04-28 00:00,0.0
2025-04-28 00:15,0.065699
2025-04-28 00:30,0.001515
2025-04-28 00:45,0.00303
2025-04-28 01:00,0.002034
2025-04-28 01:15,0.018567
2025-04-28 01:30,0.037372
2025-04-28 01:45,0.0
2025-04-28 02:00,0.0
2025-04-28 02:15,0.086776
2025-04-28 02:30,0.0
2025-04-28 02:45,0.003549
2025-04-28 03:00,0.003138
2025-04-28 03:15,0.006276
2025-04-28 03:30,0.007963
2025-04-28 03:45,0.004068
2025-04-28 04:00,0.001753
2025-04-28 04:15,0.005735
2025-04-28 04:30,0.028846
2025-04-28 04:45,0.0
2025-04-28 05:00,0.003852
2025-04-28 05:15,0.0
2025-04-28 05:30,0.0
2025-04-28 05:45,0.01214
2025-04-28 06:00,0.002121
2025-04-28 06:15,0.002251
2025-04-28 06:30,0.006059
2025-04-28 06:45,0.0
2025-04-28 07:00,0.008007
2025-04-28 07:15,0.0
2025-04-28 07:30,0.001753
2025-04-28 07:45,0.001515
2025-04-28 08:00,0.0
2025-04-28 08:15,0.005237
2025-04-28 08:30,0.001753
2025-04-28 08:45,0.0
2025-04-28 09:00,0.002251
2025-04-28 09:15,0.004241
2025-04-28 09:30,0.003419
2025-04-28 09:45,0.017398
2025-04-28 10:00,0.0
2025-04-28 10:15,0.002034
2025-04-28 10:30,0.007725
2025-04-28 10:45,0.0
2025-04-28 11:00,0.015321
2025-04-28 11:15,0.00303
2025-04-28 11:30,0.034494
2025-04-28 11:45,0.015992
2025-04-28 12:00,0.039103
2025-04-28 12:15,0.030253
2025-04-28 12:30,0.100712
2025-04-28 12:45,0.071844
2025-04-28 13:00,0.22592
2025-04-28 13:15,0.280669
2025-04-28 13:30,0.356452
2025-04-28 13:45,0.205146
2025-04-28 14:00,0.290883
2025-04-28 14:15,0.230486
2025-04-28 14:30,0.436563
2025-04-28 14:45,0.44022
2025-04-28 15:00,0.793534
2025-04-28 15:15,0.461838
2025-04-28 15:30,0.833503
2025-04-28 15:45,0.162689
2025-04-28 16:00,0.349181
2025-04-28 16:15,0.306421
2025-04-28 16:30,0.221138
2025-04-28 16:45,0.326156
2025-04-28 17:00,0.093592
2025-04-28 17:15,0.130618
2025-04-28 17:30,0.457077
2025-04-28 17:45,0.247127
2025-04-28 18:00,0.192075
2025-04-28 18:15,0.316245
2025-04-28 18:30,0.343143
2025-04-28 18:45,0.159659
2025-04-28 19:00,0.132696
2025-04-28 19:15,0.581333
2025-04-28 19:30,0.257298
2025-04-28 19:45,0.211984
2025-04-28 20:00,0.15373
2025-04-28 20:15,0.343879
2025-04-28 20:30,0.348575
2025-04-28 20:45,0.256281
2025-04-28 21:00,0.289801
2025-04-28 21:15,0.307026
2025-04-28 21:30,0.151609
2025-04-28 21:45,0.003506
2025-04-28 22:00,0.030253
2025-04-28 22:15,0.003874
2025-04-28 22:30,0.034148
2025-04-28 22:45,0.065699
2025-04-28 23:00,0.0
2025-04-28 23:15,0.0
2025-04-28 23:30,0.022462
2025-04-28 23:45,0.033282
2025-04-29 00:00,0.004782
2025-04-29 00:15,0.005626
2025-04-29 00:30,0.025059
2025-04-29 00:45,0.014585
2025-04-29 01:00,0.002034
2025-04-29 01:15,0.007401
2025-04-29 01:30,0.001255
2025-04-29 01:45,0.017442
2025-04-29 02:00,0.023025
2025-04-29 02:15,0.060505
2025-04-29 02:30,0.002034
2025-04-29 02:45,0.002121
2025-04-29 03:00,0.005583
2025-04-29 03:15,0.0
2025-04-29 03:30,0.0
2025-04-29 03:45,0.0
2025-04-29 04:00,0.035879
2025-04-29 04:15,0.032849
2025-04-29 04:30,0.001515
2025-04-29 04:45,0.043669
2025-04-29 05:00,0.0
2025-04-29 05:15,0.003982
2025-04-29 05:30,0.003506
2025-04-29 05:45,0.0
2025-04-29 06:00,0.0
2025-04-29 06:15,0.0
2025-04-29 06:30,0.0
2025-04-29 06:45,0.0
2025-04-29 07:00,0.0
2025-04-29 07:15,0.00303
2025-04-29 07:30,0.001753
2025-04-29 07:45,0.002034
2025-04-29 08:00,0.0
2025-04-29 08:15,0.004068
2025-04-29 08:30,0.00303
2025-04-29 08:45,0.015494
2025-04-29 09:00,0.008137
2025-04-29 09:15,0.0
2025-04-29 09:30,0.001515
2025-04-29 09:45,0.0
2025-04-29 10:00,0.002251
2025-04-29 10:15,0.001515
2025-04-29 10:30,0.002034
2025-04-29 10:45,0.00277
2025-04-29 11:00,0.0
2025-04-29 11:15,0.0
2025-04-29 11:30,0.009998
2025-04-29 11:45,0.023133
2025-04-29 12:00,0.031118
2025-04-29 12:15,0.116206
2025-04-29 12:30,0.18409
2025-04-29 12:45,0.010495
2025-04-29 13:00,0.265132
2025-04-29 13:15,0.09171
2025-04-29 13:30,0.222718
2025-04-29 13:45,0.211367
2025-04-29 14:00,0.383458
2025-04-29 14:15,0.209517
2025-04-29 14:30,0.294605
2025-04-29 14:45,0.492372
2025-04-29 15:00,0.529528
2025-04-29 15:15,0.468114
2025-04-29 15:30,0.406332
2025-04-29 15:45,0.266127
2025-04-29 16:00,0.209301
2025-04-29 16:15,0.217892
2025-04-29 16:30,0.220499
2025-04-29 16:45,0.191881
2025-04-29 17:00,0.444764
2025-04-29 17:15,0.169094
2025-04-29 17:30,0.194131
2025-04-29 17:45,0.137218
2025-04-29 18:00,0.262383
2025-04-29 18:15,0.407219
2025-04-29 18:30,0.358183
2025-04-29 18:45,0.268053
2025-04-29 19:00,0.154141
2025-04-29 19:15,0.240354
2025-04-29 19:30,0.138365
2025-04-29 19:45,0.06968
2025-04-29 20:00,0.129558
2025-04-29 20:15,0.322888
2025-04-29 20:30,0.271277
2025-04-29 20:45,0.282811
2025-04-29 21:00,0.076735
2025-04-29 21:15,0.060505
2025-04-29 21:30,0.078012
2025-04-29 21:45,0.047088
2025-04-29 22:00,0.032568
2025-04-29 22:15,0.014391
2025-04-29 22:30,0.12101
2025-04-29 22:45,0.07364
2025-04-29 23:00,0.011404
2025-04-29 23:15,0.010365
2025-04-29 23:30,0.015927
2025-04-29 23:45,0.002618
2025-04-30 00:00,0.073705
2025-04-30 00:00,0.111039
2025-04-30 00:15,0.091152
2025-04-30 00:30,0.010628
2025-04-30 00:45,0.045576
2025-04-30 01:00,0.005281
2025-04-30 01:15,0.001891
2025-04-30 01:30,0.113614
2025-04-30 01:45,0.057378
2025-04-30 02:00,0.007205
2025-04-30 02:15,0.010693
2025-04-30 02:30,0.0
2025-04-30 02:45,0.052096
2025-04-30 03:00,0.005347
2025-04-30 03:15,0.059725
2025-04-30 03:30,0.008346
2025-04-30 03:45,0.041957
2025-04-30 04:00,0.0
2025-04-30 04:15,0.104062
2025-04-30 04:30,0.0
2025-04-30 04:45,0.152409
2025-04-30 05:00,0.0
2025-04-30 05:15,0.00639
2025-04-30 05:30,0.071657
2025-04-30 05:45,0.002282
2025-04-30 06:00,0.009161
2025-04-30 06:15,0.006227
2025-04-30 06:30,0.0
2025-04-30 06:45,0.002282
2025-04-30 07:00,0.102041
2025-04-30 07:15,0.012519
2025-04-30 07:30,0.002641
2025-04-30 07:45,0.0
2025-04-30 08:00,0.148464
2025-04-30 08:15,0.004564
2025-04-30 08:30,0.0
2025-04-30 08:45,0.002641
2025-04-30 09:00,0.0
2025-04-30 09:15,0.002934
2025-04-30 09:30,0.016137
2025-04-30 09:45,0.0
2025-04-30 10:00,0.004564
2025-04-30 10:15,0.007563
2025-04-30 10:30,0.0
2025-04-30 10:45,0.00639
2025-04-30 11:00,0.093434
2025-04-30 11:15,0.006129
2025-04-30 11:30,0.0
2025-04-30 11:45,0.006814
2025-04-30 12:00,0.070157
2025-04-30 12:15,0.100509
2025-04-30 12:30,0.26736
2025-04-30 12:45,0.230228
2025-04-30 13:00,0.105301
2025-04-30 13:15,0.521484
2025-04-30 13:30,0.365228
2025-04-30 13:45,0.648628
2025-04-30 14:00,0.388538
2025-04-30 14:15,0.422247
2025-04-30 14:30,0.338234
2025-04-30 14:45,0.44334
2025-04-30 15:00,0.006064
2025-04-30 15:15,0.503717
2025-04-30 15:30,0.685206
2025-04-30 15:45,0.709885
2025-04-30 16:00,0.27375
2025-04-30 16:15,0.309252
2025-04-30 16:30,0.287703
2025-04-30 16:45,0.371585
2025-04-30 17:00,0.373541
2025-04-30 17:15,0.245843
2025-04-30 17:30,0.914765
2025-04-30 17:45,0.289822
2025-04-30 18:00,0.649997
2025-04-30 18:15,0.593988
2025-04-30 18:30,0.160364
2025-04-30 18:45,0.296212
2025-04-30 19:00,0.336506
2025-04-30 19:15,0.581633
2025-04-30 19:30,0.340516
2025-04-30 19:45,0.162809
2025-04-30 20:00,0.110615
2025-04-30 20:15,0.430071
2025-04-30 20:30,0.097933
2025-04-30 20:45,0.065463
2025-04-30 21:00,0.368129
2025-04-30 21:15,0.01115
2025-04-30 21:30,0.008281
2025-04-30 21:45,0.002086
2025-04-30 22:00,0.008052
2025-04-30 22:15,0.006129
2025-04-30 22:30,0.0
2025-04-30 22:45,0.138228
2025-04-30 23:00,0.01141
2025-04-30 23:15,0.211401
2025-04-30 23:30,0.0
2025-04-30 23:45,0.006129
2025-05-01 00:00,0.002999
2025-05-01 00:15,0.016855
2025-05-01 00:30,0.091152
2025-05-01 00:45,0.0
2025-05-01 01:00,0.111756
2025-05-01 01:15,0.005281
2025-05-01 01:30,0.045576
2025-05-01 01:45,0.013236
2025-05-01 02:00,0.0
2025-05-01 02:15,0.0
2025-05-01 02:30,0.096955
2025-05-01 02:45,0.009389
2025-05-01 03:00,0.012519
2025-05-01 03:15,0.049488
2025-05-01 03:30,0.015094
2025-05-01 03:45,0.0
2025-05-01 04:00,0.005281
2025-05-01 04:15,0.005281
2025-05-01 04:30,0.010693
2025-05-01 04:45,0.0
2025-05-01 05:00,0.0
2025-05-01 05:15,0.03084
2025-05-01 05:30,0.0
2025-05-01 05:45,0.0
2025-05-01 06:00,0.059725
2025-05-01 06:15,0.002282
2025-05-01 06:30,0.002641
2025-05-01 06:45,0.002282
2025-05-01 07:00,0.004564
2025-05-01 07:15,0.011932
2025-05-01 07:30,0.0
2025-05-01 07:45,0.054574
2025-05-01 08:00,0.0
2025-05-01 08:15,0.011671
2025-05-01 08:30,0.0
2025-05-01 08:45,0.010237
2025-05-01 09:00,0.009976
2025-05-01 09:15,0.0
2025-05-01 09:30,0.010237
2025-05-01 09:45,0.006129
2025-05-01 10:00,0.0
2025-05-01 10:15,0.003195
2025-05-01 10:30,0.0
2025-05-01 10:45,0.005999
2025-05-01 11:00,0.0
2025-05-01 11:15,0.003325
2025-05-01 11:30,0.0
2025-05-01 11:45,0.155702
2025-05-01 12:00,0.120363
2025-05-01 12:15,0.240171
2025-05-01 12:30,0.047467
2025-05-01 12:45,0.010367
2025-05-01 13:00,0.099042
2025-05-01 13:15,0.381854
2025-05-01 13:30,0.518159
2025-05-01 13:45,0.369629
2025-05-01 14:00,0.480179
2025-05-01 14:15,0.622645
2025-05-01 14:30,0.412418
2025-05-01 14:45,0.280955
2025-05-01 15:00,0.585382
2025-05-01 15:15,0.887592
2025-05-01 15:30,0.623068
2025-05-01 15:45,0.354926
2025-05-01 16:00,0.120819
2025-05-01 16:15,0.250994
2025-05-01 16:30,0.145465
2025-05-01 16:45,0.285062
2025-05-01 17:00,0.413314
2025-05-01 17:15,0.7107
2025-05-01 17:30,0.489959
2025-05-01 17:45,0.714123
2025-05-01 18:00,0.263937
2025-05-01 18:15,0.316196
2025-05-01 18:30,0.409272
2025-05-01 18:45,0.207081
2025-05-01 19:00,0.225272
2025-05-01 19:15,0.275836
2025-05-01 19:30,0.100737
2025-05-01 19:45,0.013595
2025-05-01 20:00,0.06931
2025-05-01 20:15,0.243105
2025-05-01 20:30,0.141097
2025-05-01 20:45,0.032112
2025-05-01 21:00,0.090402
2025-05-01 21:15,0.107485
2025-05-01 21:30,0.068071
2025-05-01 21:45,0.009943
2025-05-01 22:00,0.021028
2025-05-01 22:15,0.0
2025-05-01 22:30,0.0
2025-05-01 22:45,0.085349
2025-05-01 23:00,0.136728
2025-05-01 23:15,0.004173
2025-05-01 23:30,0.004564
2025-05-01 23:45,0.375041
2025-05-02 00:00,0.047663
2025-05-02 00:15,0.0
2025-05-02 00:30,0.010889
2025-05-02 00:45,0.048119
2025-05-02 01:00,0.011117
2025-05-02 01:15,0.042772
2025-05-02 01:30,0.091152
2025-05-02 01:45,0.0
2025-05-02 02:00,0.015583
2025-05-02 02:15,0.045576
2025-05-02 02:30,0.043881
2025-05-02 02:45,0.091152
2025-05-02 03:00,0.103801
2025-05-02 03:15,0.136728
2025-05-02 03:30,0.047467
2025-05-02 03:45,0.003945
2025-05-02 04:00,0.0
2025-05-02 04:15,0.051575
2025-05-02 04:30,0.0
2025-05-02 04:45,0.002999
2025-05-02 05:00,0.015877
2025-05-02 05:15,0.047858
2025-05-02 05:30,0.006129
2025-05-02 05:45,0.004727
2025-05-02 06:00,0.0
2025-05-02 06:15,0.047858
2025-05-02 06:30,0.057443
2025-05-02 06:45,0.002282
2025-05-02 07:00,0.012975
2025-05-02 07:15,0.006129
2025-05-02 07:30,0.0
2025-05-02 07:45,0.006129
2025-05-02 08:00,0.049488
2025-05-02 08:15,0.13976
2025-05-02 08:30,0.0
2025-05-02 08:45,0.0
2025-05-02 09:00,0.0
2025-05-02 09:15,0.0
2025-05-02 09:30,0.0
2025-05-02 09:45,0.003064
2025-05-02 10:00,0.002282
2025-05-02 10:15,0.002282
2025-05-02 10:30,0.0
2025-05-02 10:45,0.0
2025-05-02 11:00,0.069473
2025-05-02 11:15,0.18915
2025-05-02 11:30,0.237661
2025-05-02 11:45,0.009715
2025-05-02 12:00,0.086295
2025-05-02 12:15,0.003293
2025-05-02 12:30,0.051705
2025-05-02 12:45,0.307133
2025-05-02 13:00,0.25683
2025-05-02 13:15,0.045576
2025-05-02 13:30,0.534035
2025-05-02 13:45,0.46453
2025-05-02 14:00,0.47506
2025-05-02 14:15,0.393069
2025-05-02 14:30,0.286627
2025-05-02 14:45,0.43307
2025-05-02 15:00,0.61218
2025-05-02 15:15,0.457521
2025-05-02 15:30,0.749853
2025-05-02 15:45,0.235183
2025-05-02 16:00,0.618993
2025-05-02 16:15,0.633305
2025-05-02 16:30,0.117983
2025-05-02 16:45,0.018648
2025-05-02 17:00,0.120134
2025-05-02 17:15,0.162092
2025-05-02 17:30,0.445361
2025-05-02 17:45,0.298885
2025-05-02 18:00,0.296505
2025-05-02 18:15,0.340288
2025-05-02 18:30,0.296016
2025-05-02 18:45,0.289529
2025-05-02 19:00,0.168547
2025-05-02 19:15,0.326009
2025-05-02 19:30,0.614788
2025-05-02 19:45,0.216992
2025-05-02 20:00,0.303547
2025-05-02 20:15,0.100085
2025-05-02 20:30,0.022527
2025-05-02 20:45,0.258656
2025-05-02 21:00,0.161407
2025-05-02 21:15,0.004173
2025-05-02 21:30,0.006064
2025-05-02 21:45,0.045576
2025-05-02 22:00,0.053531
2025-05-02 22:15,0.206625
2025-05-02 22:30,0.003945
2025-05-02 22:45,0.0
2025-05-02 23:00,0.004564
2025-05-02 23:15,0.007889
2025-05-02 23:30,0.0
2025-05-02 23:45,0.001891
2025-05-03 00:00,0.0
2025-05-03 00:15,0.10354
2025-05-03 00:30,0.009845
2025-05-03 00:45,0.006129
2025-05-03 01:00,0.009128
2025-05-03 01:15,0.009422
2025-05-03 01:30,0.002282
2025-05-03 01:45,0.0
2025-05-03 02:00,0.006781
2025-05-03 02:15,0.005607
2025-05-03 02:30,0.0
2025-05-03 02:45,0.0
2025-05-03 03:00,0.0
2025-05-03 03:15,0.010563
2025-05-03 03:30,0.04688
2025-05-03 03:45,0.0
2025-05-03 04:00,0.004173
2025-05-03 04:15,0.049488
2025-05-03 04:30,0.012714
2025-05-03 04:45,0.002282
2025-05-03 05:00,0.006129
2025-05-03 05:15,0.0
2025-05-03 05:30,0.0
2025-05-03 05:45,0.0
2025-05-03 06:00,0.10354
2025-05-03 06:15,0.0
2025-05-03 06:30,0.017441
2025-05-03 06:45,0.0
2025-05-03 07:00,0.049488
2025-05-03 07:15,0.002282
2025-05-03 07:30,0.006129
2025-05-03 07:45,0.0
2025-05-03 08:00,0.006781
2025-05-03 08:15,0.004955
2025-05-03 08:30,0.002999
2025-05-03 08:45,0.005999
2025-05-03 09:00,0.003064
2025-05-03 09:15,0.002999
2025-05-03 09:30,0.009193
2025-05-03 09:45,0.006846
2025-05-03 10:00,0.0
2025-05-03 10:15,0.0
2025-05-03 10:30,0.075895
2025-05-03 10:45,0.010237
2025-05-03 11:00,0.003945
2025-05-03 11:15,0.00639
2025-05-03 11:30,0.0
2025-05-03 11:45,0.003064
2025-05-03 12:00,0.012388
2025-05-03 12:15,0.0
2025-05-03 12:30,0.0
2025-05-03 12:45,0.025787
2025-05-03 13:00,0.018354
2025-05-03 13:15,0.010954
2025-05-03 13:30,0.0
2025-05-03 13:45,0.0
2025-05-03 14:00,0.006129
2025-05-03 14:15,0.0
2025-05-03 14:30,0.039512
2025-05-03 14:45,0.0
2025-05-03 15:00,0.004564
2025-05-03 15:15,0.0
2025-05-03 15:30,0.108365
2025-05-03 15:45,0.0
2025-05-03 16:00,0.0
2025-05-03 16:15,0.045576
2025-05-03 16:30,0.002641
2025-05-03 16:45,0.049488
2025-05-03 17:00,0.0
2025-05-03 17:15,0.0
2025-05-03 17:30,0.0
2025-05-03 17:45,0.0
2025-05-03 18:00,0.0
2025-05-03 18:15,0.0
2025-05-03 18:30,0.057834
2025-05-03 18:45,0.0
2025-05-03 19:00,0.0
2025-05-03 19:15,0.0
2025-05-03 19:30,0.0
2025-05-03 19:45,0.006129
2025-05-03 20:00,0.012975
2025-05-03 20:15,0.0
2025-05-03 20:30,0.095064
2025-05-03 20:45,0.004564
2025-05-03 21:00,0.098976
2025-05-03 21:15,0.003064
2025-05-03 21:30,0.005673
2025-05-03 21:45,0.0
2025-05-03 22:00,0.056823
2025-05-03 22:15,0.006129
2025-05-03 22:30,0.00339
2025-05-03 22:45,0.0
2025-05-03 23:00,0.0
2025-05-03 23:15,0.006129
2025-05-03 23:30,0.002999
2025-05-03 23:45,0.129849
2025-05-04 00:00,0.0
2025-05-04 00:15,0.007792
2025-05-04 00:30,0.001891
2025-05-04 00:45,0.0
2025-05-04 01:00,0.016137
2025-05-04 01:15,0.0
2025-05-04 01:30,0.008346
2025-05-04 01:45,0.0
2025-05-04 02:00,0.0
2025-05-04 02:15,0.0
2025-05-04 02:30,0.005999
2025-05-04 02:45,0.059725
2025-05-04 03:00,0.098976
2025-05-04 03:15,0.015453
2025-05-04 03:30,0.0
2025-05-04 03:45,0.098976
2025-05-04 04:00,0.098976
2025-05-04 04:15,0.025494
2025-05-04 04:30,0.006129
2025-05-04 04:45,0.0
2025-05-04 05:00,0.0
2025-05-04 05:15,0.006129
2025-05-04 05:30,0.002086
2025-05-04 05:45,0.002282
2025-05-04 06:00,0.033481
2025-05-04 06:15,0.098976
2025-05-04 06:30,0.003064
2025-05-04 06:45,0.002641
2025-05-04 07:00,0.0
2025-05-04 07:15,0.003195
2025-05-04 07:30,0.0
2025-05-04 07:45,0.012845
2025-05-04 08:00,0.054052
2025-05-04 08:15,0.188433
2025-05-04 08:30,0.003064
2025-05-04 08:45,0.0
2025-05-04 09:00,0.0
2025-05-04 09:15,0.008411
2025-05-04 09:30,0.006129
2025-05-04 09:45,0.098976
2025-05-04 10:00,0.0
2025-05-04 10:15,0.008411
2025-05-04 10:30,0.0
2025-05-04 10:45,0.003195
2025-05-04 11:00,0.0
2025-05-04 11:15,0.003064
2025-05-04 11:30,0.0
2025-05-04 11:45,0.005281
2025-05-04 12:00,0.004564
2025-05-04 12:15,0.0
2025-05-04 12:30,0.0
2025-05-04 12:45,0.005086
2025-05-04 13:00,0.010563
2025-05-04 13:15,0.006129
2025-05-04 13:30,0.006129
2025-05-04 13:45,0.143966
2025-05-04 14:00,0.200496
2025-05-04 14:15,0.005281
2025-05-04 14:30,0.073613
2025-05-04 14:45,0.0
2025-05-04 15:00,0.0
2025-05-04 15:15,0.0
2025-05-04 15:30,0.01141
2025-05-04 15:45,0.0
2025-05-04 16:00,0.002086
2025-05-04 16:15,0.002641
2025-05-04 16:30,0.0
2025-05-04 16:45,0.0
2025-05-04 17:00,0.0
2025-05-04 17:15,0.0
2025-05-04 17:30,0.021256
2025-05-04 17:45,0.0
2025-05-04 18:00,0.01053
2025-05-04 18:15,0.005999
2025-05-04 18:30,0.003064
2025-05-04 18:45,0.104975
2025-05-04 19:00,0.0
2025-05-04 19:15,0.047239
2025-05-04 19:30,0.004923
2025-05-04 19:45,0.004401
2025-05-04 20:00,0.013236
2025-05-04 20:15,0.009519
2025-05-04 20:30,0.098976
2025-05-04 20:45,0.0
2025-05-04 21:00,0.020473
2025-05-04 21:15,0.091152
2025-05-04 21:30,0.003782
2025-05-04 21:45,0.012845
2025-05-04 22:00,0.010693
2025-05-04 22:15,0.0
2025-05-04 22:30,0.0
2025-05-04 22:45,0.005607
2025-05-04 23:00,0.005477
2025-05-04 23:15,0.049488
2025-05-04 23:30,0.0
2025-05-04 23:45,0.0
2025-05-05 00:00,0.0
2025-05-05 00:15,0.003064
2025-05-05 00:30,0.004369
2025-05-05 00:45,0.002999
2025-05-05 01:00,0.0
2025-05-05 01:15,0.189085
2025-05-05 01:30,0.004564
2025-05-05 01:45,0.005151
2025-05-05 02:00,0.002641
2025-05-05 02:15,0.018941
2025-05-05 02:30,0.050075
2025-05-05 02:45,0.00815
2025-05-05 03:00,0.005347
2025-05-05 03:15,0.002282
2025-05-05 03:30,0.0
2025-05-05 03:45,0.003293
2025-05-05 04:00,0.008411
2025-05-05 04:15,0.0
2025-05-05 04:30,0.067353
2025-05-05 04:45,0.0
2025-05-05 05:00,0.0
2025-05-05 05:15,0.0
2025-05-05 05:30,0.007629
2025-05-05 05:45,0.05177
2025-05-05 06:00,0.007205
2025-05-05 06:15,0.004564
2025-05-05 06:30,0.0
2025-05-05 06:45,0.008476
2025-05-05 07:00,0.010823
2025-05-05 07:15,0.011671
2025-05-05 07:30,0.0
2025-05-05 07:45,0.004564
2025-05-05 08:00,0.0
2025-05-05 08:15,0.004564
2025-05-05 08:30,0.0
2025-05-05 08:45,0.00815
2025-05-05 09:00,0.0
2025-05-05 09:15,0.006129
2025-05-05 09:30,0.0
2025-05-05 09:45,0.003064
2025-05-05 10:00,0.002999
2025-05-05 10:15,0.0
2025-05-05 10:30,0.007205
2025-05-05 10:45,0.0
2025-05-05 11:00,0.0
2025-05-05 11:15,0.0
2025-05-05 11:30,0.0
2025-05-05 11:45,0.0
2025-05-05 12:00,0.110191
2025-05-05 12:15,0.117363
2025-05-05 12:30,0.095521
2025-05-05 12:45,0.184032
2025-05-05 13:00,0.216731
2025-05-05 13:15,0.696909
2025-05-05 13:30,1.0
2025-05-05 13:45,0.657691
2025-05-05 14:00,0.25859
2025-05-05 14:15,0.531232
2025-05-05 14:30,0.148774
2025-05-05 14:45,0.329073
2025-05-05 15:00,0.236096
2025-05-05 15:15,0.186412
2025-05-05 15:30,0.145172
2025-05-05 15:45,0.337061
2025-05-05 16:00,0.370607
2025-05-05 16:15,0.352611
2025-05-05 16:30,0.00313
2025-05-05 16:45,0.561257
2025-05-05 17:00,0.162124
2025-05-05 17:15,0.760775
2025-05-05 17:30,0.176958
2025-05-05 17:45,0.245746
2025-05-05 18:00,0.621927
2025-05-05 18:15,0.271663
2025-05-05 18:30,0.32314
2025-05-05 18:45,0.520376
2025-05-05 19:00,0.428278
2025-05-05 19:15,0.272739
2025-05-05 19:30,0.454489
2025-05-05 19:45,0.177479
2025-05-05 20:00,0.642759
2025-05-05 20:15,0.40298
2025-05-05 20:30,0.454196
2025-05-05 20:45,0.192313
2025-05-05 21:00,0.003064
2025-05-05 21:15,0.091152
2025-05-05 21:30,0.0
2025-05-05 21:45,0.002641
2025-05-05 22:00,0.013334
2025-05-05 22:15,0.004499
2025-05-05 22:30,0.105627
2025-05-05 22:45,0.201734
2025-05-05 23:00,0.0
2025-05-05 23:15,0.0
2025-05-05 23:30,0.049488
2025-05-05 23:45,0.01855
2025-05-06 00:00,0.006129
2025-05-06 00:15,0.004564
2025-05-06 00:30,0.0
2025-05-06 00:45,0.003195
2025-05-06 01:00,0.045576
2025-05-06 01:15,0.140021
2025-05-06 01:30,0.021386
2025-05-06 01:45,0.016822
2025-05-06 02:00,0.003977
2025-05-06 02:15,0.049488
2025-05-06 02:30,0.0
2025-05-06 02:45,0.008411
2025-05-06 03:00,0.0
2025-05-06 03:15,0.003064
2025-05-06 03:30,0.0
2025-05-06 03:45,0.019137
2025-05-06 04:00,0.003195
2025-05-06 04:15,0.0
2025-05-06 04:30,0.009193
2025-05-06 04:45,0.0
2025-05-06 05:00,0.0
2025-05-06 05:15,0.002282
2025-05-06 05:30,0.0
2025-05-06 05:45,0.004727
2025-05-06 06:00,0.0
2025-05-06 06:15,0.0
2025-05-06 06:30,0.0
2025-05-06 06:45,0.002282
2025-05-06 07:00,0.0
2025-05-06 07:15,0.002641
2025-05-06 07:30,0.052161
2025-05-06 07:45,0.0
2025-05-06 08:00,0.0
2025-05-06 08:15,0.0
2025-05-06 08:30,0.003064
2025-05-06 08:45,0.035828
2025-05-06 09:00,0.015094
2025-05-06 09:15,0.005477
2025-05-06 09:30,0.013986
2025-05-06 09:45,0.005086
2025-05-06 10:00,0.006129
2025-05-06 10:15,0.0
2025-05-06 10:30,0.0
2025-05-06 10:45,0.047858
2025-05-06 11:00,0.0
2025-05-06 11:15,0.003195
2025-05-06 11:30,0.047858
2025-05-06 11:45,0.423094
2025-05-06 12:00,0.141977
2025-05-06 12:15,0.158245
2025-05-06 12:30,0.283302
2025-05-06 12:45,0.206592
2025-05-06 13:00,0.458434
2025-05-06 13:15,0.13963
2025-05-06 13:30,0.135783
2025-05-06 13:45,0.262079
2025-05-06 14:00,0.286334
2025-05-06 14:15,0.307231
2025-05-06 14:30,0.502184
2025-05-06 14:45,0.437504
2025-05-06 15:00,0.248419
2025-05-06 15:15,0.168221
2025-05-06 15:30,0.340745
2025-05-06 15:45,0.701376
2025-05-06 16:00,0.520164
2025-05-06 16:15,0.32151
2025-05-06 16:30,0.328356
2025-05-06 16:45,0.369107
2025-05-06 17:00,0.158571
2025-05-06 17:15,0.766512
2025-05-06 17:30,0.726511
2025-05-06 17:45,0.391732
2025-05-06 18:00,0.4985
2025-05-06 18:15,0.318869
2025-05-06 18:30,0.719045
2025-05-06 18:45,0.439493
2025-05-06 19:00,0.341494
2025-05-06 19:15,0.579481
2025-05-06 19:30,0.817891
2025-05-06 19:45,0.676469
2025-05-06 20:00,0.294354
2025-05-06 20:15,0.158277
2025-05-06 20:30,0.158929
2025-05-06 20:45,0.172263
2025-05-06 21:00,0.026668
2025-05-06 21:15,0.003195
2025-05-06 21:30,0.0
2025-05-06 21:45,0.026146
2025-05-06 22:00,0.093043
2025-05-06 22:15,0.0
2025-05-06 22:30,0.0
2025-05-06 22:45,0.021973
2025-05-06 23:00,0.045576
2025-05-06 23:15,0.101617
2025-05-06 23:30,0.190128
2025-05-06 23:45,0.004923
2025-05-07 00:00,0.145074
2025-05-07 00:00,0.061332
2025-05-07 00:15,0.001296
2025-05-07 00:30,0.002701
2025-05-07 00:45,0.003707
2025-05-07 01:00,0.059954
2025-05-07 01:15,0.0
2025-05-07 01:30,0.004273
2025-05-07 01:45,0.001116
2025-05-07 02:00,0.0
2025-05-07 02:15,0.0
2025-05-07 02:30,0.0
2025-05-07 02:45,0.0
2025-05-07 03:00,0.0
2025-05-07 03:15,0.0
2025-05-07 03:30,0.0
2025-05-07 03:45,0.0
2025-05-07 04:00,0.0
2025-05-07 04:15,0.001296
2025-05-07 04:30,0.005224
2025-05-07 04:45,0.00408
2025-05-07 05:00,0.0
2025-05-07 05:15,0.001998
2025-05-07 05:30,0.000965
2025-05-07 05:45,0.0
2025-05-07 06:00,0.002591
2025-05-07 06:15,0.0
2025-05-07 06:30,0.000965
2025-05-07 06:45,0.0
2025-05-07 07:00,0.020922
2025-05-07 07:15,0.00645
2025-05-07 07:30,0.0
2025-05-07 07:45,0.004521
2025-05-07 08:00,0.0
2025-05-07 08:15,0.002591
2025-05-07 08:30,0.0
2025-05-07 08:45,0.0
2025-05-07 09:00,0.0
2025-05-07 09:15,0.0
2025-05-07 09:30,0.043194
2025-05-07 09:45,0.002894
2025-05-07 10:00,0.00193
2025-05-07 10:15,0.0
2025-05-07 10:30,0.002233
2025-05-07 10:45,0.004879
2025-05-07 11:00,0.041072
2025-05-07 11:15,0.096656
2025-05-07 11:30,0.0
2025-05-07 11:45,0.001227
2025-05-07 12:00,0.009441
2025-05-07 12:15,0.046819
2025-05-07 12:30,0.019461
2025-05-07 12:45,0.076258
2025-05-07 13:00,0.124842
2025-05-07 13:15,0.130451
2025-05-07 13:30,0.069781
2025-05-07 13:45,0.25696
2025-05-07 14:00,0.260227
2025-05-07 14:15,0.507429
2025-05-07 14:30,0.086292
2025-05-07 14:45,0.185843
2025-05-07 15:00,0.109212
2025-05-07 15:15,0.098241
2025-05-07 15:30,0.447668
2025-05-07 15:45,0.374456
2025-05-07 16:00,0.157051
2025-05-07 16:15,0.171068
2025-05-07 16:30,0.134875
2025-05-07 16:45,0.158126
2025-05-07 17:00,0.043746
2025-05-07 17:15,0.06282
2025-05-07 17:30,0.201596
2025-05-07 17:45,0.007994
2025-05-07 18:00,0.109185
2025-05-07 18:15,0.064998
2025-05-07 18:30,0.301987
2025-05-07 18:45,0.167257
2025-05-07 19:00,0.082819
2025-05-07 19:15,0.252756
2025-05-07 19:30,0.184396
2025-05-07 19:45,0.185526
2025-05-07 20:00,0.086954
2025-05-07 20:15,0.161682
2025-05-07 20:30,0.044159
2025-05-07 20:45,0.003694
2025-05-07 21:00,0.063703
2025-05-07 21:15,0.096022
2025-05-07 21:30,0.001998
2025-05-07 21:45,0.001571
2025-05-07 22:00,0.055654
2025-05-07 22:15,0.019268
2025-05-07 22:30,0.006064
2025-05-07 22:45,0.021032
2025-05-07 23:00,0.010916
2025-05-07 23:15,0.0
2025-05-07 23:30,0.0
2025-05-07 23:45,0.012942
2025-05-08 00:00,0.081041
2025-05-08 00:15,0.004962
2025-05-08 00:30,0.006822
2025-05-08 00:45,0.079607
2025-05-08 01:00,0.00215
2025-05-08 01:15,0.003335
2025-05-08 01:30,0.002233
2025-05-08 01:45,0.001075
2025-05-08 02:00,0.0
2025-05-08 02:15,0.002701
2025-05-08 02:30,0.0
2025-05-08 02:45,0.0
2025-05-08 03:00,0.002233
2025-05-08 03:15,0.020922
2025-05-08 03:30,0.009772
2025-05-08 03:45,0.0
2025-05-08 04:00,0.005678
2025-05-08 04:15,0.0
2025-05-08 04:30,0.006822
2025-05-08 04:45,0.0
2025-05-08 05:00,0.0
2025-05-08 05:15,0.002591
2025-05-08 05:30,0.0
2025-05-08 05:45,0.020922
2025-05-08 06:00,0.002701
2025-05-08 06:15,0.00193
2025-05-08 06:30,0.0
2025-05-08 06:45,0.00226
2025-05-08 07:00,0.002591
2025-05-08 07:15,0.002591
2025-05-08 07:30,0.000882
2025-05-08 07:45,0.0
2025-05-08 08:00,0.0
2025-05-08 08:15,0.001296
2025-05-08 08:30,0.022272
2025-05-08 08:45,0.009276
2025-05-08 09:00,0.001296
2025-05-08 09:15,0.0
2025-05-08 09:30,0.001668
2025-05-08 09:45,0.002591
2025-05-08 10:00,0.001296
2025-05-08 10:15,0.0
2025-05-08 10:30,0.0
2025-05-08 10:45,0.002701
2025-05-08 11:00,0.00193
2025-05-08 11:15,0.038536
2025-05-08 11:30,0.003363
2025-05-08 11:45,0.000882
2025-05-08 12:00,0.039418
2025-05-08 12:15,0.028557
2025-05-08 12:30,0.036455
2025-05-08 12:45,0.042588
2025-05-08 13:00,0.104195
2025-05-08 13:15,0.249752
2025-05-08 13:30,0.346712
2025-05-08 13:45,0.120321
2025-05-08 14:00,0.20562
2025-05-08 14:15,0.030211
2025-05-08 14:30,0.316969
2025-05-08 14:45,0.290562
2025-05-08 15:00,0.081716
2025-05-08 15:15,0.20183
2025-05-08 15:30,0.101921
2025-05-08 15:45,0.247671
2025-05-08 16:00,0.123174
2025-05-08 16:15,0.094768
2025-05-08 16:30,0.094493
2025-05-08 16:45,0.225991
2025-05-08 17:00,0.229947
2025-05-08 17:15,0.262101
2025-05-08 17:30,0.311373
2025-05-08 17:45,0.333467
2025-05-08 18:00,0.145818
2025-05-08 18:15,0.121561
2025-05-08 18:30,0.165514
2025-05-08 18:45,0.17257
2025-05-08 19:00,0.149209
2025-05-08 19:15,0.266442
2025-05-08 19:30,0.104609
2025-05-08 19:45,0.163736
2025-05-08 20:00,0.078601
2025-05-08 20:15,0.204945
2025-05-08 20:30,0.022093
2025-05-08 20:45,0.158553
2025-05-08 21:00,0.009951
2025-05-08 21:15,0.006119
2025-05-08 21:30,0.0
2025-05-08 21:45,0.00193
2025-05-08 22:00,0.02015
2025-05-08 22:15,0.0
2025-05-08 22:30,0.0
2025-05-08 22:45,0.0
2025-05-08 23:00,0.000882
2025-05-08 23:15,0.033354
2025-05-08 23:30,0.020922
2025-05-08 23:45,0.001116
2025-05-09 00:00,0.0
2025-05-09 00:15,0.001296
2025-05-09 00:30,0.002081
2025-05-09 00:45,0.002412
2025-05-09 01:00,0.001296
2025-05-09 01:15,0.004521
2025-05-09 01:30,0.038536
2025-05-09 01:45,0.0
2025-05-09 02:00,0.003969
2025-05-09 02:15,0.038536
2025-05-09 02:30,0.002701
2025-05-09 02:45,0.0
2025-05-09 03:00,0.000965
2025-05-09 03:15,0.037764
2025-05-09 03:30,0.005237
2025-05-09 03:45,0.0
2025-05-09 04:00,0.005665
2025-05-09 04:15,0.00459
2025-05-09 04:30,0.041844
2025-05-09 04:45,0.0
2025-05-09 05:00,0.0
2025-05-09 05:15,0.041844
2025-05-09 05:30,0.010571
2025-05-09 05:45,0.048225
2025-05-09 06:00,0.0
2025-05-09 06:15,0.023155
2025-05-09 06:30,0.0
2025-05-09 06:45,0.041844
2025-05-09 07:00,0.002412
2025-05-09 07:15,0.022217
2025-05-09 07:30,0.0
2025-05-09 07:45,0.0
2025-05-09 08:00,0.0
2025-05-09 08:15,0.0
2025-05-09 08:30,0.002233
2025-05-09 08:45,0.0
2025-05-09 09:00,0.001351
2025-05-09 09:15,0.006381
2025-05-09 09:30,0.0
2025-05-09 09:45,0.002564
2025-05-09 10:00,0.0
2025-05-09 10:15,0.0
2025-05-09 10:30,0.0
2025-05-09 10:45,0.0
2025-05-09 11:00,0.001296
2025-05-09 11:15,0.003597
2025-05-09 11:30,0.004962
2025-05-09 11:45,0.003308
2025-05-09 12:00,0.063592
2025-05-09 12:15,0.020936
2025-05-09 12:30,0.002729
2025-05-09 12:45,0.056977
2025-05-09 13:00,0.022589
2025-05-09 13:15,0.285738
2025-05-09 13:30,0.195063
2025-05-09 13:45,0.148754
2025-05-09 14:00,0.203222
2025-05-09 14:15,0.2316
2025-05-09 14:30,0.173259
2025-05-09 14:45,0.075542
2025-05-09 15:00,0.21185
2025-05-09 15:15,0.278406
2025-05-09 15:30,0.063027
2025-05-09 15:45,0.249283
2025-05-09 16:00,0.086512
2025-05-09 16:15,0.215365
2025-05-09 16:30,0.553752
2025-05-09 16:45,0.375806
2025-05-09 17:00,0.098434
2025-05-09 17:15,0.146501
2025-05-09 17:30,0.18383
2025-05-09 17:45,0.104016
2025-05-09 18:00,0.122554
2025-05-09 18:15,0.110136
2025-05-09 18:30,0.227962
2025-05-09 18:45,0.103148
2025-05-09 19:00,0.091447
2025-05-09 19:15,0.160235
2025-05-09 19:30,0.220905
2025-05-09 19:45,0.058107
2025-05-09 20:00,0.241124
2025-05-09 20:15,0.072193
2025-05-09 20:30,0.021032
2025-05-09 20:45,0.18915
2025-05-09 21:00,0.123532
2025-05-09 21:15,0.023292
2025-05-09 21:30,0.038384
2025-05-09 21:45,0.105257
2025-05-09 22:00,0.004273
2025-05-09 22:15,0.038536
2025-05-09 22:30,0.061718
2025-05-09 22:45,0.059568
2025-05-09 23:00,0.002426
2025-05-09 23:15,0.020233
2025-05-09 23:30,0.01902
2025-05-09 23:45,0.006299
2025-05-10 00:00,0.0
2025-05-10 00:15,0.002315
2025-05-10 00:30,0.004645
2025-05-10 00:45,0.00193
2025-05-10 01:00,0.0
2025-05-10 01:15,0.0
2025-05-10 01:30,0.002412
2025-05-10 01:45,0.003997
2025-05-10 02:00,0.001351
2025-05-10 02:15,0.0
2025-05-10 02:30,0.002591
2025-05-10 02:45,0.002233
2025-05-10 03:00,0.002701
2025-05-10 03:15,0.0
2025-05-10 03:30,0.0
2025-05-10 03:45,0.001296
2025-05-10 04:00,0.001998
2025-05-10 04:15,0.001268
2025-05-10 04:30,0.0
2025-05-10 04:45,0.014761
2025-05-10 05:00,0.002867
2025-05-10 05:15,0.000965
2025-05-10 05:30,0.008352
2025-05-10 05:45,0.002412
2025-05-10 06:00,0.0
2025-05-10 06:15,0.003198
2025-05-10 06:30,0.0
2025-05-10 06:45,0.0
2025-05-10 07:00,0.0
2025-05-10 07:15,0.062076
2025-05-10 07:30,0.002591
2025-05-10 07:45,0.0
2025-05-10 08:00,0.046061
2025-05-10 08:15,0.021638
2025-05-10 08:30,0.00226
2025-05-10 08:45,0.001296
2025-05-10 09:00,0.004217
2025-05-10 09:15,0.004521
2025-05-10 09:30,0.000965
2025-05-10 09:45,0.0
2025-05-10 10:00,0.003997
2025-05-10 10:15,0.0
2025-05-10 10:30,0.001116
2025-05-10 10:45,0.0
2025-05-10 11:00,0.002536
2025-05-10 11:15,0.002619
2025-05-10 11:30,0.0
2025-05-10 11:45,0.002894
2025-05-10 12:00,0.00193
2025-05-10 12:15,0.002894
2025-05-10 12:30,0.020922
2025-05-10 12:45,0.0
2025-05-10 13:00,0.005844
2025-05-10 13:15,0.003294
2025-05-10 13:30,0.0
2025-05-10 13:45,0.003501
2025-05-10 14:00,0.002233
2025-05-10 14:15,0.000882
2025-05-10 14:30,0.040755
2025-05-10 14:45,0.00328
2025-05-10 15:00,0.003597
2025-05-10 15:15,0.001351
2025-05-10 15:30,0.001116
2025-05-10 15:45,0.065384
2025-05-10 16:00,0.0
2025-05-10 16:15,0.002867
2025-05-10 16:30,0.001116
2025-05-10 16:45,0.001351
2025-05-10 17:00,0.0
2025-05-10 17:15,0.002233
2025-05-10 17:30,0.0
2025-05-10 17:45,0.0
2025-05-10 18:00,0.041844
2025-05-10 18:15,0.001351
2025-05-10 18:30,0.019626
2025-05-10 18:45,0.004838
2025-05-10 19:00,0.039831
2025-05-10 19:15,0.020619
2025-05-10 19:30,0.0
2025-05-10 19:45,0.022713
2025-05-10 20:00,0.001351
2025-05-10 20:15,0.0
2025-05-10 20:30,0.0
2025-05-10 20:45,0.001957
2025-05-10 21:00,0.001075
2025-05-10 21:15,0.0
2025-05-10 21:30,0.0
2025-05-10 21:45,0.003818
2025-05-10 22:00,0.012749
2025-05-10 22:15,0.04347
2025-05-10 22:30,0.020439
2025-05-10 22:45,0.0
2025-05-10 23:00,0.00226
2025-05-10 23:15,0.0
2025-05-10 23:30,0.020563
2025-05-10 23:45,0.0
2025-05-11 00:00,0.0
2025-05-11 00:15,0.001351
2025-05-11 00:30,0.0
2025-05-11 00:45,0.0
2025-05-11 01:00,0.0
2025-05-11 01:15,0.002536
2025-05-11 01:30,0.004576
2025-05-11 01:45,0.001351
2025-05-11 02:00,0.0
2025-05-11 02:15,0.038536
2025-05-11 02:30,0.000965
2025-05-11 02:45,0.002233
2025-05-11 03:00,0.001998
2025-05-11 03:15,0.002577
2025-05-11 03:30,0.0
2025-05-11 03:45,0.0
2025-05-11 04:00,0.00532
2025-05-11 04:15,0.000965
2025-05-11 04:30,0.0
2025-05-11 04:45,0.0
2025-05-11 05:00,0.0
2025-05-11 05:15,0.007415
2025-05-11 05:30,0.004162
2025-05-11 05:45,0.0
2025-05-11 06:00,0.0
2025-05-11 06:15,0.004796
2025-05-11 06:30,0.002867
2025-05-11 06:45,0.0
2025-05-11 07:00,0.0
2025-05-11 07:15,0.001351
2025-05-11 07:30,0.0
2025-05-11 07:45,0.002536
2025-05-11 08:00,0.0
2025-05-11 08:15,0.001296
2025-05-11 08:30,0.004011
2025-05-11 08:45,0.00532
2025-05-11 09:00,0.0
2025-05-11 09:15,0.005003
2025-05-11 09:30,0.001764
2025-05-11 09:45,0.003666
2025-05-11 10:00,0.0
2025-05-11 10:15,0.001668
2025-05-11 10:30,0.0
2025-05-11 10:45,0.002081
2025-05-11 11:00,0.0
2025-05-11 11:15,0.0
2025-05-11 11:30,0.001268
2025-05-11 11:45,0.00193
2025-05-11 12:00,0.002798
2025-05-11 12:15,0.0
2025-05-11 12:30,0.001668
2025-05-11 12:45,0.001296
2025-05-11 13:00,0.0
2025-05-11 13:15,0.0
2025-05-11 13:30,0.003528
2025-05-11 13:45,0.001351
2025-05-11 14:00,0.002136
2025-05-11 14:15,0.003501
2025-05-11 14:30,0.0
2025-05-11 14:45,0.002315
2025-05-11 15:00,0.002495
2025-05-11 15:15,0.0
2025-05-11 15:30,0.0
2025-05-11 15:45,0.213201
2025-05-11 16:00,0.001296
2025-05-11 16:15,0.020095
2025-05-11 16:30,0.004962
2025-05-11 16:45,0.0
2025-05-11 17:00,0.0
2025-05-11 17:15,0.002357
2025-05-11 17:30,0.003707
2025-05-11 17:45,0.003832
2025-05-11 18:00,0.00215
2025-05-11 18:15,0.04296
2025-05-11 18:30,0.001116
2025-05-11 18:45,0.001296
2025-05-11 19:00,0.0
2025-05-11 19:15,0.0
2025-05-11 19:30,0.0
2025-05-11 19:45,0.003666
2025-05-11 20:00,0.001116
2025-05-11 20:15,0.012418
2025-05-11 20:30,0.001268
2025-05-11 20:45,0.020922
2025-05-11 21:00,0.028226
2025-05-11 21:15,0.002315
2025-05-11 21:30,0.0
2025-05-11 21:45,0.008793
2025-05-11 22:00,0.001116
2025-05-11 22:15,0.017697
2025-05-11 22:30,0.004645
2025-05-11 22:45,0.0
2025-05-11 23:00,0.041844
2025-05-11 23:15,0.004052
2025-05-11 23:30,0.002536
2025-05-11 23:45,0.000965
2025-05-12 00:00,0.000799
2025-05-12 00:15,0.0
2025-05-12 00:30,0.0
2025-05-12 00:45,0.004824
2025-05-12 01:00,0.003046
2025-05-12 01:15,0.003666
2025-05-12 01:30,0.001116
2025-05-12 01:45,0.0
2025-05-12 02:00,0.001116
2025-05-12 02:15,0.042781
2025-05-12 02:30,0.0
2025-05-12 02:45,0.000965
2025-05-12 03:00,0.039101
2025-05-12 03:15,0.000965
2025-05-12 03:30,0.004769
2025-05-12 03:45,0.0
2025-05-12 04:00,0.002701
2025-05-12 04:15,0.001296
2025-05-12 04:30,0.003942
2025-05-12 04:45,0.000965
2025-05-12 05:00,0.001075
2025-05-12 05:15,0.006891
2025-05-12 05:30,0.001668
2025-05-12 05:45,0.062765
2025-05-12 06:00,0.003928
2025-05-12 06:15,0.0
2025-05-12 06:30,0.001116
2025-05-12 06:45,0.0
2025-05-12 07:00,0.001296
2025-05-12 07:15,0.043112
2025-05-12 07:30,0.0
2025-05-12 07:45,0.009758
2025-05-12 08:00,0.0
2025-05-12 08:15,0.003501
2025-05-12 08:30,0.003583
2025-05-12 08:45,0.0
2025-05-12 09:00,0.0
2025-05-12 09:15,0.003198
2025-05-12 09:30,0.004521
2025-05-12 09:45,0.0
2025-05-12 10:00,0.003997
2025-05-12 10:15,0.0
2025-05-12 10:30,0.002564
2025-05-12 10:45,0.003666
2025-05-12 11:00,0.033877
2025-05-12 11:15,0.107806
2025-05-12 11:30,0.001351
2025-05-12 11:45,0.000799
2025-05-12 12:00,0.090248
2025-05-12 12:15,0.091626
2025-05-12 12:30,0.067851
2025-05-12 12:45,0.199708
2025-05-12 13:00,0.149843
2025-05-12 13:15,0.227659
2025-05-12 13:30,0.045496
2025-05-12 13:45,0.184671
2025-05-12 14:00,0.160152
2025-05-12 14:15,0.133028
2025-05-12 14:30,0.162206
2025-05-12 14:45,0.092322
2025-05-12 15:00,0.3259
2025-05-12 15:15,0.16847
2025-05-12 15:30,0.345802
2025-05-12 15:45,0.217653
2025-05-12 16:00,0.220836
2025-05-12 16:15,0.33603
2025-05-12 16:30,0.066459
2025-05-12 16:45,0.183624
2025-05-12 17:00,0.213986
2025-05-12 17:15,0.067651
2025-05-12 17:30,0.218893
2025-05-12 17:45,0.232152
2025-05-12 18:00,0.160331
2025-05-12 18:15,0.141849
2025-05-12 18:30,0.127322
2025-05-12 18:45,0.113926
2025-05-12 19:00,0.21513
2025-05-12 19:15,0.137439
2025-05-12 19:30,0.105629
2025-05-12 19:45,0.166864
2025-05-12 20:00,0.237072
2025-05-12 20:15,0.262735
2025-05-12 20:30,0.158057
2025-05-12 20:45,0.081523
2025-05-12 21:00,0.076065
2025-05-12 21:15,0.080807
2025-05-12 21:30,0.020384
2025-05-12 21:45,0.0
2025-05-12 22:00,0.431887
2025-05-12 22:15,0.004617
2025-05-12 22:30,0.046406
2025-05-12 22:45,0.003556
2025-05-12 23:00,0.001268
2025-05-12 23:15,0.019268
2025-05-12 23:30,0.003887
2025-05-12 23:45,0.060574
2025-05-13 00:00,0.009786
2025-05-13 00:15,0.01443
2025-05-13 00:30,0.000799
2025-05-13 00:45,0.004121
2025-05-13 01:00,0.004052
2025-05-13 01:15,0.024285
2025-05-13 01:30,0.001296
2025-05-13 01:45,0.004466
2025-05-13 02:00,0.001296
2025-05-13 02:15,0.000965
2025-05-13 02:30,0.0
2025-05-13 02:45,0.003032
2025-05-13 03:00,0.041334
2025-05-13 03:15,0.002536
2025-05-13 03:30,0.0
2025-05-13 03:45,0.0
2025-05-13 04:00,0.002081
2025-05-13 04:15,0.0
2025-05-13 04:30,0.002081
2025-05-13 04:45,0.0
2025-05-13 05:00,0.00215
2025-05-13 05:15,0.046006
2025-05-13 05:30,0.002701
2025-05-13 05:45,0.002688
2025-05-13 06:00,0.007181
2025-05-13 06:15,0.020922
2025-05-13 06:30,0.043112
2025-05-13 06:45,0.0
2025-05-13 07:00,0.021887
2025-05-13 07:15,0.0
2025-05-13 07:30,0.00226
2025-05-13 07:45,0.0
2025-05-13 08:00,0.041844
2025-05-13 08:15,0.001351
2025-05-13 08:30,0.011495
2025-05-13 08:45,0.002729
2025-05-13 09:00,0.004135
2025-05-13 09:15,0.00656
2025-05-13 09:30,0.004934
2025-05-13 09:45,0.020233
2025-05-13 10:00,0.001282
2025-05-13 10:15,0.001116
2025-05-13 10:30,0.01064
2025-05-13 10:45,0.083687
2025-05-13 11:00,0.002233
2025-05-13 11:15,0.0
2025-05-13 11:30,0.0
2025-05-13 11:45,0.003997
2025-05-13 12:00,0.025498
2025-05-13 12:15,0.441066
2025-05-13 12:30,0.145115
2025-05-13 12:45,0.21666
2025-05-13 13:00,0.09463
2025-05-13 13:15,0.246789
2025-05-13 13:30,1.0
2025-05-13 13:45,0.206503
2025-05-13 14:00,0.224434
2025-05-13 14:15,0.171729
2025-05-13 14:30,0.184506
2025-05-13 14:45,0.247326
2025-05-13 15:00,0.37848
2025-05-13 15:15,0.298101
2025-05-13 15:30,0.264885
2025-05-13 15:45,0.308817
2025-05-13 16:00,0.264155
2025-05-13 16:15,0.292161
2025-05-13 16:30,0.298445
2025-05-13 16:45,0.127626
2025-05-13 17:00,0.249628
2025-05-13 17:15,0.157975
2025-05-13 17:30,0.21961
2025-05-13 17:45,0.12673
2025-05-13 18:00,0.245534
2025-05-13 18:15,0.28622
2025-05-13 18:30,0.063937
2025-05-13 18:45,0.257387
2025-05-13 19:00,0.277744
2025-05-13 19:15,0.469885
2025-05-13 19:30,0.389623
2025-05-13 19:45,0.149802
2025-05-13 20:00,0.289225
2025-05-13 20:15,0.022272
2025-05-13 20:30,0.09565
2025-05-13 20:45,0.040576
2025-05-13 21:00,0.038536
2025-05-13 21:15,0.068209
2025-05-13 21:30,0.009648
2025-05-13 21:45,0.040314
2025-05-13 22:00,0.039418
2025-05-13 22:15,0.003018
2025-05-13 22:30,0.0
2025-05-13 22:45,0.006698
2025-05-13 23:00,0.049176
2025-05-13 23:15,0.001764
2025-05-13 23:30,0.0
2025-05-13 23:45,0.0
2025-05-14 00:00,0.0
2025-05-14 00:00,0.0
2025-05-14 00:15,0.000745
2025-05-14 00:30,0.0
2025-05-14 00:45,0.001961
2025-05-14 01:00,0.025104
2025-05-14 01:15,0.000952
2025-05-14 01:30,0.002333
2025-05-14 01:45,0.0
2025-05-14 02:00,0.004167
2025-05-14 02:15,0.001046
2025-05-14 02:30,0.0
2025-05-14 02:45,0.026358
2025-05-14 03:00,0.000764
2025-05-14 03:15,0.0
2025-05-14 03:30,0.0
2025-05-14 03:45,0.000764
2025-05-14 04:00,0.000792
2025-05-14 04:15,0.013179
2025-05-14 04:30,0.001207
2025-05-14 04:45,0.000462
2025-05-14 05:00,0.0
2025-05-14 05:15,0.000886
2025-05-14 05:30,0.001584
2025-05-14 05:45,0.001235
2025-05-14 06:00,0.0
2025-05-14 06:15,0.000886
2025-05-14 06:30,0.0
2025-05-14 06:45,0.001226
2025-05-14 07:00,0.000368
2025-05-14 07:15,0.008022
2025-05-14 07:30,0.00066
2025-05-14 07:45,0.007155
2025-05-14 08:00,0.0
2025-05-14 08:15,0.000924
2025-05-14 08:30,0.0
2025-05-14 08:45,0.001801
2025-05-14 09:00,0.000839
2025-05-14 09:15,0.00033
2025-05-14 09:30,0.001103
2025-05-14 09:45,0.007999
2025-05-14 10:00,0.000434
2025-05-14 10:15,0.00033
2025-05-14 10:30,0.000368
2025-05-14 10:45,0.0
2025-05-14 11:00,0.028621
2025-05-14 11:15,0.001527
2025-05-14 11:30,0.007909
2025-05-14 11:45,1.0
2025-05-14 12:00,0.025416
2025-05-14 12:15,0.068276
2025-05-14 12:30,0.029106
2025-05-14 12:45,0.032443
2025-05-14 13:00,0.092056
2025-05-14 13:15,0.11428
2025-05-14 13:30,0.062087
2025-05-14 13:45,0.221976
2025-05-14 14:00,0.152205
2025-05-14 14:15,0.035507
2025-05-14 14:30,0.092324
2025-05-14 14:45,0.068497
2025-05-14 15:00,0.120469
2025-05-14 15:15,0.022333
2025-05-14 15:30,0.037864
2025-05-14 15:45,0.075686
2025-05-14 16:00,0.031284
2025-05-14 16:15,0.051208
2025-05-14 16:30,0.03407
2025-05-14 16:45,0.083171
2025-05-14 17:00,0.029134
2025-05-14 17:15,0.034579
2025-05-14 17:30,0.059626
2025-05-14 17:45,0.055615
2025-05-14 18:00,0.074908
2025-05-14 18:15,0.110236
2025-05-14 18:30,0.072791
2025-05-14 18:45,0.114374
2025-05-14 19:00,0.063548
2025-05-14 19:15,0.051708
2025-05-14 19:30,0.071524
2025-05-14 19:45,0.097029
2025-05-14 20:00,0.064055
2025-05-14 20:15,0.047819
2025-05-14 20:30,0.05447
2025-05-14 20:45,0.028272
2025-05-14 21:00,0.041376
2025-05-14 21:15,0.029422
2025-05-14 21:30,0.002253
2025-05-14 21:45,0.001598
2025-05-14 22:00,0.008126
2025-05-14 22:15,0.021004
2025-05-14 22:30,0.0
2025-05-14 22:45,0.000547
2025-05-14 23:00,0.003201
2025-05-14 23:15,0.000302
2025-05-14 23:30,0.000462
2025-05-14 23:45,0.000735
2025-05-15 00:00,0.000896
2025-05-15 00:15,0.000924
2025-05-15 00:30,0.0
2025-05-15 00:45,0.060381
2025-05-15 01:00,0.026358
2025-05-15 01:15,0.000683
2025-05-15 01:30,0.000434
2025-05-15 01:45,0.000886
2025-05-15 02:00,0.00033
2025-05-15 02:15,0.000382
2025-05-15 02:30,0.002875
2025-05-15 02:45,0.001419
2025-05-15 03:00,0.0
2025-05-15 03:15,0.0
2025-05-15 03:30,0.0023
2025-05-15 03:45,0.0
2025-05-15 04:00,0.000764
2025-05-15 04:15,0.0
2025-05-15 04:30,0.0
2025-05-15 04:45,0.0
2025-05-15 05:00,0.00066
2025-05-15 05:15,0.000462
2025-05-15 05:30,0.013999
2025-05-15 05:45,0.0
2025-05-15 06:00,0.0
2025-05-15 06:15,0.0
2025-05-15 06:30,0.0
2025-05-15 06:45,0.007806
2025-05-15 07:00,0.000877
2025-05-15 07:15,0.013179
2025-05-15 07:30,0.000603
2025-05-15 07:45,0.000815
2025-05-15 08:00,0.0
2025-05-15 08:15,0.00066
2025-05-15 08:30,0.001744
2025-05-15 08:45,0.000382
2025-05-15 09:00,0.001169
2025-05-15 09:15,0.000382
2025-05-15 09:30,0.007155
2025-05-15 09:45,0.00181
2025-05-15 10:00,0.005647
2025-05-15 10:15,0.001145
2025-05-15 10:30,0.000443
2025-05-15 10:45,0.014244
2025-05-15 11:00,0.0
2025-05-15 11:15,0.0
2025-05-15 11:30,0.000584
2025-05-15 11:45,0.001395
2025-05-15 12:00,0.022776
2025-05-15 12:15,0.018449
2025-05-15 12:30,0.015451
2025-05-15 12:45,0.034126
2025-05-15 13:00,0.021136
2025-05-15 13:15,0.109882
2025-05-15 13:30,0.128303
2025-05-15 13:45,0.105343
2025-05-15 14:00,0.022385
2025-05-15 14:15,0.103472
2025-05-15 14:30,0.142797
2025-05-15 14:45,0.059414
2025-05-15 15:00,0.064873
2025-05-15 15:15,0.06524
2025-05-15 15:30,0.05644
2025-05-15 15:45,0.01876
2025-05-15 16:00,0.044213
2025-05-15 16:15,0.056327
2025-05-15 16:30,0.104952
2025-05-15 16:45,0.207646
2025-05-15 17:00,0.087234
2025-05-15 17:15,0.066169
2025-05-15 17:30,0.053301
2025-05-15 17:45,0.089619
2025-05-15 18:00,0.042476
2025-05-15 18:15,0.053867
2025-05-15 18:30,0.109694
2025-05-15 18:45,0.103425
2025-05-15 19:00,0.042766
2025-05-15 19:15,0.022125
2025-05-15 19:30,0.020066
2025-05-15 19:45,0.031293
2025-05-15 20:00,0.079329
2025-05-15 20:15,0.052665
2025-05-15 20:30,0.026962
2025-05-15 20:45,0.048927
2025-05-15 21:00,0.004247
2025-05-15 21:15,0.007165
2025-05-15 21:30,0.000764
2025-05-15 21:45,0.015706
2025-05-15 22:00,0.01481
2025-05-15 22:15,0.0
2025-05-15 22:30,0.005086
2025-05-15 22:45,0.020259
2025-05-15 23:00,0.02156
2025-05-15 23:15,0.000731
2025-05-15 23:30,0.022323
2025-05-15 23:45,0.0
2025-05-16 00:00,0.000462
2025-05-16 00:15,0.002291
2025-05-16 00:30,0.00659
2025-05-16 00:45,0.000302
2025-05-16 01:00,0.004813
2025-05-16 01:15,0.001815
2025-05-16 01:30,0.0
2025-05-16 01:45,0.00033
2025-05-16 02:00,0.000867
2025-05-16 02:15,0.002008
2025-05-16 02:30,0.000462
2025-05-16 02:45,0.00033
2025-05-16 03:00,0.0
2025-05-16 03:15,0.0
2025-05-16 03:30,0.005868
2025-05-16 03:45,0.00165
2025-05-16 04:00,0.000382
2025-05-16 04:15,0.001796
2025-05-16 04:30,0.001145
2025-05-16 04:45,0.000462
2025-05-16 05:00,0.010987
2025-05-16 05:15,0.002201
2025-05-16 05:30,0.007523
2025-05-16 05:45,0.000462
2025-05-16 06:00,0.000792
2025-05-16 06:15,0.015465
2025-05-16 06:30,0.0
2025-05-16 06:45,0.000712
2025-05-16 07:00,0.000764
2025-05-16 07:15,0.007815
2025-05-16 07:30,0.005623
2025-05-16 07:45,0.015234
2025-05-16 08:00,0.000382
2025-05-16 08:15,0.000443
2025-05-16 08:30,0.0
2025-05-16 08:45,0.000443
2025-05-16 09:00,0.0
2025-05-16 09:15,0.001772
2025-05-16 09:30,0.000844
2025-05-16 09:45,0.000886
2025-05-16 10:00,0.000764
2025-05-16 10:15,0.001687
2025-05-16 10:30,0.007235
2025-05-16 10:45,0.001475
2025-05-16 11:00,0.001829
2025-05-16 11:15,0.0
2025-05-16 11:30,0.000924
2025-05-16 11:45,0.002885
2025-05-16 12:00,0.025038
2025-05-16 12:15,0.018883
2025-05-16 12:30,0.014551
2025-05-16 12:45,0.030341
2025-05-16 13:00,0.056035
2025-05-16 13:15,0.069039
2025-05-16 13:30,0.048338
2025-05-16 13:45,0.011171
2025-05-16 14:00,0.054149
2025-05-16 14:15,0.030935
2025-05-16 14:30,0.044133
2025-05-16 14:45,0.045476
2025-05-16 15:00,0.080498
2025-05-16 15:15,0.076605
2025-05-16 15:30,0.101714
2025-05-16 15:45,0.070265
2025-05-16 16:00,0.032832
2025-05-16 16:15,0.041206
2025-05-16 16:30,0.034866
2025-05-16 16:45,0.0279
2025-05-16 17:00,0.031718
2025-05-16 17:15,0.017204
2025-05-16 17:30,0.127059
2025-05-16 17:45,0.022583
2025-05-16 18:00,0.021371
2025-05-16 18:15,0.063704
2025-05-16 18:30,0.131961
2025-05-16 18:45,0.098466
2025-05-16 19:00,0.076364
2025-05-16 19:15,0.015842
2025-05-16 19:30,0.098688
2025-05-16 19:45,0.013726
2025-05-16 20:00,0.000302
2025-05-16 20:15,0.001598
2025-05-16 20:30,0.081012
2025-05-16 20:45,0.010342
2025-05-16 21:00,0.015555
2025-05-16 21:15,0.003069
2025-05-16 21:30,0.001621
2025-05-16 21:45,0.002267
2025-05-16 22:00,0.000382
2025-05-16 22:15,0.0
2025-05-16 22:30,0.010992
2025-05-16 22:45,0.0
2025-05-16 23:00,0.001395
2025-05-16 23:15,0.0
2025-05-16 23:30,0.0
2025-05-16 23:45,0.00148
2025-05-17 00:00,0.001687
2025-05-17 00:15,0.00066
2025-05-17 00:30,0.000792
2025-05-17 00:45,0.000462
2025-05-17 01:00,0.0
2025-05-17 01:15,0.000905
2025-05-17 01:30,0.002517
2025-05-17 01:45,0.000547
2025-05-17 02:00,0.001211
2025-05-17 02:15,0.012095
2025-05-17 02:30,0.012142
2025-05-17 02:45,0.00066
2025-05-17 03:00,0.002941
2025-05-17 03:15,0.000382
2025-05-17 03:30,0.0
2025-05-17 03:45,0.00033
2025-05-17 04:00,0.001226
2025-05-17 04:15,0.001763
2025-05-17 04:30,0.0
2025-05-17 04:45,0.000924
2025-05-17 05:00,0.001857
2025-05-17 05:15,0.000867
2025-05-17 05:30,0.000434
2025-05-17 05:45,0.000735
2025-05-17 06:00,0.0
2025-05-17 06:15,0.007155
2025-05-17 06:30,0.000764
2025-05-17 06:45,0.006731
2025-05-17 07:00,0.00518
2025-05-17 07:15,0.002008
2025-05-17 07:30,0.000382
2025-05-17 07:45,0.010662
2025-05-17 08:00,0.001145
2025-05-17 08:15,0.000844
2025-05-17 08:30,0.000886
2025-05-17 08:45,0.00049
2025-05-17 09:00,0.000844
2025-05-17 09:15,0.001711
2025-05-17 09:30,0.000368
2025-05-17 09:45,0.0
2025-05-17 10:00,0.001306
2025-05-17 10:15,0.00116
2025-05-17 10:30,0.0
2025-05-17 10:45,0.000985
2025-05-17 11:00,0.006161
2025-05-17 11:15,0.000735
2025-05-17 11:30,0.000773
2025-05-17 11:45,0.004624
2025-05-17 12:00,0.000764
2025-05-17 12:15,0.00288
2025-05-17 12:30,0.000905
2025-05-17 12:45,0.007999
2025-05-17 13:00,0.000434
2025-05-17 13:15,0.00098
2025-05-17 13:30,0.016502
2025-05-17 13:45,0.000815
2025-05-17 14:00,0.000603
2025-05-17 14:15,0.052047
2025-05-17 14:30,0.0
2025-05-17 14:45,0.00066
2025-05-17 15:00,0.01431
2025-05-17 15:15,0.001094
2025-05-17 15:30,0.0
2025-05-17 15:45,0.00098
2025-05-17 16:00,0.0
2025-05-17 16:15,0.0
2025-05-17 16:30,0.005543
2025-05-17 16:45,0.001103
2025-05-17 17:00,0.000273
2025-05-17 17:15,0.001103
2025-05-17 17:30,0.006957
2025-05-17 17:45,0.000462
2025-05-17 18:00,0.0
2025-05-17 18:15,0.001989
2025-05-17 18:30,0.00132
2025-05-17 18:45,0.000933
2025-05-17 19:00,0.004695
2025-05-17 19:15,0.0
2025-05-17 19:30,0.001683
2025-05-17 19:45,0.0
2025-05-17 20:00,0.000924
2025-05-17 20:15,0.0
2025-05-17 20:30,0.001763
2025-05-17 20:45,0.0
2025-05-17 21:00,0.006971
2025-05-17 21:15,0.00049
2025-05-17 21:30,0.0
2025-05-17 21:45,0.00033
2025-05-17 22:00,0.001801
2025-05-17 22:15,0.000382
2025-05-17 22:30,0.000924
2025-05-17 22:45,0.00033
2025-05-17 23:00,0.00659
2025-05-17 23:15,0.0
2025-05-17 23:30,0.00379
2025-05-17 23:45,0.000825
2025-05-18 00:00,0.002484
2025-05-18 00:15,0.0
2025-05-18 00:30,0.000382
2025-05-18 00:45,0.00033
2025-05-18 01:00,0.000764
2025-05-18 01:15,0.0
2025-05-18 01:30,0.0
2025-05-18 01:45,0.0
2025-05-18 02:00,0.0
2025-05-18 02:15,0.0
2025-05-18 02:30,0.000815
2025-05-18 02:45,0.012477
2025-05-18 03:00,0.0
2025-05-18 03:15,0.0
2025-05-18 03:30,0.000764
2025-05-18 03:45,0.000764
2025-05-18 04:00,0.0
2025-05-18 04:15,0.004237
2025-05-18 04:30,0.001334
2025-05-18 04:45,0.00066
2025-05-18 05:00,0.000434
2025-05-18 05:15,0.000434
2025-05-18 05:30,0.0
2025-05-18 05:45,0.000462
2025-05-18 06:00,0.000877
2025-05-18 06:15,0.000764
2025-05-18 06:30,0.0
2025-05-18 06:45,0.0014
2025-05-18 07:00,0.001254
2025-05-18 07:15,0.00033
2025-05-18 07:30,0.000924
2025-05-18 07:45,0.00033
2025-05-18 08:00,0.001145
2025-05-18 08:15,0.0
2025-05-18 08:30,0.0
2025-05-18 08:45,0.0
2025-05-18 09:00,0.000764
2025-05-18 09:15,0.004016
2025-05-18 09:30,0.001178
2025-05-18 09:45,0.002946
2025-05-18 10:00,0.000434
2025-05-18 10:15,0.001183
2025-05-18 10:30,0.000462
2025-05-18 10:45,0.0
2025-05-18 11:00,0.00066
2025-05-18 11:15,0.000382
2025-05-18 11:30,0.0
2025-05-18 11:45,0.00165
2025-05-18 12:00,0.0
2025-05-18 12:15,0.0
2025-05-18 12:30,0.0
2025-05-18 12:45,0.001216
2025-05-18 13:00,0.0
2025-05-18 13:15,0.00518
2025-05-18 13:30,0.0
2025-05-18 13:45,0.00066
2025-05-18 14:00,0.000764
2025-05-18 14:15,0.0
2025-05-18 14:30,0.000382
2025-05-18 14:45,0.0
2025-05-18 15:00,0.0
2025-05-18 15:15,0.00667
2025-05-18 15:30,0.000952
2025-05-18 15:45,0.015178
2025-05-18 16:00,0.00066
2025-05-18 16:15,0.002673
2025-05-18 16:30,0.0
2025-05-18 16:45,0.014933
2025-05-18 17:00,0.000462
2025-05-18 17:15,0.000382
2025-05-18 17:30,0.000462
2025-05-18 17:45,0.000462
2025-05-18 18:00,0.002607
2025-05-18 18:15,0.0
2025-05-18 18:30,0.001235
2025-05-18 18:45,0.001546
2025-05-18 19:00,0.0
2025-05-18 19:15,0.007617
2025-05-18 19:30,0.0
2025-05-18 19:45,0.00033
2025-05-18 20:00,0.000877
2025-05-18 20:15,0.000764
2025-05-18 20:30,0.000825
2025-05-18 20:45,0.013179
2025-05-18 21:00,0.0
2025-05-18 21:15,0.001862
2025-05-18 21:30,0.008352
2025-05-18 21:45,0.001546
2025-05-18 22:00,0.001386
2025-05-18 22:15,0.0
2025-05-18 22:30,0.0
2025-05-18 22:45,0.0
2025-05-18 23:00,0.00131
2025-05-18 23:15,0.004322
2025-05-18 23:30,0.0
2025-05-18 23:45,0.0
2025-05-19 00:00,0.000924
2025-05-19 00:15,0.0
2025-05-19 00:30,0.028621
2025-05-19 00:45,0.0
2025-05-19 01:00,0.0
2025-05-19 01:15,0.00132
2025-05-19 01:30,0.001343
2025-05-19 01:45,0.0
2025-05-19 02:00,0.002093
2025-05-19 02:15,0.003073
2025-05-19 02:30,0.001174
2025-05-19 02:45,0.0
2025-05-19 03:00,0.000443
2025-05-19 03:15,0.008927
2025-05-19 03:30,0.00173
2025-05-19 03:45,0.003365
2025-05-19 04:00,0.001226
2025-05-19 04:15,0.000434
2025-05-19 04:30,0.000764
2025-05-19 04:45,0.0
2025-05-19 05:00,0.001702
2025-05-19 05:15,0.000462
2025-05-19 05:30,0.001094
2025-05-19 05:45,0.000462
2025-05-19 06:00,0.000382
2025-05-19 06:15,0.001923
2025-05-19 06:30,0.00098
2025-05-19 06:45,0.002187
2025-05-19 07:00,0.007537
2025-05-19 07:15,0.0
2025-05-19 07:30,0.01036
2025-05-19 07:45,0.0
2025-05-19 08:00,0.00131
2025-05-19 08:15,0.00132
2025-05-19 08:30,0.00033
2025-05-19 08:45,0.0
2025-05-19 09:00,0.001961
2025-05-19 09:15,0.000886
2025-05-19 09:30,0.000434
2025-05-19 09:45,0.0
2025-05-19 10:00,0.000764
2025-05-19 10:15,0.0
2025-05-19 10:30,0.011671
2025-05-19 10:45,0.002234
2025-05-19 11:00,0.001145
2025-05-19 11:15,0.000867
2025-05-19 11:30,0.001631
2025-05-19 11:45,0.0
2025-05-19 12:00,0.000924
2025-05-19 12:15,0.002347
2025-05-19 12:30,0.004362
2025-05-19 12:45,0.001292
2025-05-19 13:00,0.000453
2025-05-19 13:15,0.0
2025-05-19 13:30,0.0
2025-05-19 13:45,0.0
2025-05-19 14:00,0.000443
2025-05-19 14:15,0.004827
2025-05-19 14:30,0.0
2025-05-19 14:45,0.002225
2025-05-19 15:00,0.0
2025-05-19 15:15,0.000815
2025-05-19 15:30,0.0
2025-05-19 15:45,0.00066
2025-05-19 16:00,0.000382
2025-05-19 16:15,0.00033
2025-05-19 16:30,0.0
2025-05-19 16:45,0.0
2025-05-19 17:00,0.000999
2025-05-19 17:15,0.00247
2025-05-19 17:30,0.00066
2025-05-19 17:45,0.013179
2025-05-19 18:00,0.001136
2025-05-19 18:15,0.000867
2025-05-19 18:30,0.0
2025-05-19 18:45,0.000924
2025-05-19 19:00,0.0
2025-05-19 19:15,0.001226
2025-05-19 19:30,0.014065
2025-05-19 19:45,0.001442
2025-05-19 20:00,0.007598
2025-05-19 20:15,0.00148
2025-05-19 20:30,0.000867
2025-05-19 20:45,0.000924
2025-05-19 21:00,0.000924
2025-05-19 21:15,0.000462
2025-05-19 21:30,0.000764
2025-05-19 21:45,0.000434
2025-05-19 22:00,0.000844
2025-05-19 22:15,0.0
2025-05-19 22:30,0.000735
2025-05-19 22:45,0.001791
2025-05-19 23:00,0.000382
2025-05-19 23:15,0.000764
2025-05-19 23:30,0.000886
2025-05-19 23:45,0.005048
2025-05-20 00:00,0.0
2025-05-20 00:15,0.0
2025-05-20 00:30,0.001791
2025-05-20 00:45,0.002465
2025-05-20 01:00,0.000924
2025-05-20 01:15,0.00042
2025-05-20 01:30,0.001226
2025-05-20 01:45,0.00708
2025-05-20 02:00,0.008041
2025-05-20 02:15,0.00592
2025-05-20 02:30,0.001145
2025-05-20 02:45,0.000764
2025-05-20 03:00,0.008484
2025-05-20 03:15,0.001716
2025-05-20 03:30,0.010662
2025-05-20 03:45,0.000443
2025-05-20 04:00,0.000886
2025-05-20 04:15,0.00634
2025-05-20 04:30,0.007155
2025-05-20 04:45,0.0
2025-05-20 05:00,0.0
2025-05-20 05:15,0.000712
2025-05-20 05:30,0.0
2025-05-20 05:45,0.00033
2025-05-20 06:00,0.000924
2025-05-20 06:15,0.0
2025-05-20 06:30,0.000764
2025-05-20 06:45,0.001226
2025-05-20 07:00,0.001094
2025-05-20 07:15,0.000382
2025-05-20 07:30,0.0
2025-05-20 07:45,0.0
2025-05-20 08:00,0.002291
2025-05-20 08:15,0.006057
2025-05-20 08:30,0.001848
2025-05-20 08:45,0.0
2025-05-20 09:00,0.003502
2025-05-20 09:15,0.011218
2025-05-20 09:30,0.001961
2025-05-20 09:45,0.0
2025-05-20 10:00,0.000443
2025-05-20 10:15,0.000764
2025-05-20 10:30,0.000462
2025-05-20 10:45,0.0
2025-05-20 11:00,0.000382
2025-05-20 11:15,0.000603
2025-05-20 11:30,0.000443
2025-05-20 11:45,0.00403
2025-05-20 12:00,0.016658
2025-05-20 12:15,0.003234
2025-05-20 12:30,0.00855
2025-05-20 12:45,0.041965
2025-05-20 13:00,0.048573
2025-05-20 13:15,0.059923
2025-05-20 13:30,0.071481
2025-05-20 13:45,0.101078
2025-05-20 14:00,0.120648
2025-05-20 14:15,0.114393
2025-05-20 14:30,0.025241
2025-05-20 14:45,0.046989
2025-05-20 15:00,0.066306
2025-05-20 15:15,0.041512
2025-05-20 15:30,0.089131
2025-05-20 15:45,0.079197
2025-05-20 16:00,0.022573
2025-05-20 16:15,0.092202
2025-05-20 16:30,0.060588
2025-05-20 16:45,0.095261
2025-05-20 17:00,0.068101
2025-05-20 17:15,0.110754
2025-05-20 17:30,0.058712
2025-05-20 17:45,0.050091
2025-05-20 18:00,0.061729
2025-05-20 18:15,0.078683
2025-05-20 18:30,0.071029
2025-05-20 18:45,0.026269
2025-05-20 19:00,0.031562
2025-05-20 19:15,0.055912
2025-05-20 19:30,0.059466
2025-05-20 19:45,0.044666
2025-05-20 20:00,0.111895
2025-05-20 20:15,0.132234
2025-05-20 20:30,0.101346
2025-05-20 20:45,0.041027
2025-05-20 21:00,0.019236
2025-05-20 21:15,0.009804
2025-05-20 21:30,0.000886
2025-05-20 21:45,0.00033
2025-05-20 22:00,0.02172
2025-05-20 22:15,0.043369
2025-05-20 22:30,0.000457
2025-05-20 22:45,0.006778
2025-05-20 23:00,0.015574
2025-05-20 23:15,0.015927
2025-05-20 23:30,0.022257
2025-05-20 23:45,0.007749
2025-05-21 00:00,0.0005
2025-05-21 00:00,0.002414
2025-05-21 00:15,0.003188
2025-05-21 00:30,0.0
2025-05-21 00:45,0.001594
2025-05-21 01:00,0.0
2025-05-21 01:15,0.03343
2025-05-21 01:30,0.008107
2025-05-21 01:45,0.0
2025-05-21 02:00,0.011273
2025-05-21 02:15,0.0
2025-05-21 02:30,0.067089
2025-05-21 02:45,0.003553
2025-05-21 03:00,0.085671
2025-05-21 03:15,0.004782
2025-05-21 03:30,0.0
2025-05-21 03:45,0.001594
2025-05-21 04:00,0.0
2025-05-21 04:15,0.008016
2025-05-21 04:30,0.002141
2025-05-21 04:45,0.0
2025-05-21 05:00,0.003188
2025-05-21 05:15,0.003188
2025-05-21 05:30,0.014301
2025-05-21 05:45,0.0
2025-05-21 06:00,0.0
2025-05-21 06:15,0.004281
2025-05-21 06:30,0.0
2025-05-21 06:45,0.0
2025-05-21 07:00,0.0
2025-05-21 07:15,0.007743
2025-05-21 07:30,0.004281
2025-05-21 07:45,0.0
2025-05-21 08:00,0.0
2025-05-21 08:15,0.0
2025-05-21 08:30,0.0
2025-05-21 08:45,0.007469
2025-05-21 09:00,0.0
2025-05-21 09:15,0.001457
2025-05-21 09:30,0.0
2025-05-21 09:45,0.005329
2025-05-21 10:00,0.002141
2025-05-21 10:15,0.031836
2025-05-21 10:30,0.004964
2025-05-21 10:45,0.0
2025-05-21 11:00,0.0
2025-05-21 11:15,0.0
2025-05-21 11:30,0.001457
2025-05-21 11:45,0.064994
2025-05-21 12:00,0.112566
2025-05-21 12:15,0.214702
2025-05-21 12:30,0.119284
2025-05-21 12:45,0.106668
2025-05-21 13:00,0.21887
2025-05-21 13:15,0.237612
2025-05-21 13:30,0.432388
2025-05-21 13:45,0.604687
2025-05-21 14:00,0.094211
2025-05-21 14:15,0.417152
2025-05-21 14:30,0.143332
2025-05-21 14:45,0.393674
2025-05-21 15:00,0.391009
2025-05-21 15:15,0.248224
2025-05-21 15:30,0.352204
2025-05-21 15:45,0.447167
2025-05-21 16:00,0.134086
2025-05-21 16:15,0.146247
2025-05-21 16:30,0.285252
2025-05-21 16:45,0.250455
2025-05-21 17:00,0.193842
2025-05-21 17:15,0.673711
2025-05-21 17:30,0.152145
2025-05-21 17:45,0.314538
2025-05-21 18:00,0.157315
2025-05-21 18:15,0.214383
2025-05-21 18:30,0.326927
2025-05-21 18:45,0.315039
2025-05-21 19:00,0.642968
2025-05-21 19:15,0.486291
2025-05-21 19:30,0.490868
2025-05-21 19:45,0.01774
2025-05-21 20:00,0.173415
2025-05-21 20:15,0.382515
2025-05-21 20:30,0.138368
2025-05-21 20:45,0.228821
2025-05-21 21:00,0.096967
2025-05-21 21:15,0.0
2025-05-21 21:30,0.00961
2025-05-21 21:45,0.005147
2025-05-21 22:00,0.031836
2025-05-21 22:15,0.002141
2025-05-21 22:30,0.00936
2025-05-21 22:45,0.0
2025-05-21 23:00,0.0
2025-05-21 23:15,0.004236
2025-05-21 23:30,0.0
2025-05-21 23:45,0.005511
2025-05-22 00:00,0.003598
2025-05-22 00:15,0.0
2025-05-22 00:30,0.059118
2025-05-22 00:45,0.034569
2025-05-22 01:00,0.0
2025-05-22 01:15,0.0
2025-05-22 01:30,0.002141
2025-05-22 01:45,0.011933
2025-05-22 02:00,0.006376
2025-05-22 02:15,0.068683
2025-05-22 02:30,0.002141
2025-05-22 02:45,0.0
2025-05-22 03:00,0.0
2025-05-22 03:15,0.002141
2025-05-22 03:30,0.138869
2025-05-22 03:45,0.007037
2025-05-22 04:00,0.07556
2025-05-22 04:15,0.0
2025-05-22 04:30,0.037484
2025-05-22 04:45,0.0
2025-05-22 05:00,0.003188
2025-05-22 05:15,0.003188
2025-05-22 05:30,0.0
2025-05-22 05:45,0.006627
2025-05-22 06:00,0.0
2025-05-22 06:15,0.016214
2025-05-22 06:30,0.0
2025-05-22 06:45,0.002141
2025-05-22 07:00,0.003735
2025-05-22 07:15,0.069138
2025-05-22 07:30,0.0
2025-05-22 07:45,0.0
2025-05-22 08:00,0.001594
2025-05-22 08:15,0.0
2025-05-22 08:30,0.0
2025-05-22 08:45,0.0023
2025-05-22 09:00,0.0
2025-05-22 09:15,0.0
2025-05-22 09:30,0.004782
2025-05-22 09:45,0.001776
2025-05-22 10:00,0.0
2025-05-22 10:15,0.0
2025-05-22 10:30,0.0
2025-05-22 10:45,0.0
2025-05-22 11:00,0.0
2025-05-22 11:15,0.001617
2025-05-22 11:30,0.004964
2025-05-22 11:45,0.0
2025-05-22 12:00,0.0
2025-05-22 12:15,0.066406
2025-05-22 12:30,0.003188
2025-05-22 12:45,0.180998
2025-05-22 13:00,0.18241
2025-05-22 13:15,0.24959
2025-05-22 13:30,0.320801
2025-05-22 13:45,0.214611
2025-05-22 14:00,0.098595
2025-05-22 14:15,0.276667
2025-05-22 14:30,0.204523
2025-05-22 14:45,0.46805
2025-05-22 15:00,0.238181
2025-05-22 15:15,0.179837
2025-05-22 15:30,0.377505
2025-05-22 15:45,0.417836
2025-05-22 16:00,0.630283
2025-05-22 16:15,0.06907
2025-05-22 16:30,0.787712
2025-05-22 16:45,0.100485
2025-05-22 17:00,0.140007
2025-05-22 17:15,0.412985
2025-05-22 17:30,0.317294
2025-05-22 17:45,0.146566
2025-05-22 18:00,0.372996
2025-05-22 18:15,0.208052
2025-05-22 18:30,0.219006
2025-05-22 18:45,0.086605
2025-05-22 19:00,0.371652
2025-05-22 19:15,0.105256
2025-05-22 19:30,0.424326
2025-05-22 19:45,0.284296
2025-05-22 20:00,0.105757
2025-05-22 20:15,0.065199
2025-05-22 20:30,0.259064
2025-05-22 20:45,0.087812
2025-05-22 21:00,0.134815
2025-05-22 21:15,0.14693
2025-05-22 21:30,0.003188
2025-05-22 21:45,0.0
2025-05-22 22:00,0.005329
2025-05-22 22:15,0.212425
2025-05-22 22:30,0.0
2025-05-22 22:45,0.100975
2025-05-22 23:00,0.043359
2025-05-22 23:15,0.001321
2025-05-22 23:30,0.031449
2025-05-22 23:45,0.050123
2025-05-23 00:00,0.0
2025-05-23 00:15,0.0
2025-05-23 00:30,0.004281
2025-05-23 00:45,0.004281
2025-05-23 01:00,0.010703
2025-05-23 01:15,0.0
2025-05-23 01:30,0.003279
2025-05-23 01:45,0.003553
2025-05-23 02:00,0.0
2025-05-23 02:15,0.0
2025-05-23 02:30,0.0
2025-05-23 02:45,0.002141
2025-05-23 03:00,0.0
2025-05-23 03:15,0.032907
2025-05-23 03:30,0.0
2025-05-23 03:45,0.018924
2025-05-23 04:00,0.004782
2025-05-23 04:15,0.006422
2025-05-23 04:30,0.0
2025-05-23 04:45,0.0
2025-05-23 05:00,0.0
2025-05-23 05:15,0.010271
2025-05-23 05:30,0.002141
2025-05-23 05:45,0.0
2025-05-23 06:00,0.0
2025-05-23 06:15,0.001594
2025-05-23 06:30,0.033977
2025-05-23 06:45,0.0
2025-05-23 07:00,0.0
2025-05-23 07:15,0.0
2025-05-23 07:30,0.0
2025-05-23 07:45,0.034569
2025-05-23 08:00,0.002141
2025-05-23 08:15,0.0
2025-05-23 08:30,0.0
2025-05-23 08:45,0.0
2025-05-23 09:00,0.002027
2025-05-23 09:15,0.0
2025-05-23 09:30,0.007151
2025-05-23 09:45,0.0
2025-05-23 10:00,0.003553
2025-05-23 10:15,0.007151
2025-05-23 10:30,0.001457
2025-05-23 10:45,0.0
2025-05-23 11:00,0.034569
2025-05-23 11:15,0.0
2025-05-23 11:30,0.0
2025-05-23 11:45,0.001321
2025-05-23 12:00,0.039397
2025-05-23 12:15,0.057137
2025-05-23 12:30,0.177491
2025-05-23 12:45,0.322873
2025-05-23 13:00,0.344484
2025-05-23 13:15,0.170455
2025-05-23 13:30,0.349904
2025-05-23 13:45,0.040718
2025-05-23 14:00,0.320254
2025-05-23 14:15,0.205229
2025-05-23 14:30,0.239889
2025-05-23 14:45,0.28901
2025-05-23 15:00,0.322736
2025-05-23 15:15,0.176421
2025-05-23 15:30,0.095714
2025-05-23 15:45,0.310166
2025-05-23 16:00,0.086628
2025-05-23 16:15,0.188627
2025-05-23 16:30,0.212357
2025-05-23 16:45,0.09765
2025-05-23 17:00,0.137388
2025-05-23 17:15,0.107055
2025-05-23 17:30,0.142193
2025-05-23 17:45,0.289192
2025-05-23 18:00,0.176216
2025-05-23 18:15,0.106827
2025-05-23 18:30,0.257242
2025-05-23 18:45,0.299736
2025-05-23 19:00,0.170933
2025-05-23 19:15,0.10644
2025-05-23 19:30,0.260703
2025-05-23 19:45,0.51922
2025-05-23 20:00,0.1434
2025-05-23 20:15,0.193113
2025-05-23 20:30,1.0
2025-05-23 20:45,0.150073
2025-05-23 21:00,0.036118
2025-05-23 21:15,0.095509
2025-05-23 21:30,0.00164
2025-05-23 21:45,0.0
2025-05-23 22:00,0.063673
2025-05-23 22:15,0.033294
2025-05-23 22:30,0.0
2025-05-23 22:45,0.036004
2025-05-23 23:00,0.0
2025-05-23 23:15,0.0
2025-05-23 23:30,0.003006
2025-05-23 23:45,0.069138
2025-05-24 00:00,0.0
2025-05-24 00:15,0.002915
2025-05-24 00:30,0.0
2025-05-24 00:45,0.004099
2025-05-24 01:00,0.002482
2025-05-24 01:15,0.0
2025-05-24 01:30,0.002141
2025-05-24 01:45,0.034569
2025-05-24 02:00,0.0
2025-05-24 02:15,0.070732
2025-05-24 02:30,0.003735
2025-05-24 02:45,0.007469
2025-05-24 03:00,0.0
2025-05-24 03:15,0.0
2025-05-24 03:30,0.003188
2025-05-24 03:45,0.007811
2025-05-24 04:00,0.0
2025-05-24 04:15,0.0
2025-05-24 04:30,0.013026
2025-05-24 04:45,0.005921
2025-05-24 05:00,0.0
2025-05-24 05:15,0.001594
2025-05-24 05:30,0.0
2025-05-24 05:45,0.008016
2025-05-24 06:00,0.003621
2025-05-24 06:15,0.011273
2025-05-24 06:30,0.069138
2025-05-24 06:45,0.0
2025-05-24 07:00,0.001321
2025-05-24 07:15,0.0
2025-05-24 07:30,0.004896
2025-05-24 07:45,0.0
2025-05-24 08:00,0.0
2025-05-24 08:15,0.005511
2025-05-24 08:30,0.0
2025-05-24 08:45,0.0
2025-05-24 09:00,0.002482
2025-05-24 09:15,0.0
2025-05-24 09:30,0.002141
2025-05-24 09:45,0.0
2025-05-24 10:00,0.0
2025-05-24 10:15,0.0
2025-05-24 10:30,0.0
2025-05-24 10:45,0.004372
2025-05-24 11:00,0.0
2025-05-24 11:15,0.0
2025-05-24 11:30,0.002141
2025-05-24 11:45,0.0
2025-05-24 12:00,0.0
2025-05-24 12:15,0.0
2025-05-24 12:30,0.003188
2025-05-24 12:45,0.0
2025-05-24 13:00,0.0
2025-05-24 13:15,0.0
2025-05-24 13:30,0.029719
2025-05-24 13:45,0.036163
2025-05-24 14:00,0.0
2025-05-24 14:15,0.0
2025-05-24 14:30,0.0
2025-05-24 14:45,0.018127
2025-05-24 15:00,0.003188
2025-05-24 15:15,0.0
2025-05-24 15:30,0.0
2025-05-24 15:45,0.051102
2025-05-24 16:00,0.026644
2025-05-24 16:15,0.0
2025-05-24 16:30,0.003188
2025-05-24 16:45,0.0
2025-05-24 17:00,0.014939
2025-05-24 17:15,0.040217
2025-05-24 17:30,0.0
2025-05-24 17:45,0.004782
2025-05-24 18:00,0.0
2025-05-24 18:15,0.063673
2025-05-24 18:30,0.014939
2025-05-24 18:45,0.061578
2025-05-24 19:00,0.003279
2025-05-24 19:15,0.00665
2025-05-24 19:30,0.031836
2025-05-24 19:45,0.0
2025-05-24 20:00,0.004281
2025-05-24 20:15,0.0
2025-05-24 20:30,0.004281
2025-05-24 20:45,0.004281
2025-05-24 21:00,0.003188
2025-05-24 21:15,0.008563
2025-05-24 21:30,0.0
2025-05-24 21:45,0.011614
2025-05-24 22:00,0.0
2025-05-24 22:15,0.009906
2025-05-24 22:30,0.0
2025-05-24 22:45,0.0
2025-05-24 23:00,0.004281
2025-05-24 23:15,0.0
2025-05-24 23:30,0.021088
2025-05-24 23:45,0.0
2025-05-25 00:00,0.001594
2025-05-25 00:15,0.0
2025-05-25 00:30,0.0
2025-05-25 00:45,0.001594
2025-05-25 01:00,0.003052
2025-05-25 01:15,0.002642
2025-05-25 01:30,0.0
2025-05-25 01:45,0.037712
2025-05-25 02:00,0.0
2025-05-25 02:15,0.0
2025-05-25 02:30,0.0
2025-05-25 02:45,0.0
2025-05-25 03:00,0.001594
2025-05-25 03:15,0.104026
2025-05-25 03:30,0.0
2025-05-25 03:45,0.010111
2025-05-25 04:00,0.002141
2025-05-25 04:15,0.0
2025-05-25 04:30,0.0
2025-05-25 04:45,0.0
2025-05-25 05:00,0.033977
2025-05-25 05:15,0.015349
2025-05-25 05:30,0.006058
2025-05-25 05:45,0.0
2025-05-25 06:00,0.0
2025-05-25 06:15,0.0
2025-05-25 06:30,0.003302
2025-05-25 06:45,0.006467
2025-05-25 07:00,0.0
2025-05-25 07:15,0.0
2025-05-25 07:30,0.003553
2025-05-25 07:45,0.004281
2025-05-25 08:00,0.001594
2025-05-25 08:15,0.0
2025-05-25 08:30,0.0
2025-05-25 08:45,0.0
2025-05-25 09:00,0.003735
2025-05-25 09:15,0.001776
2025-05-25 09:30,0.0
2025-05-25 09:45,0.003188
2025-05-25 10:00,0.0
2025-05-25 10:15,0.0
2025-05-25 10:30,0.0
2025-05-25 10:45,0.004281
2025-05-25 11:00,0.002141
2025-05-25 11:15,0.0
2025-05-25 11:30,0.0
2025-05-25 11:45,0.0
2025-05-25 12:00,0.002141
2025-05-25 12:15,0.0
2025-05-25 12:30,0.001594
2025-05-25 12:45,0.001594
2025-05-25 13:00,0.0
2025-05-25 13:15,0.0
2025-05-25 13:30,0.002892
2025-05-25 13:45,0.069138
2025-05-25 14:00,0.0
2025-05-25 14:15,0.0
2025-05-25 14:30,0.0
2025-05-25 14:45,0.0
2025-05-25 15:00,0.005739
2025-05-25 15:15,0.019015
2025-05-25 15:30,0.0
2025-05-25 15:45,0.276553
2025-05-25 16:00,0.0
2025-05-25 16:15,0.0
2025-05-25 16:30,0.006604
2025-05-25 16:45,0.002141
2025-05-25 17:00,0.0
2025-05-25 17:15,0.0
2025-05-25 17:30,0.001457
2025-05-25 17:45,0.070596
2025-05-25 18:00,0.069138
2025-05-25 18:15,0.003188
2025-05-25 18:30,0.004281
2025-05-25 18:45,0.006058
2025-05-25 19:00,0.033203
2025-05-25 19:15,0.002027
2025-05-25 19:30,0.034569
2025-05-25 19:45,0.003188
2025-05-25 20:00,0.016533
2025-05-25 20:15,0.069138
2025-05-25 20:30,0.01626
2025-05-25 20:45,0.0
2025-05-25 21:00,0.0
2025-05-25 21:15,0.001594
2025-05-25 21:30,0.0
2025-05-25 21:45,0.002141
2025-05-25 22:00,0.0
2025-05-25 22:15,0.0
2025-05-25 22:30,0.0
2025-05-25 22:45,0.0
2025-05-25 23:00,0.0
2025-05-25 23:15,0.0
2025-05-25 23:30,0.001594
2025-05-25 23:45,0.0
2025-05-26 00:00,0.006695
2025-05-26 00:15,0.003598
2025-05-26 00:30,0.0
2025-05-26 00:45,0.063673
2025-05-26 01:00,0.001457
2025-05-26 01:15,0.04131
2025-05-26 01:30,0.003188
2025-05-26 01:45,0.0
2025-05-26 02:00,0.002756
2025-05-26 02:15,0.014301
2025-05-26 02:30,0.0
2025-05-26 02:45,0.0
2025-05-26 03:00,0.001594
2025-05-26 03:15,0.0
2025-05-26 03:30,0.0
2025-05-26 03:45,0.0
2025-05-26 04:00,0.041037
2025-05-26 04:15,0.004782
2025-05-26 04:30,0.0
2025-05-26 04:45,0.0
2025-05-26 05:00,0.0
2025-05-26 05:15,0.0
2025-05-26 05:30,0.0
2025-05-26 05:45,0.00337
2025-05-26 06:00,0.004281
2025-05-26 06:15,0.001594
2025-05-26 06:30,0.0
2025-05-26 06:45,0.002141
2025-05-26 07:00,0.0
2025-05-26 07:15,0.0
2025-05-26 07:30,0.007583
2025-05-26 07:45,0.014461
2025-05-26 08:00,0.003188
2025-05-26 08:15,0.003188
2025-05-26 08:30,0.069138
2025-05-26 08:45,0.014301
2025-05-26 09:00,0.0
2025-05-26 09:15,0.0
2025-05-26 09:30,0.011273
2025-05-26 09:45,0.0
2025-05-26 10:00,0.0
2025-05-26 10:15,0.0
2025-05-26 10:30,0.0
2025-05-26 10:45,0.011956
2025-05-26 11:00,0.066588
2025-05-26 11:15,0.0
2025-05-26 11:30,0.077223
2025-05-26 11:45,0.075583
2025-05-26 12:00,0.118328
2025-05-26 12:15,0.025915
2025-05-26 12:30,0.260157
2025-05-26 12:45,0.107784
2025-05-26 13:00,0.06513
2025-05-26 13:15,0.309118
2025-05-26 13:30,0.268696
2025-05-26 13:45,0.296297
2025-05-26 14:00,0.153967
2025-05-26 14:15,0.421365
2025-05-26 14:30,0.2408
2025-05-26 14:45,0.132743
2025-05-26 15:00,0.282201
2025-05-26 15:15,0.52127
2025-05-26 15:30,0.196575
2025-05-26 15:45,0.641692
2025-05-26 16:00,0.172117
2025-05-26 16:15,0.130238
2025-05-26 16:30,0.157725
2025-05-26 16:45,0.331345
2025-05-26 17:00,0.081937
2025-05-26 17:15,0.2362
2025-05-26 17:30,0.342617
2025-05-26 17:45,0.170386
2025-05-26 18:00,0.195391
2025-05-26 18:15,0.555748
2025-05-26 18:30,0.593255
2025-05-26 18:45,0.447463
2025-05-26 19:00,0.291492
2025-05-26 19:15,0.263869
2025-05-26 19:30,0.387935
2025-05-26 19:45,0.375888
2025-05-26 20:00,0.082643
2025-05-26 20:15,0.265121
2025-05-26 20:30,0.309141
2025-05-26 20:45,0.014643
2025-05-26 21:00,0.010885
2025-05-26 21:15,0.064402
2025-05-26 21:30,0.044999
2025-05-26 21:45,0.0
2025-05-26 22:00,0.003917
2025-05-26 22:15,0.0023
2025-05-26 22:30,0.012867
2025-05-26 22:45,0.001594
2025-05-26 23:00,0.0
2025-05-26 23:15,0.014939
2025-05-26 23:30,0.03343
2025-05-26 23:45,0.0
2025-05-27 00:00,0.0
2025-05-27 00:15,0.0
2025-05-27 00:30,0.002118
2025-05-27 00:45,0.022636
2025-05-27 01:00,0.004782
2025-05-27 01:15,0.0
2025-05-27 01:30,0.0
2025-05-27 01:45,0.0
2025-05-27 02:00,0.032679
2025-05-27 02:15,0.0
2025-05-27 02:30,0.034205
2025-05-27 02:45,0.005739
2025-05-27 03:00,0.0023
2025-05-27 03:15,0.0
2025-05-27 03:30,0.002027
2025-05-27 03:45,0.0
2025-05-27 04:00,0.0
2025-05-27 04:15,0.0
2025-05-27 04:30,0.005875
2025-05-27 04:45,0.0
2025-05-27 05:00,0.0
2025-05-27 05:15,0.002437
2025-05-27 05:30,0.0
2025-05-27 05:45,0.0
2025-05-27 06:00,0.014939
2025-05-27 06:15,0.0
2025-05-27 06:30,0.0
2025-05-27 06:45,0.006604
2025-05-27 07:00,0.0
2025-05-27 07:15,0.0
2025-05-27 07:30,0.0
2025-05-27 07:45,0.022545
2025-05-27 08:00,0.0
2025-05-27 08:15,0.0
2025-05-27 08:30,0.003188
2025-05-27 08:45,0.006263
2025-05-27 09:00,0.0
2025-05-27 09:15,0.0
2025-05-27 09:30,0.0
2025-05-27 09:45,0.0
2025-05-27 10:00,0.0
2025-05-27 10:15,0.0
2025-05-27 10:30,0.003758
2025-05-27 10:45,0.003188
2025-05-27 11:00,0.007014
2025-05-27 11:15,0.001776
2025-05-27 11:30,0.0
2025-05-27 11:45,0.05051
2025-05-27 12:00,0.067772
2025-05-27 12:15,0.002915
2025-05-27 12:30,0.213655
2025-05-27 12:45,0.763846
2025-05-27 13:00,0.308708
2025-05-27 13:15,0.460649
2025-05-27 13:30,0.536163
2025-05-27 13:45,0.460204
2025-05-27 14:00,0.350679
2025-05-27 14:15,0.227979
2025-05-27 14:30,0.327974
2025-05-27 14:45,0.194116
2025-05-27 15:00,0.111883
2025-05-27 15:15,0.270177
2025-05-27 15:30,0.26922
2025-05-27 15:45,0.314766
2025-05-27 16:00,0.34141
2025-05-27 16:15,0.108945
2025-05-27 16:30,0.155516
2025-05-27 16:45,0.133654
2025-05-27 17:00,0.328976
2025-05-27 17:15,0.566975
2025-05-27 17:30,0.081527
2025-05-27 17:45,0.55987
2025-05-27 18:00,0.238226
2025-05-27 18:15,0.153762
2025-05-27 18:30,0.426489
2025-05-27 18:45,0.423392
2025-05-27 19:00,0.484719
2025-05-27 19:15,0.478685
2025-05-27 19:30,0.194457
2025-05-27 19:45,0.435097
2025-05-27 20:00,0.260863
2025-05-27 20:15,0.155857
2025-05-27 20:30,0.206868
2025-05-27 20:45,0.222081
2025-05-27 21:00,0.071416
2025-05-27 21:15,0.136569
2025-05-27 21:30,0.092549
2025-05-27 21:45,0.209328
2025-05-27 22:00,0.066633
2025-05-27 22:15,0.234332
2025-05-27 22:30,0.063673
2025-05-27 22:45,0.167517
2025-05-27 23:00,0.104117
2025-05-27 23:15,0.0
2025-05-27 23:30,0.032747
2025-05-27 23:45,0.003052
2025-05-28 00:00,0.0
2025-05-28 00:00,0.0
2025-05-28 00:15,0.0
2025-05-28 00:30,0.0
2025-05-28 00:45,0.0
2025-05-28 01:00,0.0
2025-05-28 01:15,0.033361
2025-05-28 01:30,0.00167
2025-05-28 01:45,0.001456
2025-05-28 02:00,0.0
2025-05-28 02:15,0.000764
2025-05-28 02:30,0.006646
2025-05-28 02:45,0.0
2025-05-28 03:00,0.000835
2025-05-28 03:15,0.0
2025-05-28 03:30,0.0
2025-05-28 03:45,0.000764
2025-05-28 04:00,0.001122
2025-05-28 04:15,0.0
2025-05-28 04:30,0.0
2025-05-28 04:45,0.002243
2025-05-28 05:00,0.001122
2025-05-28 05:15,0.00167
2025-05-28 05:30,0.0
2025-05-28 05:45,0.001122
2025-05-28 06:00,0.0
2025-05-28 06:15,0.0
2025-05-28 06:30,0.0
2025-05-28 06:45,0.0
2025-05-28 07:00,0.0
2025-05-28 07:15,0.0
2025-05-28 07:30,0.01007
2025-05-28 07:45,0.000835
2025-05-28 08:00,0.01668
2025-05-28 08:15,0.0
2025-05-28 08:30,0.003341
2025-05-28 08:45,0.0
2025-05-28 09:00,0.0
2025-05-28 09:15,0.0
2025-05-28 09:30,0.0
2025-05-28 09:45,0.0
2025-05-28 10:00,0.0
2025-05-28 10:15,0.001527
2025-05-28 10:30,0.01668
2025-05-28 10:45,0.001098
2025-05-28 11:00,0.001205
2025-05-28 11:15,0.0
2025-05-28 11:30,0.0
2025-05-28 11:45,0.017158
2025-05-28 12:00,0.019043
2025-05-28 12:15,0.053883
2025-05-28 12:30,0.151651
2025-05-28 12:45,0.127573
2025-05-28 13:00,0.045519
2025-05-28 13:15,0.124828
2025-05-28 13:30,0.043371
2025-05-28 13:45,0.090823
2025-05-28 14:00,0.283388
2025-05-28 14:15,0.067807
2025-05-28 14:30,0.13892
2025-05-28 14:45,0.228633
2025-05-28 15:00,0.055744
2025-05-28 15:15,0.050244
2025-05-28 15:30,0.203911
2025-05-28 15:45,0.250385
2025-05-28 16:00,0.136307
2025-05-28 16:15,0.105261
2025-05-28 16:30,0.05473
2025-05-28 16:45,0.079524
2025-05-28 17:00,0.177721
2025-05-28 17:15,0.164752
2025-05-28 17:30,0.079608
2025-05-28 17:45,0.192338
2025-05-28 18:00,0.218623
2025-05-28 18:15,0.136641
2025-05-28 18:30,0.072067
2025-05-28 18:45,0.061281
2025-05-28 19:00,0.108434
2025-05-28 19:15,0.129899
2025-05-28 19:30,0.272482
2025-05-28 19:45,0.120104
2025-05-28 20:00,0.224941
2025-05-28 20:15,0.180513
2025-05-28 20:30,0.146114
2025-05-28 20:45,0.086456
2025-05-28 21:00,0.007935
2025-05-28 21:15,0.039565
2025-05-28 21:30,0.092846
2025-05-28 21:45,0.058059
2025-05-28 22:00,0.000835
2025-05-28 22:15,0.001145
2025-05-28 22:30,0.01668
2025-05-28 22:45,0.057725
2025-05-28 23:00,0.033015
2025-05-28 23:15,0.000835
2025-05-28 23:30,0.0
2025-05-28 23:45,0.101466
2025-05-29 00:00,0.0
2025-05-29 00:15,0.002601
2025-05-29 00:30,0.068129
2025-05-29 00:45,0.000835
2025-05-29 01:00,0.040424
2025-05-29 01:15,0.001122
2025-05-29 01:30,0.001945
2025-05-29 01:45,0.000835
2025-05-29 02:00,0.011812
2025-05-29 02:15,0.0
2025-05-29 02:30,0.0
2025-05-29 02:45,0.0
2025-05-29 03:00,0.0
2025-05-29 03:15,0.0
2025-05-29 03:30,0.001694
2025-05-29 03:45,0.0
2025-05-29 04:00,0.001527
2025-05-29 04:15,0.008662
2025-05-29 04:30,0.004749
2025-05-29 04:45,0.0
2025-05-29 05:00,0.0
2025-05-29 05:15,0.0
2025-05-29 05:30,0.036224
2025-05-29 05:45,0.01668
2025-05-29 06:00,0.00167
2025-05-29 06:15,0.002506
2025-05-29 06:30,0.008149
2025-05-29 06:45,0.036224
2025-05-29 07:00,0.0
2025-05-29 07:15,0.0
2025-05-29 07:30,0.000835
2025-05-29 07:45,0.0
2025-05-29 08:00,0.002243
2025-05-29 08:15,0.0
2025-05-29 08:30,0.0
2025-05-29 08:45,0.0
2025-05-29 09:00,0.003436
2025-05-29 09:15,0.033361
2025-05-29 09:30,0.0
2025-05-29 09:45,0.026942
2025-05-29 10:00,0.010965
2025-05-29 10:15,0.0
2025-05-29 10:30,0.020964
2025-05-29 10:45,0.0
2025-05-29 11:00,0.004272
2025-05-29 11:15,0.018351
2025-05-29 11:30,0.0
2025-05-29 11:45,0.000764
2025-05-29 12:00,0.003508
2025-05-29 12:15,0.043634
2025-05-29 12:30,0.103733
2025-05-29 12:45,0.089153
2025-05-29 13:00,0.042596
2025-05-29 13:15,0.21042
2025-05-29 13:30,0.220806
2025-05-29 13:45,0.186133
2025-05-29 14:00,0.149121
2025-05-29 14:15,0.048359
2025-05-29 14:30,0.068595
2025-05-29 14:45,0.126344
2025-05-29 15:00,0.15251
2025-05-29 15:15,0.055685
2025-05-29 15:30,0.171409
2025-05-29 15:45,0.244419
2025-05-29 16:00,0.178855
2025-05-29 16:15,0.091635
2025-05-29 16:30,0.271504
2025-05-29 16:45,0.110296
2025-05-29 17:00,0.226868
2025-05-29 17:15,0.275417
2025-05-29 17:30,0.189892
2025-05-29 17:45,0.109902
2025-05-29 18:00,0.338571
2025-05-29 18:15,0.281085
2025-05-29 18:30,0.17901
2025-05-29 18:45,0.094999
2025-05-29 19:00,0.068213
2025-05-29 19:15,0.141688
2025-05-29 19:30,0.225734
2025-05-29 19:45,0.134111
2025-05-29 20:00,0.081481
2025-05-29 20:15,0.019043
2025-05-29 20:30,0.03039
2025-05-29 20:45,0.018208
2025-05-29 21:00,0.015535
2025-05-29 21:15,0.0
2025-05-29 21:30,0.000692
2025-05-29 21:45,0.0
2025-05-29 22:00,0.061114
2025-05-29 22:15,0.001122
2025-05-29 22:30,0.019604
2025-05-29 22:45,0.001742
2025-05-29 23:00,0.022193
2025-05-29 23:15,0.0
2025-05-29 23:30,0.0
2025-05-29 23:45,0.020463
2025-05-30 00:00,0.038945
2025-05-30 00:15,0.0
2025-05-30 00:30,0.005202
2025-05-30 00:45,0.001599
2025-05-30 01:00,0.005906
2025-05-30 01:15,0.033361
2025-05-30 01:30,0.001062
2025-05-30 01:45,0.007517
2025-05-30 02:00,0.001241
2025-05-30 02:15,0.000764
2025-05-30 02:30,0.04472
2025-05-30 02:45,0.008543
2025-05-30 03:00,0.0
2025-05-30 03:15,0.012373
2025-05-30 03:30,0.000764
2025-05-30 03:45,0.004272
2025-05-30 04:00,0.0
2025-05-30 04:15,0.019783
2025-05-30 04:30,0.0
2025-05-30 04:45,0.0
2025-05-30 05:00,0.018136
2025-05-30 05:15,0.0
2025-05-30 05:30,0.002327
2025-05-30 05:45,0.000692
2025-05-30 06:00,0.002565
2025-05-30 06:15,0.000931
2025-05-30 06:30,0.0
2025-05-30 06:45,0.00241
2025-05-30 07:00,0.018947
2025-05-30 07:15,0.00167
2025-05-30 07:30,0.003579
2025-05-30 07:45,0.0
2025-05-30 08:00,0.0
2025-05-30 08:15,0.0
2025-05-30 08:30,0.018351
2025-05-30 08:45,0.0
2025-05-30 09:00,0.01322
2025-05-30 09:15,0.0
2025-05-30 09:30,0.002243
2025-05-30 09:45,0.00167
2025-05-30 10:00,0.0
2025-05-30 10:15,0.001384
2025-05-30 10:30,0.018947
2025-05-30 10:45,0.0
2025-05-30 11:00,0.0
2025-05-30 11:15,0.037799
2025-05-30 11:30,0.0
2025-05-30 11:45,0.066722
2025-05-30 12:00,0.018971
2025-05-30 12:15,0.087602
2025-05-30 12:30,0.123659
2025-05-30 12:45,0.039523
2025-05-30 13:00,0.070158
2025-05-30 13:15,0.095513
2025-05-30 13:30,0.138944
2025-05-30 13:45,0.02761
2025-05-30 14:00,0.102397
2025-05-30 14:15,0.059348
2025-05-30 14:30,0.11761
2025-05-30 14:45,0.151591
2025-05-30 15:00,0.205987
2025-05-30 15:15,0.126845
2025-05-30 15:30,0.304375
2025-05-30 15:45,0.367684
2025-05-30 16:00,0.047178
2025-05-30 16:15,0.245362
2025-05-30 16:30,0.071542
2025-05-30 16:45,0.113887
2025-05-30 17:00,0.035544
2025-05-30 17:15,0.133455
2025-05-30 17:30,0.118827
2025-05-30 17:45,0.16777
2025-05-30 18:00,0.094988
2025-05-30 18:15,0.115689
2025-05-30 18:30,0.092876
2025-05-30 18:45,0.11057
2025-05-30 19:00,0.07777
2025-05-30 19:15,0.084559
2025-05-30 19:30,0.249896
2025-05-30 19:45,0.14096
2025-05-30 20:00,0.233645
2025-05-30 20:15,0.086289
2025-05-30 20:30,0.079524
2025-05-30 20:45,0.138705
2025-05-30 21:00,0.019783
2025-05-30 21:15,0.0
2025-05-30 21:30,0.008662
2025-05-30 21:45,0.000764
2025-05-30 22:00,0.0
2025-05-30 22:15,0.0
2025-05-30 22:30,0.0
2025-05-30 22:45,0.00167
2025-05-30 23:00,0.033361
2025-05-30 23:15,0.018112
2025-05-30 23:30,0.017516
2025-05-30 23:45,0.00167
2025-05-31 00:00,0.0
2025-05-31 00:15,0.0
2025-05-31 00:30,0.0
2025-05-31 00:45,0.033361
2025-05-31 01:00,0.000931
2025-05-31 01:15,0.009331
2025-05-31 01:30,0.001599
2025-05-31 01:45,0.003818
2025-05-31 02:00,0.0
2025-05-31 02:15,0.00167
2025-05-31 02:30,0.0
2025-05-31 02:45,0.0
2025-05-31 03:00,0.0
2025-05-31 03:15,0.0
2025-05-31 03:30,0.0
2025-05-31 03:45,0.0
2025-05-31 04:00,0.001861
2025-05-31 04:15,0.036749
2025-05-31 04:30,0.0
2025-05-31 04:45,0.0
2025-05-31 05:00,0.001122
2025-05-31 05:15,0.001122
2025-05-31 05:30,0.0
2025-05-31 05:45,0.0
2025-05-31 06:00,0.073869
2025-05-31 06:15,0.0
2025-05-31 06:30,0.006861
2025-05-31 06:45,0.001861
2025-05-31 07:00,0.018924
2025-05-31 07:15,0.037346
2025-05-31 07:30,0.018112
2025-05-31 07:45,0.0
2025-05-31 08:00,0.004916
2025-05-31 08:15,0.01668
2025-05-31 08:30,0.001122
2025-05-31 08:45,0.000835
2025-05-31 09:00,0.026226
2025-05-31 09:15,0.002243
2025-05-31 09:30,0.001814
2025-05-31 09:45,0.0
2025-05-31 10:00,0.000764
2025-05-31 10:15,0.000835
2025-05-31 10:30,0.033361
2025-05-31 10:45,0.016036
2025-05-31 11:00,0.0
2025-05-31 11:15,0.00173
2025-05-31 11:30,0.003747
2025-05-31 11:45,0.00167
2025-05-31 12:00,0.008567
2025-05-31 12:15,0.003186
2025-05-31 12:30,0.0
2025-05-31 12:45,0.024197
2025-05-31 13:00,0.001122
2025-05-31 13:15,0.0
2025-05-31 13:30,0.00389
2025-05-31 13:45,0.0
2025-05-31 14:00,0.002219
2025-05-31 14:15,0.003747
2025-05-31 14:30,0.000835
2025-05-31 14:45,0.005906
2025-05-31 15:00,0.001336
2025-05-31 15:15,0.0
2025-05-31 15:30,0.035962
2025-05-31 15:45,0.036224
2025-05-31 16:00,0.002983
2025-05-31 16:15,0.0
2025-05-31 16:30,0.00167
2025-05-31 16:45,0.0
2025-05-31 17:00,0.0
2025-05-31 17:15,0.02131
2025-05-31 17:30,0.006634
2025-05-31 17:45,0.033361
2025-05-31 18:00,0.000787
2025-05-31 18:15,0.001122
2025-05-31 18:30,0.0
2025-05-31 18:45,0.033361
2025-05-31 19:00,0.018112
2025-05-31 19:15,0.002243
2025-05-31 19:30,0.036224
2025-05-31 19:45,0.003078
2025-05-31 20:00,0.0
2025-05-31 20:15,0.0
2025-05-31 20:30,0.0
2025-05-31 20:45,0.002887
2025-05-31 21:00,0.00167
2025-05-31 21:15,0.002482
2025-05-31 21:30,0.035556
2025-05-31 21:45,0.000835
2025-05-31 22:00,0.0
2025-05-31 22:15,0.0
2025-05-31 22:30,0.0
2025-05-31 22:45,0.000835
2025-05-31 23:00,0.0
2025-05-31 23:15,0.027037
2025-05-31 23:30,0.055172
2025-05-31 23:45,0.0
2025-06-01 00:00,0.040937
2025-06-01 00:15,0.000835
2025-06-01 00:30,0.035604
2025-06-01 00:45,0.0
2025-06-01 01:00,0.00167
2025-06-01 01:15,0.008949
2025-06-01 01:30,0.000835
2025-06-01 01:45,0.000835
2025-06-01 02:00,0.0
2025-06-01 02:15,0.037107
2025-06-01 02:30,0.033361
2025-06-01 02:45,0.0
2025-06-01 03:00,0.0
2025-06-01 03:15,0.000835
2025-06-01 03:30,0.012934
2025-06-01 03:45,0.036224
2025-06-01 04:00,0.0
2025-06-01 04:15,0.0
2025-06-01 04:30,0.037895
2025-06-01 04:45,0.0
2025-06-01 05:00,0.03706
2025-06-01 05:15,0.000835
2025-06-01 05:30,0.0
2025-06-01 05:45,0.000764
2025-06-01 06:00,0.00167
2025-06-01 06:15,0.002243
2025-06-01 06:30,0.0
2025-06-01 06:45,0.033361
2025-06-01 07:00,0.000931
2025-06-01 07:15,0.001861
2025-06-01 07:30,0.0
2025-06-01 07:45,0.001444
2025-06-01 08:00,0.0
2025-06-01 08:15,0.001122
2025-06-01 08:30,0.003914
2025-06-01 08:45,0.00167
2025-06-01 09:00,0.0
2025-06-01 09:15,0.003747
2025-06-01 09:30,0.00167
2025-06-01 09:45,0.000835
2025-06-01 10:00,0.0
2025-06-01 10:15,0.035604
2025-06-01 10:30,0.00167
2025-06-01 10:45,0.001122
2025-06-01 11:00,0.000835
2025-06-01 11:15,0.001122
2025-06-01 11:30,0.000835
2025-06-01 11:45,0.0
2025-06-01 12:00,0.0
2025-06-01 12:15,0.0
2025-06-01 12:30,0.001122
2025-06-01 12:45,0.001527
2025-06-01 13:00,0.001527
2025-06-01 13:15,0.026226
2025-06-01 13:30,0.002243
2025-06-01 13:45,0.0
2025-06-01 14:00,0.005405
2025-06-01 14:15,0.003639
2025-06-01 14:30,0.003126
2025-06-01 14:45,0.067676
2025-06-01 15:00,0.002243
2025-06-01 15:15,0.034315
2025-06-01 15:30,0.0
2025-06-01 15:45,0.0
2025-06-01 16:00,0.026226
2025-06-01 16:15,0.036224
2025-06-01 16:30,0.000764
2025-06-01 16:45,0.01668
2025-06-01 17:00,0.002625
2025-06-01 17:15,0.000835
2025-06-01 17:30,0.033361
2025-06-01 17:45,0.000835
2025-06-01 18:00,0.0
2025-06-01 18:15,0.008543
2025-06-01 18:30,0.001444
2025-06-01 18:45,0.002052
2025-06-01 19:00,0.0
2025-06-01 19:15,0.016382
2025-06-01 19:30,0.001444
2025-06-01 19:45,0.003436
2025-06-01 20:00,0.001384
2025-06-01 20:15,0.00111
2025-06-01 20:30,0.001205
2025-06-01 20:45,0.001444
2025-06-01 21:00,0.001122
2025-06-01 21:15,0.019974
2025-06-01 21:30,0.003914
2025-06-01 21:45,0.0
2025-06-01 22:00,0.0
2025-06-01 22:15,0.0
2025-06-01 22:30,0.003365
2025-06-01 22:45,0.002243
2025-06-01 23:00,0.00167
2025-06-01 23:15,0.001444
2025-06-01 23:30,0.046832
2025-06-01 23:45,0.000692
2025-06-02 00:00,0.034745
2025-06-02 00:15,0.0
2025-06-02 00:30,0.013471
2025-06-02 00:45,0.0
2025-06-02 01:00,0.0
2025-06-02 01:15,0.014867
2025-06-02 01:30,0.0
2025-06-02 01:45,0.0
2025-06-02 02:00,0.0042
2025-06-02 02:15,0.003949
2025-06-02 02:30,0.0
2025-06-02 02:45,0.003914
2025-06-02 03:00,0.0
2025-06-02 03:15,0.062211
2025-06-02 03:30,0.00167
2025-06-02 03:45,0.0
2025-06-02 04:00,0.0
2025-06-02 04:15,0.018279
2025-06-02 04:30,0.001384
2025-06-02 04:45,0.0
2025-06-02 05:00,0.0
2025-06-02 05:15,0.0
2025-06-02 05:30,0.0
2025-06-02 05:45,0.0
2025-06-02 06:00,0.018112
2025-06-02 06:15,0.002243
2025-06-02 06:30,0.034482
2025-06-02 06:45,0.0
2025-06-02 07:00,0.000764
2025-06-02 07:15,0.0
2025-06-02 07:30,0.000835
2025-06-02 07:45,0.000764
2025-06-02 08:00,0.0
2025-06-02 08:15,0.0
2025-06-02 08:30,0.0
2025-06-02 08:45,0.0
2025-06-02 09:00,0.0
2025-06-02 09:15,0.00556
2025-06-02 09:30,0.01668
2025-06-02 09:45,0.0
2025-06-02 10:00,0.0
2025-06-02 10:15,0.018351
2025-06-02 10:30,0.050041
2025-06-02 10:45,0.0
2025-06-02 11:00,0.003914
2025-06-02 11:15,0.0
2025-06-02 11:30,0.004104
2025-06-02 11:45,0.0
2025-06-02 12:00,0.018088
2025-06-02 12:15,0.077842
2025-06-02 12:30,0.053812
2025-06-02 12:45,0.17765
2025-06-02 13:00,0.23071
2025-06-02 13:15,0.091396
2025-06-02 13:30,0.097947
2025-06-02 13:45,0.157163
2025-06-02 14:00,0.203219
2025-06-02 14:15,0.236652
2025-06-02 14:30,0.20483
2025-06-02 14:45,0.076649
2025-06-02 15:00,0.041713
2025-06-02 15:15,0.174261
2025-06-02 15:30,0.083139
2025-06-02 15:45,0.469879
2025-06-02 16:00,0.182661
2025-06-02 16:15,0.057331
2025-06-02 16:30,0.09624
2025-06-02 16:45,0.023004
2025-06-02 17:00,0.123218
2025-06-02 17:15,0.231115
2025-06-02 17:30,0.149766
2025-06-02 17:45,0.133944
2025-06-02 18:00,0.217621
2025-06-02 18:15,0.427152
2025-06-02 18:30,0.074823
2025-06-02 18:45,0.18247
2025-06-02 19:00,0.132847
2025-06-02 19:15,0.151436
2025-06-02 19:30,0.276587
2025-06-02 19:45,0.260706
2025-06-02 20:00,0.093794
2025-06-02 20:15,0.445968
2025-06-02 20:30,0.019305
2025-06-02 20:45,0.039744
2025-06-02 21:00,0.233788
2025-06-02 21:15,0.073129
2025-06-02 21:30,0.041546
2025-06-02 21:45,0.027156
2025-06-02 22:00,0.017444
2025-06-02 22:15,0.019413
2025-06-02 22:30,0.020141
2025-06-02 22:45,0.011359
2025-06-02 23:00,0.036224
2025-06-02 23:15,0.020546
2025-06-02 23:30,0.01668
2025-06-02 23:45,0.0
2025-06-03 00:00,0.003198
2025-06-03 00:15,0.0
2025-06-03 00:30,0.002243
2025-06-03 00:45,0.0
2025-06-03 01:00,0.0
2025-06-03 01:15,0.002291
2025-06-03 01:30,0.01668
2025-06-03 01:45,0.0
2025-06-03 02:00,0.002625
2025-06-03 02:15,0.0
2025-06-03 02:30,0.0
2025-06-03 02:45,0.0
2025-06-03 03:00,0.001885
2025-06-03 03:15,0.0
2025-06-03 03:30,0.001062
2025-06-03 03:45,0.001122
2025-06-03 04:00,0.0
2025-06-03 04:15,0.0
2025-06-03 04:30,0.0
2025-06-03 04:45,0.0
2025-06-03 05:00,0.001444
2025-06-03 05:15,0.032072
2025-06-03 05:30,0.0
2025-06-03 05:45,0.019783
2025-06-03 06:00,0.019496
2025-06-03 06:15,0.00272
2025-06-03 06:30,0.0
2025-06-03 06:45,0.0
2025-06-03 07:00,0.0
2025-06-03 07:15,0.001885
2025-06-03 07:30,0.002339
2025-06-03 07:45,0.019091
2025-06-03 08:00,0.01668
2025-06-03 08:15,0.001122
2025-06-03 08:30,0.006861
2025-06-03 08:45,0.00167
2025-06-03 09:00,0.023517
2025-06-03 09:15,0.01668
2025-06-03 09:30,0.0
2025-06-03 09:45,0.0
2025-06-03 10:00,0.0
2025-06-03 10:15,0.034793
2025-06-03 10:30,0.0
2025-06-03 10:45,0.004224
2025-06-03 11:00,0.001277
2025-06-03 11:15,0.001444
2025-06-03 11:30,0.000692
2025-06-03 11:45,0.0
2025-06-03 12:00,0.139087
2025-06-03 12:15,0.090036
2025-06-03 12:30,0.087244
2025-06-03 12:45,0.051425
2025-06-03 13:00,0.536696
2025-06-03 13:15,0.18383
2025-06-03 13:30,0.135233
2025-06-03 13:45,0.196651
2025-06-03 14:00,0.305545
2025-06-03 14:15,0.191896
2025-06-03 14:30,0.117729
2025-06-03 14:45,0.247485
2025-06-03 15:00,0.16567
2025-06-03 15:15,0.238238
2025-06-03 15:30,0.200481
2025-06-03 15:45,0.225096
2025-06-03 16:00,0.228192
2025-06-03 16:15,0.096527
2025-06-03 16:30,1.0
2025-06-03 16:45,0.153488
2025-06-03 17:00,0.135388
2025-06-03 17:15,0.056341
2025-06-03 17:30,0.084893
2025-06-03 17:45,0.221725
2025-06-03 18:00,0.061317
2025-06-03 18:15,0.230781
2025-06-03 18:30,0.222411
2025-06-03 18:45,0.162306
2025-06-03 19:00,0.324826
2025-06-03 19:15,0.141533
2025-06-03 19:30,0.101132
2025-06-03 19:45,0.223061
2025-06-03 20:00,0.224052
2025-06-03 20:15,0.18241
2025-06-03 20:30,0.103006
2025-06-03 20:45,0.021167
2025-06-03 21:00,0.019449
2025-06-03 21:15,0.058465
2025-06-03 21:30,0.019759
2025-06-03 21:45,0.00179
2025-06-03 22:00,0.019329
2025-06-03 22:15,0.000835
2025-06-03 22:30,0.1102
2025-06-03 22:45,0.035866
2025-06-03 23:00,0.009032
2025-06-03 23:15,0.025104
2025-06-03 23:30,0.018112
2025-06-03 23:45,0.019305
2025-06-04 00:00,0.001957
2025-06-04 00:00,0.003883
2025-06-04 00:15,0.016954
2025-06-04 00:30,0.0
2025-06-04 00:45,0.0
2025-06-04 01:00,0.004546
2025-06-04 01:15,0.0
2025-06-04 01:30,0.069049
2025-06-04 01:45,0.030973
2025-06-04 02:00,0.0
2025-06-04 02:15,0.0
2025-06-04 02:30,0.0
2025-06-04 02:45,0.001373
2025-06-04 03:00,0.044091
2025-06-04 03:15,0.075347
2025-06-04 03:30,0.0
2025-06-04 03:45,0.039615
2025-06-04 04:00,0.006015
2025-06-04 04:15,0.0
2025-06-04 04:30,0.0
2025-06-04 04:45,0.0
2025-06-04 05:00,0.0
2025-06-04 05:15,0.0
2025-06-04 05:30,0.003694
2025-06-04 05:45,0.0
2025-06-04 06:00,0.033104
2025-06-04 06:15,0.0
2025-06-04 06:30,0.101679
2025-06-04 06:45,0.004452
2025-06-04 07:00,0.066207
2025-06-04 07:15,0.001373
2025-06-04 07:30,0.0
2025-06-04 07:45,0.010182
2025-06-04 08:00,0.059388
2025-06-04 08:15,0.104094
2025-06-04 08:30,0.0
2025-06-04 08:45,0.0
2025-06-04 09:00,0.003315
2025-06-04 09:15,0.002747
2025-06-04 09:30,0.044943
2025-06-04 09:45,0.073264
2025-06-04 10:00,0.0
2025-06-04 10:15,0.0
2025-06-04 10:30,0.001373
2025-06-04 10:45,0.001658
2025-06-04 11:00,0.014871
2025-06-04 11:15,0.002865
2025-06-04 11:30,0.002652
2025-06-04 11:45,0.165518
2025-06-04 12:00,0.077384
2025-06-04 12:15,0.007719
2025-06-04 12:30,0.230163
2025-06-04 12:45,0.275722
2025-06-04 13:00,0.335441
2025-06-04 13:15,0.641211
2025-06-04 13:30,0.341811
2025-06-04 13:45,0.527906
2025-06-04 14:00,0.270181
2025-06-04 14:15,0.522341
2025-06-04 14:30,0.179726
2025-06-04 14:45,0.177003
2025-06-04 15:00,0.31825
2025-06-04 15:15,0.451967
2025-06-04 15:30,0.249011
2025-06-04 15:45,0.289834
2025-06-04 16:00,0.533589
2025-06-04 16:15,0.435391
2025-06-04 16:30,0.499396
2025-06-04 16:45,0.214345
2025-06-04 17:00,0.645
2025-06-04 17:15,0.284672
2025-06-04 17:30,0.140252
2025-06-04 17:45,0.208425
2025-06-04 18:00,0.385972
2025-06-04 18:15,0.239279
2025-06-04 18:30,0.340769
2025-06-04 18:45,0.146598
2025-06-04 19:00,0.412114
2025-06-04 19:15,0.449338
2025-06-04 19:30,0.340177
2025-06-04 19:45,0.346546
2025-06-04 20:00,0.155241
2025-06-04 20:15,0.15974
2025-06-04 20:30,0.165092
2025-06-04 20:45,0.233241
2025-06-04 21:00,0.074874
2025-06-04 21:15,0.036277
2025-06-04 21:30,0.040634
2025-06-04 21:45,0.001658
2025-06-04 22:00,0.017925
2025-06-04 22:15,0.034761
2025-06-04 22:30,0.003315
2025-06-04 22:45,0.035969
2025-06-04 23:00,0.0
2025-06-04 23:15,0.003315
2025-06-04 23:30,0.008193
2025-06-04 23:45,0.158036
2025-06-05 00:00,0.059127
2025-06-05 00:15,0.037555
2025-06-05 00:30,0.0
2025-06-05 00:45,0.055031
2025-06-05 01:00,0.170207
2025-06-05 01:15,0.0
2025-06-05 01:30,0.0
2025-06-05 01:45,0.002107
2025-06-05 02:00,0.0
2025-06-05 02:15,0.033104
2025-06-05 02:30,0.00824
2025-06-05 02:45,0.008098
2025-06-05 03:00,0.073358
2025-06-05 03:15,0.011911
2025-06-05 03:30,0.0
2025-06-05 03:45,0.036419
2025-06-05 04:00,0.0
2025-06-05 04:15,0.001658
2025-06-05 04:30,0.035472
2025-06-05 04:45,0.067865
2025-06-05 05:00,0.023442
2025-06-05 05:15,0.0
2025-06-05 05:30,0.004878
2025-06-05 05:45,0.003031
2025-06-05 06:00,0.00476
2025-06-05 06:15,0.059127
2025-06-05 06:30,0.003031
2025-06-05 06:45,0.01828
2025-06-05 07:00,0.018162
2025-06-05 07:15,0.069712
2025-06-05 07:30,0.053184
2025-06-05 07:45,0.009093
2025-06-05 08:00,0.0
2025-06-05 08:15,0.001658
2025-06-05 08:30,0.001515
2025-06-05 08:45,0.0
2025-06-05 09:00,0.002297
2025-06-05 09:15,0.003315
2025-06-05 09:30,0.0
2025-06-05 09:45,0.068102
2025-06-05 10:00,0.002273
2025-06-05 10:15,0.003694
2025-06-05 10:30,0.0
2025-06-05 10:45,0.0
2025-06-05 11:00,0.143781
2025-06-05 11:15,0.0
2025-06-05 11:30,0.003315
2025-06-05 11:45,0.082072
2025-06-05 12:00,0.1022
2025-06-05 12:15,0.003315
2025-06-05 12:30,1.0
2025-06-05 12:45,0.190097
2025-06-05 13:00,0.1757
2025-06-05 13:15,0.529516
2025-06-05 13:30,0.283275
2025-06-05 13:45,0.329142
2025-06-05 14:00,0.184343
2025-06-05 14:15,0.616088
2025-06-05 14:30,0.328597
2025-06-05 14:45,0.517014
2025-06-05 15:00,0.518505
2025-06-05 15:15,0.39426
2025-06-05 15:30,0.450309
2025-06-05 15:45,0.417632
2025-06-05 16:00,0.289977
2025-06-05 16:15,0.137944
2025-06-05 16:30,0.173522
2025-06-05 16:45,0.290261
2025-06-05 17:00,0.089745
2025-06-05 17:15,0.662168
2025-06-05 17:30,0.170041
2025-06-05 17:45,0.231939
2025-06-05 18:00,0.551491
2025-06-05 18:15,0.35841
2025-06-05 18:30,0.398925
2025-06-05 18:45,0.51017
2025-06-05 19:00,0.498307
2025-06-05 19:15,0.4043
2025-06-05 19:30,0.433307
2025-06-05 19:45,0.145864
2025-06-05 20:00,0.642798
2025-06-05 20:15,0.275864
2025-06-05 20:30,0.035993
2025-06-05 20:45,0.125382
2025-06-05 21:00,0.073974
2025-06-05 21:15,0.137624
2025-06-05 21:30,0.023514
2025-06-05 21:45,0.036845
2025-06-05 22:00,0.071085
2025-06-05 22:15,0.0
2025-06-05 22:30,0.014776
2025-06-05 22:45,0.003599
2025-06-05 23:00,0.0
2025-06-05 23:15,0.004404
2025-06-05 23:30,0.066207
2025-06-05 23:45,0.010798
2025-06-06 00:00,0.0
2025-06-06 00:15,0.0
2025-06-06 00:30,0.160735
2025-06-06 00:45,0.044233
2025-06-06 01:00,0.033104
2025-06-06 01:15,0.0
2025-06-06 01:30,0.025147
2025-06-06 01:45,0.0
2025-06-06 02:00,0.068409
2025-06-06 02:15,0.0
2025-06-06 02:30,0.001373
2025-06-06 02:45,0.040634
2025-06-06 03:00,0.0
2025-06-06 03:15,0.099666
2025-06-06 03:30,0.033104
2025-06-06 03:45,0.005091
2025-06-06 04:00,0.0
2025-06-06 04:15,0.0
2025-06-06 04:30,0.034477
2025-06-06 04:45,0.002226
2025-06-06 05:00,0.050105
2025-06-06 05:15,0.066207
2025-06-06 05:30,0.0
2025-06-06 05:45,0.00753
2025-06-06 06:00,0.001658
2025-06-06 06:15,0.0
2025-06-06 06:30,0.0
2025-06-06 06:45,0.066207
2025-06-06 07:00,0.040728
2025-06-06 07:15,0.033104
2025-06-06 07:30,0.009472
2025-06-06 07:45,0.003315
2025-06-06 08:00,0.033104
2025-06-06 08:15,0.0
2025-06-06 08:30,0.052047
2025-06-06 08:45,0.033104
2025-06-06 09:00,0.037366
2025-06-06 09:15,0.024911
2025-06-06 09:30,0.033104
2025-06-06 09:45,0.0
2025-06-06 10:00,0.003552
2025-06-06 10:15,0.068315
2025-06-06 10:30,0.005162
2025-06-06 10:45,0.033104
2025-06-06 11:00,0.043783
2025-06-06 11:15,0.027539
2025-06-06 11:30,0.004452
2025-06-06 11:45,0.003315
2025-06-06 12:00,0.097535
2025-06-06 12:15,0.037934
2025-06-06 12:30,0.207431
2025-06-06 12:45,0.17634
2025-06-06 13:00,0.380502
2025-06-06 13:15,0.202032
2025-06-06 13:30,0.110298
2025-06-06 13:45,0.293765
2025-06-06 14:00,0.176269
2025-06-06 14:15,0.217423
2025-06-06 14:30,0.161777
2025-06-06 14:45,0.37186
2025-06-06 15:00,0.408491
2025-06-06 15:15,0.116005
2025-06-06 15:30,0.249532
2025-06-06 15:45,0.186995
2025-06-06 16:00,0.433378
2025-06-06 16:15,0.143165
2025-06-06 16:30,0.47638
2025-06-06 16:45,0.263172
2025-06-06 17:00,0.302479
2025-06-06 17:15,0.585281
2025-06-06 17:30,0.087045
2025-06-06 17:45,0.06867
2025-06-06 18:00,0.172125
2025-06-06 18:15,0.14217
2025-06-06 18:30,0.311027
2025-06-06 18:45,0.237929
2025-06-06 19:00,0.21972
2025-06-06 19:15,0.312353
2025-06-06 19:30,0.147333
2025-06-06 19:45,0.163955
2025-06-06 20:00,0.134901
2025-06-06 20:15,0.221567
2025-06-06 20:30,0.319812
2025-06-06 20:45,0.047003
2025-06-06 21:00,0.057541
2025-06-06 21:15,0.120646
2025-06-06 21:30,0.06938
2025-06-06 21:45,0.0
2025-06-06 22:00,0.0
2025-06-06 22:15,0.001373
2025-06-06 22:30,0.035329
2025-06-06 22:45,0.041107
2025-06-06 23:00,0.00843
2025-06-06 23:15,0.008572
2025-06-06 23:30,0.017831
2025-06-06 23:45,0.0
2025-06-07 00:00,0.026024
2025-06-07 00:15,0.043262
2025-06-07 00:30,0.004452
2025-06-07 00:45,0.0
2025-06-07 01:00,0.001515
2025-06-07 01:15,0.035401
2025-06-07 01:30,0.0
2025-06-07 01:45,0.0
2025-06-07 02:00,0.035945
2025-06-07 02:15,0.033104
2025-06-07 02:30,0.0
2025-06-07 02:45,0.047359
2025-06-07 03:00,0.005967
2025-06-07 03:15,0.0
2025-06-07 03:30,0.066207
2025-06-07 03:45,0.001515
2025-06-07 04:00,0.00367
2025-06-07 04:15,0.011129
2025-06-07 04:30,0.0
2025-06-07 04:45,0.0
2025-06-07 05:00,0.0
2025-06-07 05:15,0.035211
2025-06-07 05:30,0.062442
2025-06-07 05:45,0.0
2025-06-07 06:00,0.0
2025-06-07 06:15,0.033104
2025-06-07 06:30,0.034761
2025-06-07 06:45,0.001847
2025-06-07 07:00,0.001515
2025-06-07 07:15,0.001515
2025-06-07 07:30,0.002865
2025-06-07 07:45,0.0
2025-06-07 08:00,0.0
2025-06-07 08:15,0.033104
2025-06-07 08:30,0.001373
2025-06-07 08:45,0.005541
2025-06-07 09:00,0.059719
2025-06-07 09:15,0.032796
2025-06-07 09:30,0.033104
2025-06-07 09:45,0.001515
2025-06-07 10:00,0.004025
2025-06-07 10:15,0.0
2025-06-07 10:30,0.018778
2025-06-07 10:45,0.003315
2025-06-07 11:00,0.0
2025-06-07 11:15,0.0
2025-06-07 11:30,0.01802
2025-06-07 11:45,0.005399
2025-06-07 12:00,0.044399
2025-06-07 12:15,0.002226
2025-06-07 12:30,0.033861
2025-06-07 12:45,0.0
2025-06-07 13:00,0.002226
2025-06-07 13:15,0.0
2025-06-07 13:30,0.002226
2025-06-07 13:45,0.045062
2025-06-07 14:00,0.0
2025-06-07 14:15,0.066207
2025-06-07 14:30,0.002226
2025-06-07 14:45,0.0
2025-06-07 15:00,0.0
2025-06-07 15:15,0.068102
2025-06-07 15:30,0.003315
2025-06-07 15:45,0.011721
2025-06-07 16:00,0.002747
2025-06-07 16:15,0.046056
2025-06-07 16:30,0.047737
2025-06-07 16:45,0.0
2025-06-07 17:00,0.0
2025-06-07 17:15,0.007435
2025-06-07 17:30,0.066207
2025-06-07 17:45,0.0
2025-06-07 18:00,0.034761
2025-06-07 18:15,0.0
2025-06-07 18:30,0.0
2025-06-07 18:45,0.028912
2025-06-07 19:00,0.002202
2025-06-07 19:15,0.0
2025-06-07 19:30,0.036135
2025-06-07 19:45,0.035945
2025-06-07 20:00,0.071796
2025-06-07 20:15,0.036419
2025-06-07 20:30,0.012219
2025-06-07 20:45,0.033104
2025-06-07 21:00,0.037555
2025-06-07 21:15,0.071251
2025-06-07 21:30,0.035945
2025-06-07 21:45,0.007435
2025-06-07 22:00,0.001515
2025-06-07 22:15,0.0
2025-06-07 22:30,0.0
2025-06-07 22:45,0.0
2025-06-07 23:00,0.0
2025-06-07 23:15,0.00277
2025-06-07 23:30,0.001658
2025-06-07 23:45,0.003315
2025-06-08 00:00,0.0
2025-06-08 00:15,0.068433
2025-06-08 00:30,0.06545
2025-06-08 00:45,0.0
2025-06-08 01:00,0.007435
2025-06-08 01:15,0.0
2025-06-08 01:30,0.0
2025-06-08 01:45,0.081078
2025-06-08 02:00,0.068433
2025-06-08 02:15,0.001658
2025-06-08 02:30,0.003031
2025-06-08 02:45,0.067865
2025-06-08 03:00,0.004404
2025-06-08 03:15,0.126447
2025-06-08 03:30,0.0
2025-06-08 03:45,0.0
2025-06-08 04:00,0.0
2025-06-08 04:15,0.003315
2025-06-08 04:30,0.039118
2025-06-08 04:45,0.003031
2025-06-08 05:00,0.0
2025-06-08 05:15,0.033104
2025-06-08 05:30,0.0
2025-06-08 05:45,0.01963
2025-06-08 06:00,0.017191
2025-06-08 06:15,0.007435
2025-06-08 06:30,0.001658
2025-06-08 06:45,0.013639
2025-06-08 07:00,0.0
2025-06-08 07:15,0.067865
2025-06-08 07:30,0.001658
2025-06-08 07:45,0.068102
2025-06-08 08:00,0.0
2025-06-08 08:15,0.0
2025-06-08 08:30,0.072269
2025-06-08 08:45,0.033104
2025-06-08 09:00,0.0
2025-06-08 09:15,0.018612
2025-06-08 09:30,0.066207
2025-06-08 09:45,0.014444
2025-06-08 10:00,0.0
2025-06-08 10:15,0.0
2025-06-08 10:30,0.0
2025-06-08 10:45,0.066207
2025-06-08 11:00,0.0
2025-06-08 11:15,0.066207
2025-06-08 11:30,0.007767
2025-06-08 11:45,0.017759
2025-06-08 12:00,0.066207
2025-06-08 12:15,0.003315
2025-06-08 12:30,0.0
2025-06-08 12:45,0.003883
2025-06-08 13:00,0.007767
2025-06-08 13:15,0.003031
2025-06-08 13:30,0.049016
2025-06-08 13:45,0.066207
2025-06-08 14:00,0.0
2025-06-08 14:15,0.07189
2025-06-08 14:30,0.0
2025-06-08 14:45,0.002747
2025-06-08 15:00,0.0
2025-06-08 15:15,0.0
2025-06-08 15:30,0.003315
2025-06-08 15:45,0.153963
2025-06-08 16:00,0.002747
2025-06-08 16:15,0.0
2025-06-08 16:30,0.066207
2025-06-08 16:45,0.003315
2025-06-08 17:00,0.066207
2025-06-08 17:15,0.132415
2025-06-08 17:30,0.029836
2025-06-08 17:45,0.066207
2025-06-08 18:00,0.003173
2025-06-08 18:15,0.0
2025-06-08 18:30,0.010964
2025-06-08 18:45,0.019938
2025-06-08 19:00,0.132415
2025-06-08 19:15,0.13573
2025-06-08 19:30,0.001847
2025-06-08 19:45,0.044233
2025-06-08 20:00,0.069072
2025-06-08 20:15,0.173948
2025-06-08 20:30,0.069522
2025-06-08 20:45,0.132415
2025-06-08 21:00,0.005352
2025-06-08 21:15,0.061542
2025-06-08 21:30,0.0
2025-06-08 21:45,0.039781
2025-06-08 22:00,0.039331
2025-06-08 22:15,0.005565
2025-06-08 22:30,0.046009
2025-06-08 22:45,0.060193
2025-06-08 23:00,0.033104
2025-06-08 23:15,0.0
2025-06-08 23:30,0.035945
2025-06-08 23:45,0.0
2025-06-09 00:00,0.102058
2025-06-09 00:15,0.0
2025-06-09 00:30,0.014871
2025-06-09 00:45,0.034051
2025-06-09 01:00,0.035377
2025-06-09 01:15,0.009472
2025-06-09 01:30,0.0
2025-06-09 01:45,0.001515
2025-06-09 02:00,0.011319
2025-06-09 02:15,0.015534
2025-06-09 02:30,0.0
2025-06-09 02:45,0.0
2025-06-09 03:00,0.038076
2025-06-09 03:15,0.100968
2025-06-09 03:30,0.033104
2025-06-09 03:45,0.033104
2025-06-09 04:00,0.0
2025-06-09 04:15,0.003741
2025-06-09 04:30,0.0
2025-06-09 04:45,0.033104
2025-06-09 05:00,0.0
2025-06-09 05:15,0.11063
2025-06-09 05:30,0.0
2025-06-09 05:45,0.066207
2025-06-09 06:00,0.007767
2025-06-09 06:15,0.008927
2025-06-09 06:30,0.0
2025-06-09 06:45,0.0
2025-06-09 07:00,0.033104
2025-06-09 07:15,0.033104
2025-06-09 07:30,0.0
2025-06-09 07:45,0.066207
2025-06-09 08:00,0.002226
2025-06-09 08:15,0.0
2025-06-09 08:30,0.005446
2025-06-09 08:45,0.0
2025-06-09 09:00,0.0
2025-06-09 09:15,0.069522
2025-06-09 09:30,0.001658
2025-06-09 09:45,0.003315
2025-06-09 10:00,0.033104
2025-06-09 10:15,0.040586
2025-06-09 10:30,0.004973
2025-06-09 10:45,0.033104
2025-06-09 11:00,0.033104
2025-06-09 11:15,0.005233
2025-06-09 11:30,0.104994
2025-06-09 11:45,0.033104
2025-06-09 12:00,0.171296
2025-06-09 12:15,0.440719
2025-06-09 12:30,0.040918
2025-06-09 12:45,0.143923
2025-06-09 13:00,0.208283
2025-06-09 13:15,0.231299
2025-06-09 13:30,0.261467
2025-06-09 13:45,0.374488
2025-06-09 14:00,0.280529
2025-06-09 14:15,0.184391
2025-06-09 14:30,0.378727
2025-06-09 14:45,0.407663
2025-06-09 15:00,0.340532
2025-06-09 15:15,0.361062
2025-06-09 15:30,0.316734
2025-06-09 15:45,0.786413
2025-06-09 16:00,0.48211
2025-06-09 16:15,0.252137
2025-06-09 16:30,0.264498
2025-06-09 16:45,0.551775
2025-06-09 17:00,0.417253
2025-06-09 17:15,0.445668
2025-06-09 17:30,0.222988
2025-06-09 17:45,0.252421
2025-06-09 18:00,0.044162
2025-06-09 18:15,0.719211
2025-06-09 18:30,0.515948
2025-06-09 18:45,0.245365
2025-06-09 19:00,0.441642
2025-06-09 19:15,0.473988
2025-06-09 19:30,0.22699
2025-06-09 19:45,0.274609
2025-06-09 20:00,0.301579
2025-06-09 20:15,0.4545
2025-06-09 20:30,0.205678
2025-06-09 20:45,0.125832
2025-06-09 21:00,0.151571
2025-06-09 21:15,0.092302
2025-06-09 21:30,0.049442
2025-06-09 21:45,0.021146
2025-06-09 22:00,0.066207
2025-06-09 22:15,0.108025
2025-06-09 22:30,0.076531
2025-06-09 22:45,0.068315
2025-06-09 23:00,0.0
2025-06-09 23:15,0.0
2025-06-09 23:30,0.069238
2025-06-09 23:45,0.0
2025-06-10 00:00,0.064337
2025-06-10 00:15,0.0
2025-06-10 00:30,0.001515
2025-06-10 00:45,0.004831
2025-06-10 01:00,0.003315
2025-06-10 01:15,0.001373
2025-06-10 01:30,0.033104
2025-06-10 01:45,0.066207
2025-06-10 02:00,0.033104
2025-06-10 02:15,0.003031
2025-06-10 02:30,0.003244
2025-06-10 02:45,0.037319
2025-06-10 03:00,0.003315
2025-06-10 03:15,0.0
2025-06-10 03:30,0.001658
2025-06-10 03:45,0.001515
2025-06-10 04:00,0.0
2025-06-10 04:15,0.0
2025-06-10 04:30,0.001847
2025-06-10 04:45,0.0
2025-06-10 05:00,0.001515
2025-06-10 05:15,0.005091
2025-06-10 05:30,0.004404
2025-06-10 05:45,0.137956
2025-06-10 06:00,0.14056
2025-06-10 06:15,0.132415
2025-06-10 06:30,0.010087
2025-06-10 06:45,0.0
2025-06-10 07:00,0.070612
2025-06-10 07:15,0.13464
2025-06-10 07:30,0.111908
2025-06-10 07:45,0.066207
2025-06-10 08:00,0.067865
2025-06-10 08:15,0.0
2025-06-10 08:30,0.003031
2025-06-10 08:45,0.009188
2025-06-10 09:00,0.070091
2025-06-10 09:15,0.0
2025-06-10 09:30,0.0
2025-06-10 09:45,0.066207
2025-06-10 10:00,0.006749
2025-06-10 10:15,0.066207
2025-06-10 10:30,0.069072
2025-06-10 10:45,0.004452
2025-06-10 11:00,0.002889
2025-06-10 11:15,0.026047
2025-06-10 11:30,0.033104
2025-06-10 11:45,0.034619
2025-06-10 12:00,0.122753
2025-06-10 12:15,0.008548
2025-06-10 12:30,0.126945
2025-06-10 12:45,0.194644
2025-06-10 13:00,0.287277
2025-06-10 13:15,0.196017
2025-06-10 13:30,0.450238
2025-06-10 13:45,0.681395
2025-06-10 14:00,0.839975
2025-06-10 14:15,0.644219
2025-06-10 14:30,0.395302
2025-06-10 14:45,0.275035
2025-06-10 15:00,0.503658
2025-06-10 15:15,0.45199
2025-06-10 15:30,0.661007
2025-06-10 15:45,0.93545
2025-06-10 16:00,0.21811
2025-06-10 16:15,0.314698
2025-06-10 16:30,0.308446
2025-06-10 16:45,0.274088
2025-06-10 17:00,0.388672
2025-06-10 17:15,0.261703
2025-06-10 17:30,0.365466
2025-06-10 17:45,0.108143
2025-06-10 18:00,0.337004
2025-06-10 18:15,0.590112
2025-06-10 18:30,0.668703
2025-06-10 18:45,0.099121
2025-06-10 19:00,0.089484
2025-06-10 19:15,0.665151
2025-06-10 19:30,0.382278
2025-06-10 19:45,0.371433
2025-06-10 20:00,0.167247
2025-06-10 20:15,0.370676
2025-06-10 20:30,0.222964
2025-06-10 20:45,0.034382
2025-06-10 21:00,0.057635
2025-06-10 21:15,0.066207
2025-06-10 21:30,0.0
2025-06-10 21:45,0.093817
2025-06-10 22:00,0.033104
2025-06-10 22:15,0.033104
2025-06-10 22:30,0.072956
2025-06-10 22:45,0.084582
2025-06-10 23:00,0.033104
2025-06-10 23:15,0.028889
2025-06-10 23:30,0.035329
2025-06-10 23:45,0.047216
2025-06-11 00:00,0.003031
2025-06-11 00:00,0.0006
2025-06-11 00:15,0.000441
2025-06-11 00:30,0.006554
2025-06-11 00:45,0.029965
2025-06-11 01:00,0.000933
2025-06-11 01:15,0.006554
2025-06-11 01:30,0.047751
2025-06-11 01:45,0.006741
2025-06-11 02:00,0.022628
2025-06-11 02:15,0.0
2025-06-11 02:30,0.013295
2025-06-11 02:45,0.00196
2025-06-11 03:00,0.00968
2025-06-11 03:15,0.006554
2025-06-11 03:30,0.007754
2025-06-11 03:45,0.001406
2025-06-11 04:00,0.0
2025-06-11 04:15,0.0
2025-06-11 04:30,0.000469
2025-06-11 04:45,0.0006
2025-06-11 05:00,0.006554
2025-06-11 05:15,0.006882
2025-06-11 05:30,0.006554
2025-06-11 05:45,0.019989
2025-06-11 06:00,0.0003
2025-06-11 06:15,0.0
2025-06-11 06:30,0.0
2025-06-11 06:45,0.006994
2025-06-11 07:00,0.00112
2025-06-11 07:15,0.002888
2025-06-11 07:30,0.013951
2025-06-11 07:45,0.006554
2025-06-11 08:00,0.006554
2025-06-11 08:15,0.0
2025-06-11 08:30,0.008869
2025-06-11 08:45,0.014036
2025-06-11 09:00,0.000656
2025-06-11 09:15,0.000628
2025-06-11 09:30,0.0
2025-06-11 09:45,0.0003
2025-06-11 10:00,0.000881
2025-06-11 10:15,0.0
2025-06-11 10:30,0.001256
2025-06-11 10:45,0.000581
2025-06-11 11:00,1.0
2025-06-11 11:15,0.000928
2025-06-11 11:30,0.0
2025-06-11 11:45,0.0
2025-06-11 12:00,0.0
2025-06-11 12:15,0.007946
2025-06-11 12:30,0.026922
2025-06-11 12:45,0.08599
2025-06-11 13:00,0.039988
2025-06-11 13:15,0.061557
2025-06-11 13:30,0.050451
2025-06-11 13:45,0.039355
2025-06-11 14:00,0.038731
2025-06-11 14:15,0.102355
2025-06-11 14:30,0.045651
2025-06-11 14:45,0.032857
2025-06-11 15:00,0.035731
2025-06-11 15:15,0.032689
2025-06-11 15:30,0.050413
2025-06-11 15:45,0.055542
2025-06-11 16:00,0.056826
2025-06-11 16:15,0.08163
2025-06-11 16:30,0.062452
2025-06-11 16:45,0.069648
2025-06-11 17:00,0.032782
2025-06-11 17:15,0.104498
2025-06-11 17:30,0.031371
2025-06-11 17:45,0.084944
2025-06-11 18:00,0.075618
2025-06-11 18:15,0.095633
2025-06-11 18:30,0.078592
2025-06-11 18:45,0.130647
2025-06-11 19:00,0.062475
2025-06-11 19:15,0.108909
2025-06-11 19:30,0.102196
2025-06-11 19:45,0.025165
2025-06-11 20:00,0.06834
2025-06-11 20:15,0.083238
2025-06-11 20:30,0.022249
2025-06-11 20:45,0.020083
2025-06-11 21:00,0.001444
2025-06-11 21:15,0.0
2025-06-11 21:30,0.021433
2025-06-11 21:45,0.014978
2025-06-11 22:00,0.006882
2025-06-11 22:15,0.013239
2025-06-11 22:30,0.002391
2025-06-11 22:45,0.015686
2025-06-11 23:00,0.007154
2025-06-11 23:15,0.005855
2025-06-11 23:30,0.007116
2025-06-11 23:45,0.021452
2025-06-12 00:00,0.013989
2025-06-12 00:15,0.0
2025-06-12 00:30,0.0
2025-06-12 00:45,0.006554
2025-06-12 01:00,0.003385
2025-06-12 01:15,0.0
2025-06-12 01:30,0.0
2025-06-12 01:45,0.0006
2025-06-12 02:00,0.014336
2025-06-12 02:15,0.007463
2025-06-12 02:30,0.040541
2025-06-12 02:45,0.0
2025-06-12 03:00,0.001303
2025-06-12 03:15,0.00271
2025-06-12 03:30,0.001613
2025-06-12 03:45,0.013379
2025-06-12 04:00,0.014232
2025-06-12 04:15,0.0006
2025-06-12 04:30,0.0
2025-06-12 04:45,0.016815
2025-06-12 05:00,0.006038
2025-06-12 05:15,0.021124
2025-06-12 05:30,0.0
2025-06-12 05:45,0.006882
2025-06-12 06:00,0.007416
2025-06-12 06:15,0.015329
2025-06-12 06:30,0.013989
2025-06-12 06:45,0.013989
2025-06-12 07:00,0.007182
2025-06-12 07:15,0.00721
2025-06-12 07:30,0.000328
2025-06-12 07:45,0.0
2025-06-12 08:00,0.000708
2025-06-12 08:15,0.010932
2025-06-12 08:30,0.0
2025-06-12 08:45,0.006554
2025-06-12 09:00,0.013107
2025-06-12 09:15,0.017805
2025-06-12 09:30,0.000328
2025-06-12 09:45,0.006554
2025-06-12 10:00,0.0003
2025-06-12 10:15,0.0003
2025-06-12 10:30,0.000544
2025-06-12 10:45,0.006554
2025-06-12 11:00,0.000881
2025-06-12 11:15,0.00781
2025-06-12 11:30,0.005283
2025-06-12 11:45,0.02719
2025-06-12 12:00,0.014556
2025-06-12 12:15,0.00721
2025-06-12 12:30,0.0
2025-06-12 12:45,0.056648
2025-06-12 13:00,0.057469
2025-06-12 13:15,0.029974
2025-06-12 13:30,0.099702
2025-06-12 13:45,0.049631
2025-06-12 14:00,0.046089
2025-06-12 14:15,0.108384
2025-06-12 14:30,0.078072
2025-06-12 14:45,0.060225
2025-06-12 15:00,0.031324
2025-06-12 15:15,0.042439
2025-06-12 15:30,0.032792
2025-06-12 15:45,0.078845
2025-06-12 16:00,0.057727
2025-06-12 16:15,0.07412
2025-06-12 16:30,0.040977
2025-06-12 16:45,0.08261
2025-06-12 17:00,0.029754
2025-06-12 17:15,0.041131
2025-06-12 17:30,0.023327
2025-06-12 17:45,0.040316
2025-06-12 18:00,0.086548
2025-06-12 18:15,0.088901
2025-06-12 18:30,0.071814
2025-06-12 18:45,0.062949
2025-06-12 19:00,0.074223
2025-06-12 19:15,0.102229
2025-06-12 19:30,0.063493
2025-06-12 19:45,0.068457
2025-06-12 20:00,0.019352
2025-06-12 20:15,0.109059
2025-06-12 20:30,0.081063
2025-06-12 20:45,0.024644
2025-06-12 21:00,0.020477
2025-06-12 21:15,0.0
2025-06-12 21:30,0.0
2025-06-12 21:45,0.014232
2025-06-12 22:00,0.000628
2025-06-12 22:15,0.0
2025-06-12 22:30,0.002067
2025-06-12 22:45,0.0024
2025-06-12 23:00,0.0003
2025-06-12 23:15,0.000722
2025-06-12 23:30,0.003825
2025-06-12 23:45,0.014879
2025-06-13 00:00,0.010463
2025-06-13 00:15,0.007116
2025-06-13 00:30,0.007116
2025-06-13 00:45,0.001313
2025-06-13 01:00,0.001374
2025-06-13 01:15,0.010182
2025-06-13 01:30,0.0
2025-06-13 01:45,0.000656
2025-06-13 02:00,0.000272
2025-06-13 02:15,0.000544
2025-06-13 02:30,0.000656
2025-06-13 02:45,0.0
2025-06-13 03:00,0.000656
2025-06-13 03:15,0.01367
2025-06-13 03:30,0.007998
2025-06-13 03:45,0.0036
2025-06-13 04:00,0.000881
2025-06-13 04:15,0.0
2025-06-13 04:30,0.000656
2025-06-13 04:45,0.0
2025-06-13 05:00,0.0
2025-06-13 05:15,0.000544
2025-06-13 05:30,0.0
2025-06-13 05:45,0.0
2025-06-13 06:00,0.003075
2025-06-13 06:15,0.001781
2025-06-13 06:30,0.000656
2025-06-13 06:45,0.0
2025-06-13 07:00,0.001313
2025-06-13 07:15,0.0
2025-06-13 07:30,0.007998
2025-06-13 07:45,0.000328
2025-06-13 08:00,0.000328
2025-06-13 08:15,0.0
2025-06-13 08:30,0.0
2025-06-13 08:45,0.0003
2025-06-13 09:00,0.006554
2025-06-13 09:15,0.0
2025-06-13 09:30,0.000328
2025-06-13 09:45,0.000656
2025-06-13 10:00,0.000741
2025-06-13 10:15,0.000473
2025-06-13 10:30,0.000272
2025-06-13 10:45,0.0
2025-06-13 11:00,0.013107
2025-06-13 11:15,0.060558
2025-06-13 11:30,0.001791
2025-06-13 11:45,0.027649
2025-06-13 12:00,0.015489
2025-06-13 12:15,0.016764
2025-06-13 12:30,0.003389
2025-06-13 12:45,0.040831
2025-06-13 13:00,0.097517
2025-06-13 13:15,0.061046
2025-06-13 13:30,0.041657
2025-06-13 13:45,0.075231
2025-06-13 14:00,0.05062
2025-06-13 14:15,0.119827
2025-06-13 14:30,0.048641
2025-06-13 14:45,0.096838
2025-06-13 15:00,0.054759
2025-06-13 15:15,0.179171
2025-06-13 15:30,0.083238
2025-06-13 15:45,0.056916
2025-06-13 16:00,0.064559
2025-06-13 16:15,0.052096
2025-06-13 16:30,0.048895
2025-06-13 16:45,0.009648
2025-06-13 17:00,0.078799
2025-06-13 17:15,0.06188
2025-06-13 17:30,0.054173
2025-06-13 17:45,0.039378
2025-06-13 18:00,0.141401
2025-06-13 18:15,0.126481
2025-06-13 18:30,0.031399
2025-06-13 18:45,0.068785
2025-06-13 19:00,0.018287
2025-06-13 19:15,0.078456
2025-06-13 19:30,0.015939
2025-06-13 19:45,0.020617
2025-06-13 20:00,0.013632
2025-06-13 20:15,0.077777
2025-06-13 20:30,0.007454
2025-06-13 20:45,0.015086
2025-06-13 21:00,0.004463
2025-06-13 21:15,0.0
2025-06-13 21:30,0.009076
2025-06-13 21:45,0.015053
2025-06-13 22:00,0.0
2025-06-13 22:15,0.005865
2025-06-13 22:30,0.01487
2025-06-13 22:45,0.008241
2025-06-13 23:00,0.0
2025-06-13 23:15,0.000656
2025-06-13 23:30,0.00729
2025-06-13 23:45,0.000656
2025-06-14 00:00,0.0
2025-06-14 00:15,0.000455
2025-06-14 00:30,0.0
2025-06-14 00:45,0.021499
2025-06-14 01:00,0.016558
2025-06-14 01:15,0.002203
2025-06-14 01:30,0.001777
2025-06-14 01:45,0.0
2025-06-14 02:00,0.000717
2025-06-14 02:15,0.0006
2025-06-14 02:30,0.006554
2025-06-14 02:45,0.000366
2025-06-14 03:00,0.0
2025-06-14 03:15,0.0
2025-06-14 03:30,0.000328
2025-06-14 03:45,0.0
2025-06-14 04:00,0.000441
2025-06-14 04:15,0.0
2025-06-14 04:30,0.0
2025-06-14 04:45,0.0
2025-06-14 05:00,0.0
2025-06-14 05:15,0.006741
2025-06-14 05:30,0.000328
2025-06-14 05:45,0.0
2025-06-14 06:00,0.000441
2025-06-14 06:15,0.000544
2025-06-14 06:30,0.006882
2025-06-14 06:45,0.000881
2025-06-14 07:00,0.000328
2025-06-14 07:15,0.000366
2025-06-14 07:30,0.000328
2025-06-14 07:45,0.0
2025-06-14 08:00,0.000755
2025-06-14 08:15,0.0
2025-06-14 08:30,0.0
2025-06-14 08:45,0.0
2025-06-14 09:00,0.000328
2025-06-14 09:15,0.001472
2025-06-14 09:30,0.000441
2025-06-14 09:45,0.003155
2025-06-14 10:00,0.008968
2025-06-14 10:15,0.0
2025-06-14 10:30,0.005841
2025-06-14 10:45,0.0
2025-06-14 11:00,0.000328
2025-06-14 11:15,0.000328
2025-06-14 11:30,0.0
2025-06-14 11:45,0.0
2025-06-14 12:00,0.003994
2025-06-14 12:15,0.008063
2025-06-14 12:30,0.0
2025-06-14 12:45,0.001284
2025-06-14 13:00,0.006685
2025-06-14 13:15,0.000656
2025-06-14 13:30,0.000769
2025-06-14 13:45,0.0
2025-06-14 14:00,0.0
2025-06-14 14:15,0.002128
2025-06-14 14:30,0.000441
2025-06-14 14:45,0.0
2025-06-14 15:00,0.001458
2025-06-14 15:15,0.0
2025-06-14 15:30,0.000441
2025-06-14 15:45,0.0
2025-06-14 16:00,0.0
2025-06-14 16:15,0.000473
2025-06-14 16:30,0.000441
2025-06-14 16:45,0.0003
2025-06-14 17:00,0.0
2025-06-14 17:15,0.002231
2025-06-14 17:30,0.000881
2025-06-14 17:45,0.0
2025-06-14 18:00,0.000328
2025-06-14 18:15,0.007116
2025-06-14 18:30,0.007388
2025-06-14 18:45,0.000881
2025-06-14 19:00,0.0
2025-06-14 19:15,0.0
2025-06-14 19:30,0.000881
2025-06-14 19:45,0.000656
2025-06-14 20:00,0.0
2025-06-14 20:15,0.003089
2025-06-14 20:30,0.000881
2025-06-14 20:45,0.0
2025-06-14 21:00,0.0
2025-06-14 21:15,0.0006
2025-06-14 21:30,0.00217
2025-06-14 21:45,0.0
2025-06-14 22:00,0.0
2025-06-14 22:15,0.005152
2025-06-14 22:30,0.0
2025-06-14 22:45,0.007116
2025-06-14 23:00,0.000328
2025-06-14 23:15,0.0
2025-06-14 23:30,0.00068
2025-06-14 23:45,0.0
2025-06-15 00:00,0.000656
2025-06-15 00:15,0.0
2025-06-15 00:30,0.0
2025-06-15 00:45,0.0
2025-06-15 01:00,0.0
2025-06-15 01:15,0.0
2025-06-15 01:30,0.003357
2025-06-15 01:45,0.0
2025-06-15 02:00,0.0
2025-06-15 02:15,0.0
2025-06-15 02:30,0.0
2025-06-15 02:45,0.0
2025-06-15 03:00,0.0
2025-06-15 03:15,0.001978
2025-06-15 03:30,0.013482
2025-06-15 03:45,0.0
2025-06-15 04:00,0.0
2025-06-15 04:15,0.0
2025-06-15 04:30,0.0
2025-06-15 04:45,0.000441
2025-06-15 05:00,0.0
2025-06-15 05:15,0.0
2025-06-15 05:30,0.0
2025-06-15 05:45,0.0
2025-06-15 06:00,0.001477
2025-06-15 06:15,0.000544
2025-06-15 06:30,0.007055
2025-06-15 06:45,0.001439
2025-06-15 07:00,0.001313
2025-06-15 07:15,0.000441
2025-06-15 07:30,0.0006
2025-06-15 07:45,0.000441
2025-06-15 08:00,0.001472
2025-06-15 08:15,0.0
2025-06-15 08:30,0.000656
2025-06-15 08:45,0.0
2025-06-15 09:00,0.0
2025-06-15 09:15,0.0
2025-06-15 09:30,0.0
2025-06-15 09:45,0.010585
2025-06-15 10:00,0.0
2025-06-15 10:15,0.000441
2025-06-15 10:30,0.005372
2025-06-15 10:45,0.0
2025-06-15 11:00,0.0
2025-06-15 11:15,0.0
2025-06-15 11:30,0.0
2025-06-15 11:45,0.0
2025-06-15 12:00,0.007491
2025-06-15 12:15,0.000834
2025-06-15 12:30,0.0
2025-06-15 12:45,0.0
2025-06-15 13:00,0.0
2025-06-15 13:15,0.0
2025-06-15 13:30,0.002653
2025-06-15 13:45,0.0
2025-06-15 14:00,0.0
2025-06-15 14:15,0.0
2025-06-15 14:30,0.001209
2025-06-15 14:45,0.0
2025-06-15 15:00,0.000441
2025-06-15 15:15,0.0
2025-06-15 15:30,0.011054
2025-06-15 15:45,0.015704
2025-06-15 16:00,0.0
2025-06-15 16:15,0.0
2025-06-15 16:30,0.0
2025-06-15 16:45,0.000469
2025-06-15 17:00,0.0
2025-06-15 17:15,0.0
2025-06-15 17:30,0.0
2025-06-15 17:45,0.000328
2025-06-15 18:00,0.0
2025-06-15 18:15,0.00157
2025-06-15 18:30,0.0
2025-06-15 18:45,0.0
2025-06-15 19:00,0.001209
2025-06-15 19:15,0.0
2025-06-15 19:30,0.006994
2025-06-15 19:45,0.000272
2025-06-15 20:00,0.0
2025-06-15 20:15,0.000441
2025-06-15 20:30,0.010632
2025-06-15 20:45,0.0
2025-06-15 21:00,0.000881
2025-06-15 21:15,0.0
2025-06-15 21:30,0.005799
2025-06-15 21:45,0.0006
2025-06-15 22:00,0.007116
2025-06-15 22:15,0.000328
2025-06-15 22:30,0.005293
2025-06-15 22:45,0.0
2025-06-15 23:00,0.002452
2025-06-15 23:15,0.00015
2025-06-15 23:30,0.0
2025-06-15 23:45,0.0
2025-06-16 00:00,0.000441
2025-06-16 00:15,0.0
2025-06-16 00:30,0.05678
2025-06-16 00:45,0.0
2025-06-16 01:00,0.006554
2025-06-16 01:15,0.003713
2025-06-16 01:30,0.01502
2025-06-16 01:45,0.000328
2025-06-16 02:00,0.0
2025-06-16 02:15,0.0
2025-06-16 02:30,0.000895
2025-06-16 02:45,0.000328
2025-06-16 03:00,0.0
2025-06-16 03:15,0.0
2025-06-16 03:30,0.000731
2025-06-16 03:45,0.0
2025-06-16 04:00,0.0
2025-06-16 04:15,0.0
2025-06-16 04:30,0.0
2025-06-16 04:45,0.0
2025-06-16 05:00,0.0
2025-06-16 05:15,0.000441
2025-06-16 05:30,0.005297
2025-06-16 05:45,0.0
2025-06-16 06:00,0.000441
2025-06-16 06:15,0.000769
2025-06-16 06:30,0.0
2025-06-16 06:45,0.000881
2025-06-16 07:00,0.0
2025-06-16 07:15,0.0
2025-06-16 07:30,0.000769
2025-06-16 07:45,0.018728
2025-06-16 08:00,0.0
2025-06-16 08:15,0.001228
2025-06-16 08:30,0.001097
2025-06-16 08:45,0.000769
2025-06-16 09:00,0.0
2025-06-16 09:15,0.0
2025-06-16 09:30,0.001997
2025-06-16 09:45,0.000881
2025-06-16 10:00,0.0
2025-06-16 10:15,0.001097
2025-06-16 10:30,0.000731
2025-06-16 10:45,0.002883
2025-06-16 11:00,0.020777
2025-06-16 11:15,0.0003
2025-06-16 11:30,0.007116
2025-06-16 11:45,0.0
2025-06-16 12:00,0.001224
2025-06-16 12:15,0.032914
2025-06-16 12:30,0.037311
2025-06-16 12:45,0.040644
2025-06-16 13:00,0.074437
2025-06-16 13:15,0.097728
2025-06-16 13:30,0.209619
2025-06-16 13:45,0.105473
2025-06-16 14:00,0.053901
2025-06-16 14:15,0.050432
2025-06-16 14:30,0.064993
2025-06-16 14:45,0.051403
2025-06-16 15:00,0.224531
2025-06-16 15:15,0.175376
2025-06-16 15:30,0.104038
2025-06-16 15:45,0.156303
2025-06-16 16:00,0.101305
2025-06-16 16:15,0.107831
2025-06-16 16:30,0.130637
2025-06-16 16:45,0.129376
2025-06-16 17:00,0.093369
2025-06-16 17:15,0.160044
2025-06-16 17:30,0.097911
2025-06-16 17:45,0.093678
2025-06-16 18:00,0.136659
2025-06-16 18:15,0.105116
2025-06-16 18:30,0.132775
2025-06-16 18:45,0.064299
2025-06-16 19:00,0.12714
2025-06-16 19:15,0.172176
2025-06-16 19:30,0.100332
2025-06-16 19:45,0.134767
2025-06-16 20:00,0.071692
2025-06-16 20:15,0.064379
2025-06-16 20:30,0.014907
2025-06-16 20:45,0.007848
2025-06-16 21:00,0.046344
2025-06-16 21:15,0.001369
2025-06-16 21:30,0.015629
2025-06-16 21:45,0.007008
2025-06-16 22:00,0.00901
2025-06-16 22:15,0.002691
2025-06-16 22:30,0.0
2025-06-16 22:45,0.0
2025-06-16 23:00,0.014645
2025-06-16 23:15,0.002269
2025-06-16 23:30,0.0
2025-06-16 23:45,0.015803
2025-06-17 00:00,0.0
2025-06-17 00:15,0.000656
2025-06-17 00:30,0.005185
2025-06-17 00:45,0.013735
2025-06-17 01:00,0.0
2025-06-17 01:15,0.0
2025-06-17 01:30,0.000473
2025-06-17 01:45,0.0
2025-06-17 02:00,0.000328
2025-06-17 02:15,0.0
2025-06-17 02:30,0.0
2025-06-17 02:45,0.0
2025-06-17 03:00,0.0
2025-06-17 03:15,0.0
2025-06-17 03:30,0.0
2025-06-17 03:45,0.000328
2025-06-17 04:00,0.001022
2025-06-17 04:15,0.0
2025-06-17 04:30,0.0
2025-06-17 04:45,0.006033
2025-06-17 05:00,0.0
2025-06-17 05:15,0.000441
2025-06-17 05:30,0.0
2025-06-17 05:45,0.0
2025-06-17 06:00,0.0
2025-06-17 06:15,0.0
2025-06-17 06:30,0.0
2025-06-17 06:45,0.006554
2025-06-17 07:00,0.010585
2025-06-17 07:15,0.0
2025-06-17 07:30,0.0
2025-06-17 07:45,0.000441
2025-06-17 08:00,0.0
2025-06-17 08:15,0.003507
2025-06-17 08:30,0.0
2025-06-17 08:45,0.000328
2025-06-17 09:00,0.001406
2025-06-17 09:15,0.0
2025-06-17 09:30,0.000328
2025-06-17 09:45,0.0
2025-06-17 10:00,0.0
2025-06-17 10:15,0.005293
2025-06-17 10:30,0.0
2025-06-17 10:45,0.006882
2025-06-17 11:00,0.0
2025-06-17 11:15,0.001266
2025-06-17 11:30,0.003783
2025-06-17 11:45,0.0
2025-06-17 12:00,0.0003
2025-06-17 12:15,0.001903
2025-06-17 12:30,0.049157
2025-06-17 12:45,0.02493
2025-06-17 13:00,0.038037
2025-06-17 13:15,0.058177
2025-06-17 13:30,0.101736
2025-06-17 13:45,0.051065
2025-06-17 14:00,0.03905
2025-06-17 14:15,0.094437
2025-06-17 14:30,0.117249
2025-06-17 14:45,0.181548
2025-06-17 15:00,0.073323
2025-06-17 15:15,0.102665
2025-06-17 15:30,0.079085
2025-06-17 15:45,0.113194
2025-06-17 16:00,0.117192
2025-06-17 16:15,0.076342
2025-06-17 16:30,0.056226
2025-06-17 16:45,0.048187
2025-06-17 17:00,0.043447
2025-06-17 17:15,0.032314
2025-06-17 17:30,0.009638
2025-06-17 17:45,0.051351
2025-06-17 18:00,0.060108
2025-06-17 18:15,0.086815
2025-06-17 18:30,0.044938
2025-06-17 18:45,0.037419
2025-06-17 19:00,0.095947
2025-06-17 19:15,0.117577
2025-06-17 19:30,0.059255
2025-06-17 19:45,0.031981
2025-06-17 20:00,0.061285
2025-06-17 20:15,0.049673
2025-06-17 20:30,0.079497
2025-06-17 20:45,0.013407
2025-06-17 21:00,0.006436
2025-06-17 21:15,0.008832
2025-06-17 21:30,0.007688
2025-06-17 21:45,0.0
2025-06-17 22:00,0.0018
2025-06-17 22:15,0.0006
2025-06-17 22:30,0.003985
2025-06-17 22:45,0.0
2025-06-17 23:00,0.014898
2025-06-17 23:15,0.019661
2025-06-17 23:30,0.0
2025-06-17 23:45,0.013482
2025-06-18 00:00,0.000741
2025-06-18 00:00,0.003107
2025-06-18 00:15,0.057297
2025-06-18 00:30,0.038106
2025-06-18 00:45,0.027488
2025-06-18 01:00,0.031499
2025-06-18 01:15,0.002753
2025-06-18 01:30,0.0
2025-06-18 01:45,0.019466
2025-06-18 02:00,0.031381
2025-06-18 02:15,0.0
2025-06-18 02:30,0.004758
2025-06-18 02:45,0.0
2025-06-18 03:00,0.0
2025-06-18 03:15,0.0
2025-06-18 03:30,0.001376
2025-06-18 03:45,0.0
2025-06-18 04:00,0.001848
2025-06-18 04:15,0.0
2025-06-18 04:30,0.027488
2025-06-18 04:45,0.003362
2025-06-18 05:00,0.0
2025-06-18 05:15,0.057336
2025-06-18 05:30,0.0
2025-06-18 05:45,0.006174
2025-06-18 06:00,0.0
2025-06-18 06:15,0.006213
2025-06-18 06:30,0.027488
2025-06-18 06:45,0.028196
2025-06-18 07:00,0.0
2025-06-18 07:15,0.001534
2025-06-18 07:30,0.024834
2025-06-18 07:45,0.006449
2025-06-18 08:00,0.0
2025-06-18 08:15,0.002379
2025-06-18 08:30,0.003697
2025-06-18 08:45,0.002753
2025-06-18 09:00,0.001258
2025-06-18 09:15,0.0
2025-06-18 09:30,0.0
2025-06-18 09:45,0.001258
2025-06-18 10:00,0.0
2025-06-18 10:15,0.006449
2025-06-18 10:30,0.0035
2025-06-18 10:45,0.0
2025-06-18 11:00,0.057336
2025-06-18 11:15,0.001848
2025-06-18 11:30,0.026269
2025-06-18 11:45,0.030556
2025-06-18 12:00,0.005781
2025-06-18 12:15,0.043926
2025-06-18 12:30,0.051162
2025-06-18 12:45,0.326104
2025-06-18 13:00,0.123166
2025-06-18 13:15,0.345491
2025-06-18 13:30,0.485214
2025-06-18 13:45,0.478745
2025-06-18 14:00,0.345
2025-06-18 14:15,0.34618
2025-06-18 14:30,0.283888
2025-06-18 14:45,0.218923
2025-06-18 15:00,0.365115
2025-06-18 15:15,0.369775
2025-06-18 15:30,0.496264
2025-06-18 15:45,0.177435
2025-06-18 16:00,0.356404
2025-06-18 16:15,0.165382
2025-06-18 16:30,0.278226
2025-06-18 16:45,0.314759
2025-06-18 17:00,0.203921
2025-06-18 17:15,0.25172
2025-06-18 17:30,0.278776
2025-06-18 17:45,0.079004
2025-06-18 18:00,0.110405
2025-06-18 18:15,0.314739
2025-06-18 18:30,0.306559
2025-06-18 18:45,0.322388
2025-06-18 19:00,0.191415
2025-06-18 19:15,0.27042
2025-06-18 19:30,0.085965
2025-06-18 19:45,0.31063
2025-06-18 20:00,0.260942
2025-06-18 20:15,0.14859
2025-06-18 20:30,0.41724
2025-06-18 20:45,0.137442
2025-06-18 21:00,0.027488
2025-06-18 21:15,0.099276
2025-06-18 21:30,0.141374
2025-06-18 21:45,0.00114
2025-06-18 22:00,0.018483
2025-06-18 22:15,0.031283
2025-06-18 22:30,0.0
2025-06-18 22:45,0.141374
2025-06-18 23:00,0.005506
2025-06-18 23:15,0.00755
2025-06-18 23:30,0.0
2025-06-18 23:45,0.08276
2025-06-19 00:00,0.002517
2025-06-19 00:15,0.001848
2025-06-19 00:30,0.001534
2025-06-19 00:45,0.002753
2025-06-19 01:00,0.003697
2025-06-19 01:15,0.000629
2025-06-19 01:30,0.006882
2025-06-19 01:45,0.003107
2025-06-19 02:00,0.0
2025-06-19 02:15,0.058123
2025-06-19 02:30,0.0
2025-06-19 02:45,0.0
2025-06-19 03:00,0.0
2025-06-19 03:15,0.0
2025-06-19 03:30,0.003657
2025-06-19 03:45,0.011365
2025-06-19 04:00,0.0
2025-06-19 04:15,0.111782
2025-06-19 04:30,0.0
2025-06-19 04:45,0.0
2025-06-19 05:00,0.0
2025-06-19 05:15,0.001376
2025-06-19 05:30,0.026427
2025-06-19 05:45,0.0
2025-06-19 06:00,0.001534
2025-06-19 06:15,0.0
2025-06-19 06:30,0.003697
2025-06-19 06:45,0.0
2025-06-19 07:00,0.0
2025-06-19 07:15,0.0
2025-06-19 07:30,0.0
2025-06-19 07:45,0.0
2025-06-19 08:00,0.001848
2025-06-19 08:15,0.0
2025-06-19 08:30,0.0
2025-06-19 08:45,0.0
2025-06-19 09:00,0.002851
2025-06-19 09:15,0.0
2025-06-19 09:30,0.0
2025-06-19 09:45,0.0
2025-06-19 10:00,0.0
2025-06-19 10:15,0.009792
2025-06-19 10:30,0.002753
2025-06-19 10:45,0.0
2025-06-19 11:00,0.0
2025-06-19 11:15,0.005682
2025-06-19 11:30,0.003362
2025-06-19 11:45,0.001376
2025-06-19 12:00,0.028865
2025-06-19 12:15,0.088364
2025-06-19 12:30,0.226926
2025-06-19 12:45,0.133902
2025-06-19 13:00,0.498112
2025-06-19 13:15,0.186814
2025-06-19 13:30,0.279346
2025-06-19 13:45,0.274804
2025-06-19 14:00,0.436411
2025-06-19 14:15,0.048527
2025-06-19 14:30,0.152857
2025-06-19 14:45,0.140902
2025-06-19 15:00,0.405187
2025-06-19 15:15,0.31291
2025-06-19 15:30,0.18121
2025-06-19 15:45,0.287172
2025-06-19 16:00,0.05067
2025-06-19 16:15,0.168803
2025-06-19 16:30,0.501888
2025-06-19 16:45,0.256813
2025-06-19 17:00,0.181092
2025-06-19 17:15,0.41203
2025-06-19 17:30,0.292068
2025-06-19 17:45,0.234024
2025-06-19 18:00,0.068583
2025-06-19 18:15,0.208954
2025-06-19 18:30,0.521177
2025-06-19 18:45,0.207165
2025-06-19 19:00,1.0
2025-06-19 19:15,0.110799
2025-06-19 19:30,0.349365
2025-06-19 19:45,0.169551
2025-06-19 20:00,0.198219
2025-06-19 20:15,0.154686
2025-06-19 20:30,0.188171
2025-06-19 20:45,0.117956
2025-06-19 21:00,0.063078
2025-06-19 21:15,0.058634
2025-06-19 21:30,0.054977
2025-06-19 21:45,0.023733
2025-06-19 22:00,0.0
2025-06-19 22:15,0.0
2025-06-19 22:30,0.0
2025-06-19 22:45,0.0
2025-06-19 23:00,0.006174
2025-06-19 23:15,0.054977
2025-06-19 23:30,0.0
2025-06-19 23:45,0.0
2025-06-20 00:00,0.001376
2025-06-20 00:15,0.002753
2025-06-20 00:30,0.0
2025-06-20 00:45,0.0
2025-06-20 01:00,0.004129
2025-06-20 01:15,0.001258
2025-06-20 01:30,0.0
2025-06-20 01:45,0.0
2025-06-20 02:00,0.006882
2025-06-20 02:15,0.043218
2025-06-20 02:30,0.0
2025-06-20 02:45,0.027488
2025-06-20 03:00,0.029848
2025-06-20 03:15,0.0
2025-06-20 03:30,0.0
2025-06-20 03:45,0.001848
2025-06-20 04:00,0.003539
2025-06-20 04:15,0.00523
2025-06-20 04:30,0.001376
2025-06-20 04:45,0.0
2025-06-20 05:00,0.001848
2025-06-20 05:15,0.002104
2025-06-20 05:30,0.0
2025-06-20 05:45,0.00114
2025-06-20 06:00,0.0
2025-06-20 06:15,0.004129
2025-06-20 06:30,0.059696
2025-06-20 06:45,0.014078
2025-06-20 07:00,0.003225
2025-06-20 07:15,0.0
2025-06-20 07:30,0.0
2025-06-20 07:45,0.002753
2025-06-20 08:00,0.0
2025-06-20 08:15,0.003697
2025-06-20 08:30,0.00114
2025-06-20 08:45,0.012899
2025-06-20 09:00,0.001534
2025-06-20 09:15,0.001848
2025-06-20 09:30,0.057926
2025-06-20 09:45,0.0
2025-06-20 10:00,0.0
2025-06-20 10:15,0.0
2025-06-20 10:30,0.0
2025-06-20 10:45,0.0
2025-06-20 11:00,0.0
2025-06-20 11:15,0.00114
2025-06-20 11:30,0.003362
2025-06-20 11:45,0.028865
2025-06-20 12:00,0.003362
2025-06-20 12:15,0.005624
2025-06-20 12:30,0.23546
2025-06-20 12:45,0.128023
2025-06-20 13:00,0.087046
2025-06-20 13:15,0.124956
2025-06-20 13:30,0.220437
2025-06-20 13:45,0.190609
2025-06-20 14:00,0.074364
2025-06-20 14:15,0.311475
2025-06-20 14:30,0.154509
2025-06-20 14:45,0.257069
2025-06-20 15:00,0.26751
2025-06-20 15:15,0.25351
2025-06-20 15:30,0.22435
2025-06-20 15:45,0.140253
2025-06-20 16:00,0.393291
2025-06-20 16:15,0.253883
2025-06-20 16:30,0.065821
2025-06-20 16:45,0.461678
2025-06-20 17:00,0.193794
2025-06-20 17:15,0.220752
2025-06-20 17:30,0.385741
2025-06-20 17:45,0.061917
2025-06-20 18:00,0.455916
2025-06-20 18:15,0.104605
2025-06-20 18:30,0.263282
2025-06-20 18:45,0.265052
2025-06-20 19:00,0.408412
2025-06-20 19:15,0.130579
2025-06-20 19:30,0.251485
2025-06-20 19:45,0.072437
2025-06-20 20:00,0.096838
2025-06-20 20:15,0.181053
2025-06-20 20:30,0.073735
2025-06-20 20:45,0.124504
2025-06-20 21:00,0.196095
2025-06-20 21:15,0.083723
2025-06-20 21:30,0.140529
2025-06-20 21:45,0.02566
2025-06-20 22:00,0.166188
2025-06-20 22:15,0.003697
2025-06-20 22:30,0.03262
2025-06-20 22:45,0.003008
2025-06-20 23:00,0.056235
2025-06-20 23:15,0.004208
2025-06-20 23:30,0.003697
2025-06-20 23:45,0.0
2025-06-21 00:00,0.0
2025-06-21 00:15,0.0
2025-06-21 00:30,0.0
2025-06-21 00:45,0.001376
2025-06-21 01:00,0.001868
2025-06-21 01:15,0.0
2025-06-21 01:30,0.037477
2025-06-21 01:45,0.020764
2025-06-21 02:00,0.0
2025-06-21 02:15,0.124346
2025-06-21 02:30,0.033544
2025-06-21 02:45,0.004955
2025-06-21 03:00,0.124995
2025-06-21 03:15,0.0
2025-06-21 03:30,0.002379
2025-06-21 03:45,0.0
2025-06-21 04:00,0.030241
2025-06-21 04:15,0.001848
2025-06-21 04:30,0.001986
2025-06-21 04:45,0.0
2025-06-21 05:00,0.0
2025-06-21 05:15,0.021157
2025-06-21 05:30,0.001966
2025-06-21 05:45,0.001848
2025-06-21 06:00,0.027488
2025-06-21 06:15,0.0
2025-06-21 06:30,0.048704
2025-06-21 06:45,0.0
2025-06-21 07:00,0.061544
2025-06-21 07:15,0.0
2025-06-21 07:30,0.0
2025-06-21 07:45,0.001376
2025-06-21 08:00,0.029337
2025-06-21 08:15,0.0
2025-06-21 08:30,0.0
2025-06-21 08:45,0.004916
2025-06-21 09:00,0.0035
2025-06-21 09:15,0.0
2025-06-21 09:30,0.0
2025-06-21 09:45,0.0
2025-06-21 10:00,0.002379
2025-06-21 10:15,0.0
2025-06-21 10:30,0.003697
2025-06-21 10:45,0.0
2025-06-21 11:00,0.065437
2025-06-21 11:15,0.002851
2025-06-21 11:30,0.016045
2025-06-21 11:45,0.0
2025-06-21 12:00,0.004837
2025-06-21 12:15,0.0
2025-06-21 12:30,0.0
2025-06-21 12:45,0.138857
2025-06-21 13:00,0.0
2025-06-21 13:15,0.0
2025-06-21 13:30,0.002753
2025-06-21 13:45,0.027882
2025-06-21 14:00,0.0
2025-06-21 14:15,0.0
2025-06-21 14:30,0.0
2025-06-21 14:45,0.0
2025-06-21 15:00,0.0
2025-06-21 15:15,0.009045
2025-06-21 15:30,0.002753
2025-06-21 15:45,0.00755
2025-06-21 16:00,0.029337
2025-06-21 16:15,0.011857
2025-06-21 16:30,0.002517
2025-06-21 16:45,0.043218
2025-06-21 17:00,0.003225
2025-06-21 17:15,0.0
2025-06-21 17:30,0.0
2025-06-21 17:45,0.0
2025-06-21 18:00,0.001848
2025-06-21 18:15,0.0
2025-06-21 18:30,0.0
2025-06-21 18:45,0.003697
2025-06-21 19:00,0.002517
2025-06-21 19:15,0.030654
2025-06-21 19:30,0.0
2025-06-21 19:45,0.0
2025-06-21 20:00,0.003697
2025-06-21 20:15,0.029848
2025-06-21 20:30,0.0
2025-06-21 20:45,0.003697
2025-06-21 21:00,0.064552
2025-06-21 21:15,0.001376
2025-06-21 21:30,0.0
2025-06-21 21:45,0.0
2025-06-21 22:00,0.0
2025-06-21 22:15,0.0
2025-06-21 22:30,0.001848
2025-06-21 22:45,0.006646
2025-06-21 23:00,0.0
2025-06-21 23:15,0.028865
2025-06-21 23:30,0.001986
2025-06-21 23:45,0.0
2025-06-22 00:00,0.002753
2025-06-22 00:15,0.0
2025-06-22 00:30,0.0
2025-06-22 00:45,0.0
2025-06-22 01:00,0.0
2025-06-22 01:15,0.002379
2025-06-22 01:30,0.001848
2025-06-22 01:45,0.012958
2025-06-22 02:00,0.002753
2025-06-22 02:15,0.0
2025-06-22 02:30,0.003697
2025-06-22 02:45,0.0
2025-06-22 03:00,0.001848
2025-06-22 03:15,0.011581
2025-06-22 03:30,0.0
2025-06-22 03:45,0.031696
2025-06-22 04:00,0.0
2025-06-22 04:15,0.054977
2025-06-22 04:30,0.0
2025-06-22 04:45,0.002753
2025-06-22 05:00,0.0
2025-06-22 05:15,0.005958
2025-06-22 05:30,0.0
2025-06-22 05:45,0.007393
2025-06-22 06:00,0.0
2025-06-22 06:15,0.0
2025-06-22 06:30,0.0
2025-06-22 06:45,0.0
2025-06-22 07:00,0.006135
2025-06-22 07:15,0.058359
2025-06-22 07:30,0.0
2025-06-22 07:45,0.0
2025-06-22 08:00,0.0
2025-06-22 08:15,0.003067
2025-06-22 08:30,0.0
2025-06-22 08:45,0.044398
2025-06-22 09:00,0.001376
2025-06-22 09:15,0.0
2025-06-22 09:30,0.001848
2025-06-22 09:45,0.0
2025-06-22 10:00,0.030241
2025-06-22 10:15,0.0
2025-06-22 10:30,0.0
2025-06-22 10:45,0.012309
2025-06-22 11:00,0.0
2025-06-22 11:15,0.030241
2025-06-22 11:30,0.003893
2025-06-22 11:45,0.0
2025-06-22 12:00,0.0
2025-06-22 12:15,0.001376
2025-06-22 12:30,0.003697
2025-06-22 12:45,0.0
2025-06-22 13:00,0.0
2025-06-22 13:15,0.030241
2025-06-22 13:30,0.006174
2025-06-22 13:45,0.001258
2025-06-22 14:00,0.001258
2025-06-22 14:15,0.0
2025-06-22 14:30,0.001848
2025-06-22 14:45,0.089701
2025-06-22 15:00,0.0
2025-06-22 15:15,0.0
2025-06-22 15:30,0.014885
2025-06-22 15:45,0.028275
2025-06-22 16:00,0.0
2025-06-22 16:15,0.0
2025-06-22 16:30,0.005781
2025-06-22 16:45,0.030654
2025-06-22 17:00,0.0
2025-06-22 17:15,0.005191
2025-06-22 17:30,0.012309
2025-06-22 17:45,0.0
2025-06-22 18:00,0.054977
2025-06-22 18:15,0.002753
2025-06-22 18:30,0.140588
2025-06-22 18:45,0.002753
2025-06-22 19:00,0.0
2025-06-22 19:15,0.001848
2025-06-22 19:30,0.015907
2025-06-22 19:45,0.0
2025-06-22 20:00,0.002753
2025-06-22 20:15,0.0
2025-06-22 20:30,0.0
2025-06-22 20:45,0.0
2025-06-22 21:00,0.001376
2025-06-22 21:15,0.027488
2025-06-22 21:30,0.01809
2025-06-22 21:45,0.029808
2025-06-22 22:00,0.0
2025-06-22 22:15,0.012446
2025-06-22 22:30,0.001848
2025-06-22 22:45,0.027488
2025-06-22 23:00,0.089032
2025-06-22 23:15,0.0
2025-06-22 23:30,0.0
2025-06-22 23:45,0.0
2025-06-23 00:00,0.027488
2025-06-23 00:15,0.029848
2025-06-23 00:30,0.0
2025-06-23 00:45,0.0
2025-06-23 01:00,0.017008
2025-06-23 01:15,0.0
2025-06-23 01:30,0.028865
2025-06-23 01:45,0.031028
2025-06-23 02:00,0.0
2025-06-23 02:15,0.002753
2025-06-23 02:30,0.004758
2025-06-23 02:45,0.0
2025-06-23 03:00,0.028865
2025-06-23 03:15,0.002753
2025-06-23 03:30,0.0
2025-06-23 03:45,0.0
2025-06-23 04:00,0.0
2025-06-23 04:15,0.0
2025-06-23 04:30,0.068662
2025-06-23 04:45,0.054977
2025-06-23 05:00,0.007373
2025-06-23 05:15,0.001376
2025-06-23 05:30,0.001376
2025-06-23 05:45,0.0
2025-06-23 06:00,0.001848
2025-06-23 06:15,0.0
2025-06-23 06:30,0.0
2025-06-23 06:45,0.0
2025-06-23 07:00,0.006449
2025-06-23 07:15,0.0
2025-06-23 07:30,0.001848
2025-06-23 07:45,0.0
2025-06-23 08:00,0.001376
2025-06-23 08:15,0.0
2025-06-23 08:30,0.002281
2025-06-23 08:45,0.002753
2025-06-23 09:00,0.0
2025-06-23 09:15,0.056825
2025-06-23 09:30,0.014059
2025-06-23 09:45,0.0
2025-06-23 10:00,0.0
2025-06-23 10:15,0.001376
2025-06-23 10:30,0.001848
2025-06-23 10:45,0.004208
2025-06-23 11:00,0.003697
2025-06-23 11:15,0.0
2025-06-23 11:30,0.0
2025-06-23 11:45,0.0
2025-06-23 12:00,0.032286
2025-06-23 12:15,0.051555
2025-06-23 12:30,0.072044
2025-06-23 12:45,0.134413
2025-06-23 13:00,0.303197
2025-06-23 13:15,0.468874
2025-06-23 13:30,0.405246
2025-06-23 13:45,0.146526
2025-06-23 14:00,0.306717
2025-06-23 14:15,0.514236
2025-06-23 14:30,0.192477
2025-06-23 14:45,0.342581
2025-06-23 15:00,0.306972
2025-06-23 15:15,0.536395
2025-06-23 15:30,0.484172
2025-06-23 15:45,0.465551
2025-06-23 16:00,0.165008
2025-06-23 16:15,0.326163
2025-06-23 16:30,0.406898
2025-06-23 16:45,0.478646
2025-06-23 17:00,0.231586
2025-06-23 17:15,0.138779
2025-06-23 17:30,0.245389
2025-06-23 17:45,0.276377
2025-06-23 18:00,0.343505
2025-06-23 18:15,0.498938
2025-06-23 18:30,0.515219
2025-06-23 18:45,0.203468
2025-06-23 19:00,0.343977
2025-06-23 19:15,0.347851
2025-06-23 19:30,0.392111
2025-06-23 19:45,0.32461
2025-06-23 20:00,0.351233
2025-06-23 20:15,0.309922
2025-06-23 20:30,0.117622
2025-06-23 20:45,0.062114
2025-06-23 21:00,0.088836
2025-06-23 21:15,0.095501
2025-06-23 21:30,0.057493
2025-06-23 21:45,0.027488
2025-06-23 22:00,0.048803
2025-06-23 22:15,0.030241
2025-06-23 22:30,0.015592
2025-06-23 22:45,0.036415
2025-06-23 23:00,0.046994
2025-06-23 23:15,0.0
2025-06-23 23:30,0.031598
2025-06-23 23:45,0.0
2025-06-24 00:00,0.003697
2025-06-24 00:15,0.002989
2025-06-24 00:30,0.004326
2025-06-24 00:45,0.0
2025-06-24 01:00,0.032404
2025-06-24 01:15,0.059696
2025-06-24 01:30,0.072673
2025-06-24 01:45,0.002792
2025-06-24 02:00,0.003697
2025-06-24 02:15,0.002497
2025-06-24 02:30,0.001376
2025-06-24 02:45,0.0
2025-06-24 03:00,0.006213
2025-06-24 03:15,0.003834
2025-06-24 03:30,0.004444
2025-06-24 03:45,0.0
2025-06-24 04:00,0.030162
2025-06-24 04:15,0.0
2025-06-24 04:30,0.001376
2025-06-24 04:45,0.066027
2025-06-24 05:00,0.0
2025-06-24 05:15,0.0
2025-06-24 05:30,0.0
2025-06-24 05:45,0.004227
2025-06-24 06:00,0.001376
2025-06-24 06:15,0.0
2025-06-24 06:30,0.054977
2025-06-24 06:45,0.054977
2025-06-24 07:00,0.072044
2025-06-24 07:15,0.002399
2025-06-24 07:30,0.003697
2025-06-24 07:45,0.05655
2025-06-24 08:00,0.005506
2025-06-24 08:15,0.002753
2025-06-24 08:30,0.001376
2025-06-24 08:45,0.0
2025-06-24 09:00,0.0
2025-06-24 09:15,0.0
2025-06-24 09:30,0.001848
2025-06-24 09:45,0.0
2025-06-24 10:00,0.057493
2025-06-24 10:15,0.029848
2025-06-24 10:30,0.11247
2025-06-24 10:45,0.003815
2025-06-24 11:00,0.0
2025-06-24 11:15,0.0
2025-06-24 11:30,0.058889
2025-06-24 11:45,0.0
2025-06-24 12:00,0.061269
2025-06-24 12:15,0.175744
2025-06-24 12:30,0.208463
2025-06-24 12:45,0.084235
2025-06-24 13:00,0.325514
2025-06-24 13:15,0.483208
2025-06-24 13:30,0.366412
2025-06-24 13:45,0.595462
2025-06-24 14:00,0.587892
2025-06-24 14:15,0.701974
2025-06-24 14:30,0.680129
2025-06-24 14:45,0.541862
2025-06-24 15:00,0.553738
2025-06-24 15:15,0.325829
2025-06-24 15:30,0.319065
2025-06-24 15:45,0.496893
2025-06-24 16:00,0.224311
2025-06-24 16:15,0.441976
2025-06-24 16:30,0.285973
2025-06-24 16:45,0.399151
2025-06-24 17:00,0.470644
2025-06-24 17:15,0.395887
2025-06-24 17:30,0.317767
2025-06-24 17:45,0.380766
2025-06-24 18:00,0.693028
2025-06-24 18:15,0.308565
2025-06-24 18:30,0.262594
2025-06-24 18:45,0.345059
2025-06-24 19:00,0.320422
2025-06-24 19:15,0.317708
2025-06-24 19:30,0.25992
2025-06-24 19:45,0.189469
2025-06-24 20:00,0.261375
2025-06-24 20:15,0.094341
2025-06-24 20:30,0.187856
2025-06-24 20:45,0.175135
2025-06-24 21:00,0.120374
2025-06-24 21:15,0.116619
2025-06-24 21:30,0.006076
2025-06-24 21:45,0.010205
2025-06-24 22:00,0.001258
2025-06-24 22:15,0.230917
2025-06-24 22:30,0.005034
2025-06-24 22:45,0.014334
2025-06-24 23:00,0.0
2025-06-24 23:15,0.082465
2025-06-24 23:30,0.053207
2025-06-24 23:45,0.087184
2025-06-25 00:00,0.029769
2025-06-25 00:00,0.030998
2025-06-25 00:15,0.005241
2025-06-25 00:30,0.002621
2025-06-25 00:45,0.035871
2025-06-25 01:00,0.029933
2025-06-25 01:15,0.034335
2025-06-25 01:30,0.001925
2025-06-25 01:45,0.01466
2025-06-25 02:00,0.028623
2025-06-25 02:15,0.0
2025-06-25 02:30,0.057246
2025-06-25 02:45,0.002047
2025-06-25 03:00,0.002866
2025-06-25 03:15,0.0
2025-06-25 03:30,0.0
2025-06-25 03:45,0.001433
2025-06-25 04:00,0.028623
2025-06-25 04:15,0.002764
2025-06-25 04:30,0.0
2025-06-25 04:45,0.0
2025-06-25 05:00,0.0
2025-06-25 05:15,0.005712
2025-06-25 05:30,0.0
2025-06-25 05:45,0.028623
2025-06-25 06:00,0.0
2025-06-25 06:15,0.030445
2025-06-25 06:30,0.004955
2025-06-25 06:45,0.028623
2025-06-25 07:00,0.034397
2025-06-25 07:15,0.06216
2025-06-25 07:30,0.0
2025-06-25 07:45,0.005774
2025-06-25 08:00,0.0
2025-06-25 08:15,0.038758
2025-06-25 08:30,0.0
2025-06-25 08:45,0.015724
2025-06-25 09:00,0.0
2025-06-25 09:15,0.084968
2025-06-25 09:30,0.035994
2025-06-25 09:45,0.058679
2025-06-25 10:00,0.003358
2025-06-25 10:15,0.03108
2025-06-25 10:30,0.028623
2025-06-25 10:45,0.014619
2025-06-25 11:00,0.005733
2025-06-25 11:15,0.011711
2025-06-25 11:30,0.123644
2025-06-25 11:45,0.003849
2025-06-25 12:00,0.095041
2025-06-25 12:15,0.19647
2025-06-25 12:30,0.155071
2025-06-25 12:45,0.317411
2025-06-25 13:00,0.415237
2025-06-25 13:15,0.331559
2025-06-25 13:30,0.259019
2025-06-25 13:45,0.581283
2025-06-25 14:00,0.738442
2025-06-25 14:15,0.376582
2025-06-25 14:30,0.406863
2025-06-25 14:45,0.272266
2025-06-25 15:00,0.202223
2025-06-25 15:15,0.41927
2025-06-25 15:30,0.212665
2025-06-25 15:45,0.276401
2025-06-25 16:00,0.297183
2025-06-25 16:15,0.220282
2025-06-25 16:30,0.500696
2025-06-25 16:45,0.75128
2025-06-25 17:00,0.937697
2025-06-25 17:15,0.223476
2025-06-25 17:30,0.650567
2025-06-25 17:45,1.0
2025-06-25 18:00,0.323328
2025-06-25 18:15,0.409781
2025-06-25 18:30,0.381516
2025-06-25 18:45,0.401396
2025-06-25 19:00,0.66064
2025-06-25 19:15,0.491636
2025-06-25 19:30,0.590711
2025-06-25 19:45,0.313767
2025-06-25 20:00,0.120839
2025-06-25 20:15,0.144425
2025-06-25 20:30,0.238074
2025-06-25 20:45,0.058433
2025-06-25 21:00,0.033803
2025-06-25 21:15,0.0
2025-06-25 21:30,0.122947
2025-06-25 21:45,0.0
2025-06-25 22:00,0.06605
2025-06-25 22:15,0.004095
2025-06-25 22:30,0.063347
2025-06-25 22:45,0.008681
2025-06-25 23:00,0.0
2025-06-25 23:15,0.006634
2025-06-25 23:30,0.001925
2025-06-25 23:45,0.0
2025-06-26 00:00,0.061382
2025-06-26 00:15,0.035543
2025-06-26 00:30,0.0
2025-06-26 00:45,0.086401
2025-06-26 01:00,0.117276
2025-06-26 01:15,0.008026
2025-06-26 01:30,0.0
2025-06-26 01:45,0.028623
2025-06-26 02:00,0.0
2025-06-26 02:15,0.0
2025-06-26 02:30,0.007739
2025-06-26 02:45,0.004054
2025-06-26 03:00,0.001433
2025-06-26 03:15,0.029442
2025-06-26 03:30,0.001433
2025-06-26 03:45,0.0
2025-06-26 04:00,0.00303
2025-06-26 04:15,0.0
2025-06-26 04:30,0.119651
2025-06-26 04:45,0.0
2025-06-26 05:00,0.0
2025-06-26 05:15,0.109516
2025-06-26 05:30,0.024323
2025-06-26 05:45,0.001188
2025-06-26 06:00,0.057246
2025-06-26 06:15,0.008722
2025-06-26 06:30,0.0
2025-06-26 06:45,0.0
2025-06-26 07:00,0.0
2025-06-26 07:15,0.001433
2025-06-26 07:30,0.029544
2025-06-26 07:45,0.001925
2025-06-26 08:00,0.003849
2025-06-26 08:15,0.001433
2025-06-26 08:30,0.00131
2025-06-26 08:45,0.001433
2025-06-26 09:00,0.0
2025-06-26 09:15,0.001433
2025-06-26 09:30,0.0
2025-06-26 09:45,0.03108
2025-06-26 10:00,0.00905
2025-06-26 10:15,0.001925
2025-06-26 10:30,0.001433
2025-06-26 10:45,0.061218
2025-06-26 11:00,0.002744
2025-06-26 11:15,0.028623
2025-06-26 11:30,0.005282
2025-06-26 11:45,0.001188
2025-06-26 12:00,0.09283
2025-06-26 12:15,0.085869
2025-06-26 12:30,0.330719
2025-06-26 12:45,0.152533
2025-06-26 13:00,0.312375
2025-06-26 13:15,0.256808
2025-06-26 13:30,0.598747
2025-06-26 13:45,0.233221
2025-06-26 14:00,0.571066
2025-06-26 14:15,0.637505
2025-06-26 14:30,0.410896
2025-06-26 14:45,0.766072
2025-06-26 15:00,0.475513
2025-06-26 15:15,0.907846
2025-06-26 15:30,0.31735
2025-06-26 15:45,0.378486
2025-06-26 16:00,0.365996
2025-06-26 16:15,0.21416
2025-06-26 16:30,0.441956
2025-06-26 16:45,0.618894
2025-06-26 17:00,0.600344
2025-06-26 17:15,0.354756
2025-06-26 17:30,0.16363
2025-06-26 17:45,0.382847
2025-06-26 18:00,0.415237
2025-06-26 18:15,0.227878
2025-06-26 18:30,0.238483
2025-06-26 18:45,0.40459
2025-06-26 19:00,0.400066
2025-06-26 19:15,0.588223
2025-06-26 19:30,0.502887
2025-06-26 19:45,0.544142
2025-06-26 20:00,0.368842
2025-06-26 20:15,0.707424
2025-06-26 20:30,0.283158
2025-06-26 20:45,0.168134
2025-06-26 21:00,0.121739
2025-06-26 21:15,0.178801
2025-06-26 21:30,0.002621
2025-06-26 21:45,0.061095
2025-06-26 22:00,0.059703
2025-06-26 22:15,0.040621
2025-06-26 22:30,0.035646
2025-06-26 22:45,0.003276
2025-06-26 23:00,0.002621
2025-06-26 23:15,0.102289
2025-06-26 23:30,0.030855
2025-06-26 23:45,0.182753
2025-06-27 00:00,0.029933
2025-06-27 00:15,0.005938
2025-06-27 00:30,0.059723
2025-06-27 00:45,0.005241
2025-06-27 01:00,0.124319
2025-06-27 01:15,0.035676
2025-06-27 01:30,0.062835
2025-06-27 01:45,0.087548
2025-06-27 02:00,0.003931
2025-06-27 02:15,0.02981
2025-06-27 02:30,0.001925
2025-06-27 02:45,0.028623
2025-06-27 03:00,0.002969
2025-06-27 03:15,0.037611
2025-06-27 03:30,0.0
2025-06-27 03:45,0.08937
2025-06-27 04:00,0.00131
2025-06-27 04:15,0.003931
2025-06-27 04:30,0.002866
2025-06-27 04:45,0.028623
2025-06-27 05:00,0.028623
2025-06-27 05:15,0.0
2025-06-27 05:30,0.045002
2025-06-27 05:45,0.0
2025-06-27 06:00,0.091806
2025-06-27 06:15,0.004791
2025-06-27 06:30,0.001433
2025-06-27 06:45,0.009091
2025-06-27 07:00,0.0
2025-06-27 07:15,0.0
2025-06-27 07:30,0.002621
2025-06-27 07:45,0.005774
2025-06-27 08:00,0.032595
2025-06-27 08:15,0.00131
2025-06-27 08:30,0.003808
2025-06-27 08:45,0.063757
2025-06-27 09:00,0.00606
2025-06-27 09:15,0.012633
2025-06-27 09:30,0.003849
2025-06-27 09:45,0.028623
2025-06-27 10:00,0.0
2025-06-27 10:15,0.01167
2025-06-27 10:30,0.022501
2025-06-27 10:45,0.0
2025-06-27 11:00,0.03022
2025-06-27 11:15,0.0
2025-06-27 11:30,0.002621
2025-06-27 11:45,0.032431
2025-06-27 12:00,0.114492
2025-06-27 12:15,0.064248
2025-06-27 12:30,0.117849
2025-06-27 12:45,0.003501
2025-06-27 13:00,0.269973
2025-06-27 13:15,0.394967
2025-06-27 13:30,0.224561
2025-06-27 13:45,0.517567
2025-06-27 14:00,0.251689
2025-06-27 14:15,0.156464
2025-06-27 14:30,0.641477
2025-06-27 14:45,0.387392
2025-06-27 15:00,0.244851
2025-06-27 15:15,0.397117
2025-06-27 15:30,0.412555
2025-06-27 15:45,0.646411
2025-06-27 16:00,0.503665
2025-06-27 16:15,0.607469
2025-06-27 16:30,0.249273
2025-06-27 16:45,0.353446
2025-06-27 17:00,0.628639
2025-06-27 17:15,0.264096
2025-06-27 17:30,0.488453
2025-06-27 17:45,0.136153
2025-06-27 18:00,0.129765
2025-06-27 18:15,0.405942
2025-06-27 18:30,0.252897
2025-06-27 18:45,0.298206
2025-06-27 19:00,0.277425
2025-06-27 19:15,0.407088
2025-06-27 19:30,0.14121
2025-06-27 19:45,0.426907
2025-06-27 20:00,0.166762
2025-06-27 20:15,0.18091
2025-06-27 20:30,0.064678
2025-06-27 20:45,0.058536
2025-06-27 21:00,0.057246
2025-06-27 21:15,0.028623
2025-06-27 21:30,0.094632
2025-06-27 21:45,0.073625
2025-06-27 22:00,0.028623
2025-06-27 22:15,0.0
2025-06-27 22:30,0.001474
2025-06-27 22:45,0.032677
2025-06-27 23:00,0.014352
2025-06-27 23:15,0.005098
2025-06-27 23:30,0.028623
2025-06-27 23:45,0.002621
2025-06-28 00:00,0.002621
2025-06-28 00:15,0.003849
2025-06-28 00:30,0.0
2025-06-28 00:45,0.004054
2025-06-28 01:00,0.046599
2025-06-28 01:15,0.02981
2025-06-28 01:30,0.108308
2025-06-28 01:45,0.179333
2025-06-28 02:00,0.042218
2025-06-28 02:15,0.060215
2025-06-28 02:30,0.001433
2025-06-28 02:45,0.009582
2025-06-28 03:00,0.0
2025-06-28 03:15,0.0
2025-06-28 03:30,0.036935
2025-06-28 03:45,0.0
2025-06-28 04:00,0.028623
2025-06-28 04:15,0.057246
2025-06-28 04:30,0.002907
2025-06-28 04:45,0.002621
2025-06-28 05:00,0.001822
2025-06-28 05:15,0.025511
2025-06-28 05:30,0.004996
2025-06-28 05:45,0.019164
2025-06-28 06:00,0.0
2025-06-28 06:15,0.028623
2025-06-28 06:30,0.0
2025-06-28 06:45,0.0
2025-06-28 07:00,0.0
2025-06-28 07:15,0.028623
2025-06-28 07:30,0.035789
2025-06-28 07:45,0.034069
2025-06-28 08:00,0.0
2025-06-28 08:15,0.001433
2025-06-28 08:30,0.003358
2025-06-28 08:45,0.034847
2025-06-28 09:00,0.03108
2025-06-28 09:15,0.0
2025-06-28 09:30,0.0
2025-06-28 09:45,0.028623
2025-06-28 10:00,0.028623
2025-06-28 10:15,0.06216
2025-06-28 10:30,0.028623
2025-06-28 10:45,0.03239
2025-06-28 11:00,0.00131
2025-06-28 11:15,0.035666
2025-06-28 11:30,0.029032
2025-06-28 11:45,0.0
2025-06-28 12:00,0.001188
2025-06-28 12:15,0.0
2025-06-28 12:30,0.01468
2025-06-28 12:45,0.004177
2025-06-28 13:00,0.003337
2025-06-28 13:15,0.014414
2025-06-28 13:30,0.002621
2025-06-28 13:45,0.002866
2025-06-28 14:00,0.065395
2025-06-28 14:15,0.0
2025-06-28 14:30,0.022501
2025-06-28 14:45,0.057246
2025-06-28 15:00,0.0
2025-06-28 15:15,0.0
2025-06-28 15:30,0.006347
2025-06-28 15:45,0.002989
2025-06-28 16:00,0.0
2025-06-28 16:15,0.086688
2025-06-28 16:30,0.0
2025-06-28 16:45,0.003317
2025-06-28 17:00,0.0
2025-06-28 17:15,0.030752
2025-06-28 17:30,0.0
2025-06-28 17:45,0.095635
2025-06-28 18:00,0.0
2025-06-28 18:15,0.0
2025-06-28 18:30,0.0
2025-06-28 18:45,0.0
2025-06-28 19:00,0.088346
2025-06-28 19:15,0.007166
2025-06-28 19:30,0.0
2025-06-28 19:45,0.003849
2025-06-28 20:00,0.031592
2025-06-28 20:15,0.028623
2025-06-28 20:30,0.01339
2025-06-28 20:45,0.007698
2025-06-28 21:00,0.004545
2025-06-28 21:15,0.018816
2025-06-28 21:30,0.028623
2025-06-28 21:45,0.0
2025-06-28 22:00,0.017157
2025-06-28 22:15,0.037427
2025-06-28 22:30,0.0
2025-06-28 22:45,0.0
2025-06-28 23:00,0.061423
2025-06-28 23:15,0.097416
2025-06-28 23:30,0.028623
2025-06-28 23:45,0.033946
2025-06-29 00:00,0.0
2025-06-29 00:15,0.030547
2025-06-29 00:30,0.001884
2025-06-29 00:45,0.001413
2025-06-29 01:00,0.0
2025-06-29 01:15,0.0043
2025-06-29 01:30,0.001925
2025-06-29 01:45,0.0
2025-06-29 02:00,0.05917
2025-06-29 02:15,0.0
2025-06-29 02:30,0.014619
2025-06-29 02:45,0.065599
2025-06-29 03:00,0.0
2025-06-29 03:15,0.0
2025-06-29 03:30,0.006634
2025-06-29 03:45,0.005733
2025-06-29 04:00,0.006716
2025-06-29 04:15,0.001925
2025-06-29 04:30,0.003194
2025-06-29 04:45,0.006429
2025-06-29 05:00,0.00561
2025-06-29 05:15,0.00131
2025-06-29 05:30,0.015765
2025-06-29 05:45,0.0
2025-06-29 06:00,0.059621
2025-06-29 06:15,0.029933
2025-06-29 06:30,0.01167
2025-06-29 06:45,0.0
2025-06-29 07:00,0.00131
2025-06-29 07:15,0.0
2025-06-29 07:30,0.171737
2025-06-29 07:45,0.061095
2025-06-29 08:00,0.06044
2025-06-29 08:15,0.0
2025-06-29 08:30,0.007739
2025-06-29 08:45,0.003849
2025-06-29 09:00,0.001433
2025-06-29 09:15,0.001433
2025-06-29 09:30,0.001433
2025-06-29 09:45,0.056304
2025-06-29 10:00,0.04101
2025-06-29 10:15,0.028623
2025-06-29 10:30,0.003358
2025-06-29 10:45,0.001925
2025-06-29 11:00,0.006224
2025-06-29 11:15,0.001433
2025-06-29 11:30,0.002887
2025-06-29 11:45,0.036485
2025-06-29 12:00,0.00131
2025-06-29 12:15,0.028623
2025-06-29 12:30,0.015274
2025-06-29 12:45,0.028623
2025-06-29 13:00,0.005446
2025-06-29 13:15,0.004136
2025-06-29 13:30,0.019225
2025-06-29 13:45,0.030445
2025-06-29 14:00,0.085869
2025-06-29 14:15,0.028623
2025-06-29 14:30,0.0
2025-06-29 14:45,0.001925
2025-06-29 15:00,0.001413
2025-06-29 15:15,0.0
2025-06-29 15:30,0.028623
2025-06-29 15:45,0.0
2025-06-29 16:00,0.03108
2025-06-29 16:15,0.055587
2025-06-29 16:30,0.009357
2025-06-29 16:45,0.037181
2025-06-29 17:00,0.00131
2025-06-29 17:15,0.028623
2025-06-29 17:30,0.13255
2025-06-29 17:45,0.001433
2025-06-29 18:00,0.0
2025-06-29 18:15,0.028623
2025-06-29 18:30,0.0
2025-06-29 18:45,0.0
2025-06-29 19:00,0.014598
2025-06-29 19:15,0.0
2025-06-29 19:30,0.03108
2025-06-29 19:45,0.105442
2025-06-29 20:00,0.031489
2025-06-29 20:15,0.0
2025-06-29 20:30,0.0
2025-06-29 20:45,0.0
2025-06-29 21:00,0.002907
2025-06-29 21:15,0.0
2025-06-29 21:30,0.054338
2025-06-29 21:45,0.028623
2025-06-29 22:00,0.062979
2025-06-29 22:15,0.028623
2025-06-29 22:30,0.065108
2025-06-29 22:45,0.028623
2025-06-29 23:00,0.018468
2025-06-29 23:15,0.057246
2025-06-29 23:30,0.005733
2025-06-29 23:45,0.057246
2025-06-30 00:00,0.0
2025-06-30 00:15,0.031244
2025-06-30 00:30,0.003255
2025-06-30 00:45,0.0
2025-06-30 01:00,0.028623
2025-06-30 01:15,0.0
2025-06-30 01:30,0.002621
2025-06-30 01:45,0.058843
2025-06-30 02:00,0.0
2025-06-30 02:15,0.028623
2025-06-30 02:30,0.030547
2025-06-30 02:45,0.028623
2025-06-30 03:00,0.045002
2025-06-30 03:15,0.053765
2025-06-30 03:30,0.031244
2025-06-30 03:45,0.005241
2025-06-30 04:00,0.001188
2025-06-30 04:15,0.030056
2025-06-30 04:30,0.003583
2025-06-30 04:45,0.0
2025-06-30 05:00,0.064903
2025-06-30 05:15,0.0
2025-06-30 05:30,0.003849
2025-06-30 05:45,0.0
2025-06-30 06:00,0.085869
2025-06-30 06:15,0.057246
2025-06-30 06:30,0.003358
2025-06-30 06:45,0.0
2025-06-30 07:00,0.002969
2025-06-30 07:15,0.03108
2025-06-30 07:30,0.001433
2025-06-30 07:45,0.0
2025-06-30 08:00,0.083862
2025-06-30 08:15,0.013431
2025-06-30 08:30,0.011302
2025-06-30 08:45,0.0
2025-06-30 09:00,0.006716
2025-06-30 09:15,0.062221
2025-06-30 09:30,0.0
2025-06-30 09:45,0.004791
2025-06-30 10:00,0.001495
2025-06-30 10:15,0.006429
2025-06-30 10:30,0.03108
2025-06-30 10:45,0.03239
2025-06-30 11:00,0.124319
2025-06-30 11:15,0.001188
2025-06-30 11:30,0.286229
2025-06-30 11:45,0.449818
2025-06-30 12:00,0.0
2025-06-30 12:15,0.069407
2025-06-30 12:30,0.056877
2025-06-30 12:45,0.321588
2025-06-30 13:00,0.535707
2025-06-30 13:15,0.720835
2025-06-30 13:30,0.223271
2025-06-30 13:45,0.317616
2025-06-30 14:00,0.130994
2025-06-30 14:15,0.324475
2025-06-30 14:30,0.386368
2025-06-30 14:45,0.288665
2025-06-30 15:00,0.033905
2025-06-30 15:15,0.313992
2025-06-30 15:30,0.252416
2025-06-30 15:45,0.128312
2025-06-30 16:00,0.267741
2025-06-30 16:15,0.444085
2025-06-30 16:30,0.406269
2025-06-30 16:45,0.517505
2025-06-30 17:00,0.312559
2025-06-30 17:15,0.190226
2025-06-30 17:30,0.522952
2025-06-30 17:45,0.477663
2025-06-30 18:00,0.531305
2025-06-30 18:15,0.25951
2025-06-30 18:30,0.421686
2025-06-30 18:45,0.328959
2025-06-30 19:00,0.448446
2025-06-30 19:15,0.357254
2025-06-30 19:30,0.336207
2025-06-30 19:45,0.405798
2025-06-30 20:00,0.084251
2025-06-30 20:15,0.094959
2025-06-30 20:30,0.182507
2025-06-30 20:45,0.029933
2025-06-30 21:00,0.00131
2025-06-30 21:15,0.058556
2025-06-30 21:30,0.093772
2025-06-30 21:45,0.0043
2025-06-30 22:00,0.0
2025-06-30 22:15,0.06044
2025-06-30 22:30,0.125568
2025-06-30 22:45,0.413128
2025-06-30 23:00,0.032063
2025-06-30 23:15,0.030875
2025-06-30 23:30,0.064084
2025-06-30 23:45,0.036894
2025-07-01 00:00,0.03239
2025-07-01 00:15,0.0
2025-07-01 00:30,0.0
2025-07-01 00:45,0.041993
2025-07-01 01:00,0.0
2025-07-01 01:15,0.017157
2025-07-01 01:30,0.0
2025-07-01 01:45,0.063675
2025-07-01 02:00,0.044511
2025-07-01 02:15,0.012858
2025-07-01 02:30,0.047582
2025-07-01 02:45,0.060071
2025-07-01 03:00,0.002866
2025-07-01 03:15,0.002866
2025-07-01 03:30,0.007248
2025-07-01 03:45,0.051124
2025-07-01 04:00,0.030547
2025-07-01 04:15,0.0
2025-07-01 04:30,0.0
2025-07-01 04:45,0.0
2025-07-01 05:00,0.029933
2025-07-01 05:15,0.004791
2025-07-01 05:30,0.0
2025-07-01 05:45,0.002744
2025-07-01 06:00,0.052004
2025-07-01 06:15,0.026064
2025-07-01 06:30,0.037304
2025-07-01 06:45,0.032533
2025-07-01 07:00,0.00301
2025-07-01 07:15,0.032472
2025-07-01 07:30,0.038799
2025-07-01 07:45,0.031817
2025-07-01 08:00,0.010032
2025-07-01 08:15,0.032206
2025-07-01 08:30,0.028623
2025-07-01 08:45,0.0
2025-07-01 09:00,0.001925
2025-07-01 09:15,0.0
2025-07-01 09:30,0.06216
2025-07-01 09:45,0.028623
2025-07-01 10:00,0.0328
2025-07-01 10:15,0.028623
2025-07-01 10:30,0.0
2025-07-01 10:45,0.001433
2025-07-01 11:00,0.0
2025-07-01 11:15,0.0
2025-07-01 11:30,0.002621
2025-07-01 11:45,0.118627
2025-07-01 12:00,0.002621
2025-07-01 12:15,0.001188
2025-07-01 12:30,0.0
2025-07-01 12:45,0.061996
2025-07-01 13:00,0.057246
2025-07-01 13:15,0.028623
2025-07-01 13:30,0.060071
2025-07-01 13:45,0.032984
2025-07-01 14:00,0.0
2025-07-01 14:15,0.00131
2025-07-01 14:30,0.046743
2025-07-01 14:45,0.038451
2025-07-01 15:00,0.093158
2025-07-01 15:15,0.009561
2025-07-01 15:30,0.028623
2025-07-01 15:45,0.00475
2025-07-01 16:00,0.028623
2025-07-01 16:15,0.028623
2025-07-01 16:30,0.0
2025-07-01 16:45,0.002621
2025-07-01 17:00,0.001925
2025-07-01 17:15,0.02158
2025-07-01 17:30,0.028623
2025-07-01 17:45,0.023238
2025-07-01 18:00,0.030056
2025-07-01 18:15,0.031981
2025-07-01 18:30,0.030547
2025-07-01 18:45,0.002866
2025-07-01 19:00,0.042156
2025-07-01 19:15,0.031735
2025-07-01 19:30,0.064555
2025-07-01 19:45,0.06433
2025-07-01 20:00,0.001433
2025-07-01 20:15,0.018959
2025-07-01 20:30,0.0
2025-07-01 20:45,0.051124
2025-07-01 21:00,0.028623
2025-07-01 21:15,0.0
2025-07-01 21:30,0.002866
2025-07-01 21:45,0.002866
2025-07-01 22:00,0.057246
2025-07-01 22:15,0.029933
2025-07-01 22:30,0.067667
2025-07-01 22:45,0.057246
2025-07-01 23:00,0.078703
2025-07-01 23:15,0.0
2025-07-01 23:30,0.029442
2025-07-01 23:45,0.031489
2025-07-02 00:00,0.0
2025-07-02 00:00,0.0
2025-07-02 00:15,0.004277
2025-07-02 00:30,0.0
2025-07-02 00:45,0.009268
2025-07-02 01:00,0.002321
2025-07-02 01:15,0.0
2025-07-02 01:30,0.047681
2025-07-02 01:45,0.023178
2025-07-02 02:00,0.062735
2025-07-02 02:15,0.003614
2025-07-02 02:30,0.002122
2025-07-02 02:45,0.005239
2025-07-02 03:00,0.002719
2025-07-02 03:15,0.025764
2025-07-02 03:30,0.0
2025-07-02 03:45,0.026344
2025-07-02 04:00,0.022083
2025-07-02 04:15,0.024338
2025-07-02 04:30,0.003349
2025-07-02 04:45,0.005239
2025-07-02 05:00,0.0
2025-07-02 05:15,0.0
2025-07-02 05:30,0.002122
2025-07-02 05:45,0.0
2025-07-02 06:00,0.030572
2025-07-02 06:15,0.043437
2025-07-02 06:30,0.0
2025-07-02 06:45,0.085349
2025-07-02 07:00,0.046355
2025-07-02 07:15,0.141187
2025-07-02 07:30,0.001161
2025-07-02 07:45,0.055789
2025-07-02 08:00,0.0
2025-07-02 08:15,0.048676
2025-07-02 08:30,0.003283
2025-07-02 08:45,0.0
2025-07-02 09:00,0.001061
2025-07-02 09:15,0.0
2025-07-02 09:30,0.004675
2025-07-02 09:45,0.0
2025-07-02 10:00,0.00441
2025-07-02 10:15,0.003084
2025-07-02 10:30,0.0
2025-07-02 10:45,0.002984
2025-07-02 11:00,0.006317
2025-07-02 11:15,0.121657
2025-07-02 11:30,0.003482
2025-07-02 11:45,0.18101
2025-07-02 12:00,0.0
2025-07-02 12:15,0.047897
2025-07-02 12:30,0.139596
2025-07-02 12:45,0.121641
2025-07-02 13:00,0.375367
2025-07-02 13:15,0.249813
2025-07-02 13:30,0.321667
2025-07-02 13:45,0.063324
2025-07-02 14:00,0.295091
2025-07-02 14:15,0.435483
2025-07-02 14:30,0.309366
2025-07-02 14:45,0.200955
2025-07-02 15:00,0.187841
2025-07-02 15:15,0.293499
2025-07-02 15:30,0.226503
2025-07-02 15:45,0.32049
2025-07-02 16:00,0.297246
2025-07-02 16:15,0.308503
2025-07-02 16:30,0.097054
2025-07-02 16:45,0.387685
2025-07-02 17:00,0.238739
2025-07-02 17:15,0.144205
2025-07-02 17:30,0.2712
2025-07-02 17:45,0.315301
2025-07-02 18:00,0.234097
2025-07-02 18:15,0.316561
2025-07-02 18:30,0.288741
2025-07-02 18:45,0.311073
2025-07-02 19:00,0.525756
2025-07-02 19:15,0.208449
2025-07-02 19:30,0.516538
2025-07-02 19:45,0.457582
2025-07-02 20:00,0.134904
2025-07-02 20:15,0.347962
2025-07-02 20:30,0.257722
2025-07-02 20:45,0.167548
2025-07-02 21:00,0.047416
2025-07-02 21:15,1.0
2025-07-02 21:30,0.071157
2025-07-02 21:45,0.210156
2025-07-02 22:00,0.094269
2025-07-02 22:15,0.009218
2025-07-02 22:30,0.024239
2025-07-02 22:45,0.109273
2025-07-02 23:00,0.026162
2025-07-02 23:15,0.018817
2025-07-02 23:30,0.025399
2025-07-02 23:45,0.005919
2025-07-03 00:00,0.050201
2025-07-03 00:15,0.001592
2025-07-03 00:30,0.072716
2025-07-03 00:45,0.023178
2025-07-03 01:00,0.024653
2025-07-03 01:15,0.029245
2025-07-03 01:30,0.0
2025-07-03 01:45,0.05302
2025-07-03 02:00,0.0
2025-07-03 02:15,0.026195
2025-07-03 02:30,0.003117
2025-07-03 02:45,0.0
2025-07-03 03:00,0.002321
2025-07-03 03:15,0.004327
2025-07-03 03:30,0.072815
2025-07-03 03:45,0.074871
2025-07-03 04:00,0.053451
2025-07-03 04:15,0.0
2025-07-03 04:30,0.023178
2025-07-03 04:45,0.0
2025-07-03 05:00,0.004277
2025-07-03 05:15,0.0
2025-07-03 05:30,0.003565
2025-07-03 05:45,0.0
2025-07-03 06:00,0.0
2025-07-03 06:15,0.046355
2025-07-03 06:30,0.046355
2025-07-03 06:45,0.001161
2025-07-03 07:00,0.002321
2025-07-03 07:15,0.060646
2025-07-03 07:30,0.052208
2025-07-03 07:45,0.006598
2025-07-03 08:00,0.003117
2025-07-03 08:15,0.0
2025-07-03 08:30,0.09271
2025-07-03 08:45,0.0
2025-07-03 09:00,0.047416
2025-07-03 09:15,0.0
2025-07-03 09:30,0.0
2025-07-03 09:45,0.09271
2025-07-03 10:00,0.105277
2025-07-03 10:15,0.000962
2025-07-03 10:30,0.0
2025-07-03 10:45,0.003565
2025-07-03 11:00,0.025764
2025-07-03 11:15,0.003482
2025-07-03 11:30,0.002719
2025-07-03 11:45,0.121773
2025-07-03 12:00,0.026742
2025-07-03 12:15,0.0757
2025-07-03 12:30,0.179369
2025-07-03 12:45,0.143409
2025-07-03 13:00,0.18242
2025-07-03 13:15,0.318799
2025-07-03 13:30,0.334135
2025-07-03 13:45,0.275097
2025-07-03 14:00,0.199446
2025-07-03 14:15,0.329327
2025-07-03 14:30,0.340103
2025-07-03 14:45,0.350283
2025-07-03 15:00,0.315417
2025-07-03 15:15,0.333389
2025-07-03 15:30,0.537046
2025-07-03 15:45,0.352736
2025-07-03 16:00,0.266724
2025-07-03 16:15,0.263359
2025-07-03 16:30,0.512227
2025-07-03 16:45,0.200574
2025-07-03 17:00,0.263607
2025-07-03 17:15,0.088831
2025-07-03 17:30,0.285193
2025-07-03 17:45,0.353864
2025-07-03 18:00,0.191455
2025-07-03 18:15,0.267387
2025-07-03 18:30,0.191157
2025-07-03 18:45,0.215909
2025-07-03 19:00,0.231527
2025-07-03 19:15,0.293864
2025-07-03 19:30,0.237661
2025-07-03 19:45,0.226686
2025-07-03 20:00,0.384767
2025-07-03 20:15,0.193329
2025-07-03 20:30,0.076098
2025-07-03 20:45,0.179933
2025-07-03 21:00,0.146891
2025-07-03 21:15,0.05166
2025-07-03 21:30,0.098645
2025-07-03 21:45,0.076098
2025-07-03 22:00,0.049273
2025-07-03 22:15,0.097518
2025-07-03 22:30,0.0
2025-07-03 22:45,0.011672
2025-07-03 23:00,0.094037
2025-07-03 23:15,0.024139
2025-07-03 23:30,0.056037
2025-07-03 23:45,0.0253
2025-07-04 00:00,0.025167
2025-07-04 00:15,0.001558
2025-07-04 00:30,0.023178
2025-07-04 00:45,0.097485
2025-07-04 01:00,0.02656
2025-07-04 01:15,0.045079
2025-07-04 01:30,0.064559
2025-07-04 01:45,0.000962
2025-07-04 02:00,0.051495
2025-07-04 02:15,0.026162
2025-07-04 02:30,0.023178
2025-07-04 02:45,0.123481
2025-07-04 03:00,0.049339
2025-07-04 03:15,0.000962
2025-07-04 03:30,0.079977
2025-07-04 03:45,0.046355
2025-07-04 04:00,0.007411
2025-07-04 04:15,0.01396
2025-07-04 04:30,0.098745
2025-07-04 04:45,0.0
2025-07-04 05:00,0.054413
2025-07-04 05:15,0.047516
2025-07-04 05:30,0.098563
2025-07-04 05:45,0.046355
2025-07-04 06:00,0.002122
2025-07-04 06:15,0.001923
2025-07-04 06:30,0.024786
2025-07-04 06:45,0.026294
2025-07-04 07:00,0.001873
2025-07-04 07:15,0.049472
2025-07-04 07:30,0.100983
2025-07-04 07:45,0.001542
2025-07-04 08:00,0.046355
2025-07-04 08:15,0.004377
2025-07-04 08:30,0.000962
2025-07-04 08:45,0.0
2025-07-04 09:00,0.033755
2025-07-04 09:15,0.004244
2025-07-04 09:30,0.004327
2025-07-04 09:45,0.001923
2025-07-04 10:00,0.0
2025-07-04 10:15,0.004145
2025-07-04 10:30,0.025167
2025-07-04 10:45,0.046355
2025-07-04 11:00,0.0
2025-07-04 11:15,0.042227
2025-07-04 11:30,0.003117
2025-07-04 11:45,0.036739
2025-07-04 12:00,0.072152
2025-07-04 12:15,0.074125
2025-07-04 12:30,0.061309
2025-07-04 12:45,0.123929
2025-07-04 13:00,0.108543
2025-07-04 13:15,0.499329
2025-07-04 13:30,0.285608
2025-07-04 13:45,0.020376
2025-07-04 14:00,0.416035
2025-07-04 14:15,0.125819
2025-07-04 14:30,0.268167
2025-07-04 14:45,0.41422
2025-07-04 15:00,0.409967
2025-07-04 15:15,0.246315
2025-07-04 15:30,0.295157
2025-07-04 15:45,0.330321
2025-07-04 16:00,0.60003
2025-07-04 16:15,0.096755
2025-07-04 16:30,0.120662
2025-07-04 16:45,0.314207
2025-07-04 17:00,0.179319
2025-07-04 17:15,0.379213
2025-07-04 17:30,0.286122
2025-07-04 17:45,0.296981
2025-07-04 18:00,0.253361
2025-07-04 18:15,0.262215
2025-07-04 18:30,0.188487
2025-07-04 18:45,0.344828
2025-07-04 19:00,0.181441
2025-07-04 19:15,0.182983
2025-07-04 19:30,0.243862
2025-07-04 19:45,0.150969
2025-07-04 20:00,0.161331
2025-07-04 20:15,0.302585
2025-07-04 20:30,0.102193
2025-07-04 20:45,0.094318
2025-07-04 21:00,0.095628
2025-07-04 21:15,0.070196
2025-07-04 21:30,0.035231
2025-07-04 21:45,0.027098
2025-07-04 22:00,0.0
2025-07-04 22:15,0.118242
2025-07-04 22:30,0.024338
2025-07-04 22:45,0.001161
2025-07-04 23:00,0.023178
2025-07-04 23:15,0.051495
2025-07-04 23:30,0.009235
2025-07-04 23:45,0.026759
2025-07-05 00:00,0.016347
2025-07-05 00:15,0.075866
2025-07-05 00:30,0.001558
2025-07-05 00:45,0.0
2025-07-05 01:00,0.027289
2025-07-05 01:15,0.0
2025-07-05 01:30,0.047681
2025-07-05 01:45,0.001509
2025-07-05 02:00,0.0
2025-07-05 02:15,0.0
2025-07-05 02:30,0.005919
2025-07-05 02:45,0.061624
2025-07-05 03:00,0.110085
2025-07-05 03:15,0.121259
2025-07-05 03:30,0.063498
2025-07-05 03:45,0.00562
2025-07-05 04:00,0.028019
2025-07-05 04:15,0.006134
2025-07-05 04:30,0.023178
2025-07-05 04:45,0.054164
2025-07-05 05:00,0.024239
2025-07-05 05:15,0.023178
2025-07-05 05:30,0.004443
2025-07-05 05:45,0.0
2025-07-05 06:00,0.021354
2025-07-05 06:15,0.06237
2025-07-05 06:30,0.0
2025-07-05 06:45,0.024239
2025-07-05 07:00,0.002122
2025-07-05 07:15,0.004095
2025-07-05 07:30,0.001476
2025-07-05 07:45,0.0
2025-07-05 08:00,0.001542
2025-07-05 08:15,0.085349
2025-07-05 08:30,0.002321
2025-07-05 08:45,0.001061
2025-07-05 09:00,0.0
2025-07-05 09:15,0.0
2025-07-05 09:30,0.023178
2025-07-05 09:45,0.001061
2025-07-05 10:00,0.018419
2025-07-05 10:15,0.024736
2025-07-05 10:30,0.05113
2025-07-05 10:45,0.088764
2025-07-05 11:00,0.003133
2025-07-05 11:15,0.036374
2025-07-05 11:30,0.017176
2025-07-05 11:45,0.003283
2025-07-05 12:00,0.0
2025-07-05 12:15,0.0
2025-07-05 12:30,0.036922
2025-07-05 12:45,0.025582
2025-07-05 13:00,0.075186
2025-07-05 13:15,0.025615
2025-07-05 13:30,0.001161
2025-07-05 13:45,0.023178
2025-07-05 14:00,0.001161
2025-07-05 14:15,0.0
2025-07-05 14:30,0.261286
2025-07-05 14:45,0.051395
2025-07-05 15:00,0.0
2025-07-05 15:15,0.001161
2025-07-05 15:30,0.046355
2025-07-05 15:45,0.050334
2025-07-05 16:00,0.007096
2025-07-05 16:15,0.09271
2025-07-05 16:30,0.002736
2025-07-05 16:45,0.004277
2025-07-05 17:00,0.070776
2025-07-05 17:15,0.202961
2025-07-05 17:30,0.0
2025-07-05 17:45,0.002222
2025-07-05 18:00,0.052655
2025-07-05 18:15,0.003117
2025-07-05 18:30,0.0
2025-07-05 18:45,0.0
2025-07-05 19:00,0.031152
2025-07-05 19:15,0.008207
2025-07-05 19:30,0.104349
2025-07-05 19:45,0.066432
2025-07-05 20:00,0.132533
2025-07-05 20:15,0.047317
2025-07-05 20:30,0.0
2025-07-05 20:45,0.03727
2025-07-05 21:00,0.0
2025-07-05 21:15,0.001592
2025-07-05 21:30,0.016065
2025-07-05 21:45,0.071522
2025-07-05 22:00,0.053418
2025-07-05 22:15,0.004874
2025-07-05 22:30,0.001061
2025-07-05 22:45,0.034269
2025-07-05 23:00,0.0
2025-07-05 23:15,0.003913
2025-07-05 23:30,0.026129
2025-07-05 23:45,0.002122
2025-07-06 00:00,0.071522
2025-07-06 00:15,0.001923
2025-07-06 00:30,0.001476
2025-07-06 00:45,0.074142
2025-07-06 01:00,0.049837
2025-07-06 01:15,0.018701
2025-07-06 01:30,0.046355
2025-07-06 01:45,0.008754
2025-07-06 02:00,0.054545
2025-07-06 02:15,0.0
2025-07-06 02:30,0.048676
2025-07-06 02:45,0.046355
2025-07-06 03:00,0.001061
2025-07-06 03:15,0.046355
2025-07-06 03:30,0.024239
2025-07-06 03:45,0.023178
2025-07-06 04:00,0.026328
2025-07-06 04:15,0.099806
2025-07-06 04:30,0.064294
2025-07-06 04:45,0.0
2025-07-06 05:00,0.01081
2025-07-06 05:15,0.051909
2025-07-06 05:30,0.02966
2025-07-06 05:45,0.0
2025-07-06 06:00,0.002122
2025-07-06 06:15,0.0
2025-07-06 06:30,0.035645
2025-07-06 06:45,0.097153
2025-07-06 07:00,0.001492
2025-07-06 07:15,0.009251
2025-07-06 07:30,0.046355
2025-07-06 07:45,0.0
2025-07-06 08:00,0.00388
2025-07-06 08:15,0.096905
2025-07-06 08:30,0.0
2025-07-06 08:45,0.002537
2025-07-06 09:00,0.0
2025-07-06 09:15,0.0
2025-07-06 09:30,0.063564
2025-07-06 09:45,0.024471
2025-07-06 10:00,0.023178
2025-07-06 10:15,0.002321
2025-07-06 10:30,0.0
2025-07-06 10:45,0.0
2025-07-06 11:00,0.0
2025-07-06 11:15,0.056319
2025-07-06 11:30,0.04798
2025-07-06 11:45,0.048278
2025-07-06 12:00,0.002852
2025-07-06 12:15,0.028864
2025-07-06 12:30,0.0
2025-07-06 12:45,0.003548
2025-07-06 13:00,0.004161
2025-07-06 13:15,0.002321
2025-07-06 13:30,0.0
2025-07-06 13:45,0.000962
2025-07-06 14:00,0.023178
2025-07-06 14:15,0.048676
2025-07-06 14:30,0.0
2025-07-06 14:45,0.027057
2025-07-06 15:00,0.0
2025-07-06 15:15,0.051992
2025-07-06 15:30,0.0
2025-07-06 15:45,0.001161
2025-07-06 16:00,0.050268
2025-07-06 16:15,0.0
2025-07-06 16:30,0.0
2025-07-06 16:45,0.047516
2025-07-06 17:00,0.0
2025-07-06 17:15,0.047764
2025-07-06 17:30,0.026294
2025-07-06 17:45,0.053119
2025-07-06 18:00,0.048693
2025-07-06 18:15,0.023178
2025-07-06 18:30,0.002321
2025-07-06 18:45,0.02462
2025-07-06 19:00,0.00388
2025-07-06 19:15,0.013031
2025-07-06 19:30,0.052771
2025-07-06 19:45,0.046355
2025-07-06 20:00,0.055358
2025-07-06 20:15,0.0
2025-07-06 20:30,0.008853
2025-07-06 20:45,0.047317
2025-07-06 21:00,0.0
2025-07-06 21:15,0.047914
2025-07-06 21:30,0.003482
2025-07-06 21:45,0.049439
2025-07-06 22:00,0.049737
2025-07-06 22:15,0.001161
2025-07-06 22:30,0.046355
2025-07-06 22:45,0.096822
2025-07-06 23:00,0.0
2025-07-06 23:15,0.003896
2025-07-06 23:30,0.11098
2025-07-06 23:45,0.0
2025-07-07 00:00,0.049223
2025-07-07 00:15,0.009583
2025-07-07 00:30,0.003515
2025-07-07 00:45,0.0
2025-07-07 01:00,0.002984
2025-07-07 01:15,0.001161
2025-07-07 01:30,0.09271
2025-07-07 01:45,0.005968
2025-07-07 02:00,0.02646
2025-07-07 02:15,0.0
2025-07-07 02:30,0.02719
2025-07-07 02:45,0.046355
2025-07-07 03:00,0.023178
2025-07-07 03:15,0.027787
2025-07-07 03:30,0.024239
2025-07-07 03:45,0.023178
2025-07-07 04:00,0.093937
2025-07-07 04:15,0.011572
2025-07-07 04:30,0.0
2025-07-07 04:45,0.003117
2025-07-07 05:00,0.046355
2025-07-07 05:15,0.047914
2025-07-07 05:30,0.001061
2025-07-07 05:45,0.002122
2025-07-07 06:00,0.046355
2025-07-07 06:15,0.001161
2025-07-07 06:30,0.004178
2025-07-07 06:45,0.007825
2025-07-07 07:00,0.061276
2025-07-07 07:15,0.027488
2025-07-07 07:30,0.023178
2025-07-07 07:45,0.050334
2025-07-07 08:00,0.046355
2025-07-07 08:15,0.0
2025-07-07 08:30,0.029444
2025-07-07 08:45,0.087123
2025-07-07 09:00,0.047317
2025-07-07 09:15,0.073246
2025-07-07 09:30,0.0
2025-07-07 09:45,0.025814
2025-07-07 10:00,0.005272
2025-07-07 10:15,0.029511
2025-07-07 10:30,0.005521
2025-07-07 10:45,0.002288
2025-07-07 11:00,0.002678
2025-07-07 11:15,0.026527
2025-07-07 11:30,0.028408
2025-07-07 11:45,0.027289
2025-07-07 12:00,0.055739
2025-07-07 12:15,0.05995
2025-07-07 12:30,0.234428
2025-07-07 12:45,0.20224
2025-07-07 13:00,0.094227
2025-07-07 13:15,0.358224
2025-07-07 13:30,0.399804
2025-07-07 13:45,0.248786
2025-07-07 14:00,0.139049
2025-07-07 14:15,0.489812
2025-07-07 14:30,0.554736
2025-07-07 14:45,0.208051
2025-07-07 15:00,0.325431
2025-07-07 15:15,0.179336
2025-07-07 15:30,0.272427
2025-07-07 15:45,0.400733
2025-07-07 16:00,0.414145
2025-07-07 16:15,0.18518
2025-07-07 16:30,0.226255
2025-07-07 16:45,0.250327
2025-07-07 17:00,0.299153
2025-07-07 17:15,0.342739
2025-07-07 17:30,0.136827
2025-07-07 17:45,0.519737
2025-07-07 18:00,0.51415
2025-07-07 18:15,0.279689
2025-07-07 18:30,0.264486
2025-07-07 18:45,0.480296
2025-07-07 19:00,0.368536
2025-07-07 19:15,0.646833
2025-07-07 19:30,0.538803
2025-07-07 19:45,0.720112
2025-07-07 20:00,0.271366
2025-07-07 20:15,0.103089
2025-07-07 20:30,0.328282
2025-07-07 20:45,0.694216
2025-07-07 21:00,0.165907
2025-07-07 21:15,0.050732
2025-07-07 21:30,0.069533
2025-07-07 21:45,0.113882
2025-07-07 22:00,0.131257
2025-07-07 22:15,0.005935
2025-07-07 22:30,0.042161
2025-07-07 22:45,0.003332
2025-07-07 23:00,0.024239
2025-07-07 23:15,0.000962
2025-07-07 23:30,0.050649
2025-07-07 23:45,0.076579
2025-07-08 00:00,0.03853
2025-07-08 00:15,0.052655
2025-07-08 00:30,0.046836
2025-07-08 00:45,0.0253
2025-07-08 01:00,0.047416
2025-07-08 01:15,0.001558
2025-07-08 01:30,0.001558
2025-07-08 01:45,0.003017
2025-07-08 02:00,0.004277
2025-07-08 02:15,0.0
2025-07-08 02:30,0.025167
2025-07-08 02:45,0.023178
2025-07-08 03:00,0.001923
2025-07-08 03:15,0.025913
2025-07-08 03:30,0.006267
2025-07-08 03:45,0.048477
2025-07-08 04:00,0.023178
2025-07-08 04:15,0.026676
2025-07-08 04:30,0.042558
2025-07-08 04:45,0.028483
2025-07-08 05:00,0.049571
2025-07-08 05:15,0.023841
2025-07-08 05:30,0.046355
2025-07-08 05:45,0.048577
2025-07-08 06:00,0.028483
2025-07-08 06:15,0.001061
2025-07-08 06:30,0.024338
2025-07-08 06:45,0.096009
2025-07-08 07:00,0.003117
2025-07-08 07:15,0.004907
2025-07-08 07:30,0.001161
2025-07-08 07:45,0.024239
2025-07-08 08:00,0.030854
2025-07-08 08:15,0.004775
2025-07-08 08:30,0.046355
2025-07-08 08:45,0.001558
2025-07-08 09:00,0.004377
2025-07-08 09:15,0.048345
2025-07-08 09:30,0.024471
2025-07-08 09:45,0.007925
2025-07-08 10:00,0.001161
2025-07-08 10:15,0.009367
2025-07-08 10:30,0.023178
2025-07-08 10:45,0.024736
2025-07-08 11:00,0.001509
2025-07-08 11:15,0.023178
2025-07-08 11:30,0.023178
2025-07-08 11:45,0.04977
2025-07-08 12:00,0.076463
2025-07-08 12:15,0.090207
2025-07-08 12:30,0.16143
2025-07-08 12:45,0.107698
2025-07-08 13:00,0.398959
2025-07-08 13:15,0.543595
2025-07-08 13:30,0.274168
2025-07-08 13:45,0.419484
2025-07-08 14:00,0.538671
2025-07-08 14:15,0.280319
2025-07-08 14:30,0.259562
2025-07-08 14:45,0.257572
2025-07-08 15:00,0.309001
2025-07-08 15:15,0.241441
2025-07-08 15:30,0.336671
2025-07-08 15:45,0.282706
2025-07-08 16:00,0.124443
2025-07-08 16:15,0.207504
2025-07-08 16:30,0.629126
2025-07-08 16:45,0.406917
2025-07-08 17:00,0.98672
2025-07-08 17:15,0.273837
2025-07-08 17:30,0.15523
2025-07-08 17:45,0.193942
2025-07-08 18:00,0.296318
2025-07-08 18:15,0.321734
2025-07-08 18:30,0.261585
2025-07-08 18:45,0.335958
2025-07-08 19:00,0.269791
2025-07-08 19:15,0.569193
2025-07-08 19:30,0.847473
2025-07-08 19:45,0.181309
2025-07-08 20:00,0.783875
2025-07-08 20:15,0.124741
2025-07-08 20:30,0.178242
2025-07-08 20:45,0.073827
2025-07-08 21:00,0.035628
2025-07-08 21:15,0.055673
2025-07-08 21:30,0.05927
2025-07-08 21:45,0.043238
2025-07-08 22:00,0.0252
2025-07-08 22:15,0.053683
2025-07-08 22:30,0.024852
2025-07-08 22:45,0.050533
2025-07-08 23:00,0.049439
2025-07-08 23:15,0.05612
2025-07-08 23:30,0.023178
2025-07-08 23:45,0.002454
2025-07-09 00:00,0.049356
2025-07-09 00:00,0.012699
2025-07-09 00:15,0.0
2025-07-09 00:30,0.002581
2025-07-09 00:45,0.004261
2025-07-09 01:00,0.023854
2025-07-09 01:15,0.000964
2025-07-09 01:30,0.010843
2025-07-09 01:45,0.0
2025-07-09 02:00,0.006889
2025-07-09 02:15,0.006723
2025-07-09 02:30,0.009431
2025-07-09 02:45,0.011927
2025-07-09 03:00,0.013155
2025-07-09 03:15,0.003583
2025-07-09 03:30,0.006475
2025-07-09 03:45,0.019153
2025-07-09 04:00,0.030585
2025-07-09 04:15,0.011556
2025-07-09 04:30,0.0
2025-07-09 04:45,0.005963
2025-07-09 05:00,0.005963
2025-07-09 05:15,0.006765
2025-07-09 05:30,0.011718
2025-07-09 05:45,0.011927
2025-07-09 06:00,0.006262
2025-07-09 06:15,0.001049
2025-07-09 06:30,0.000845
2025-07-09 06:45,0.005963
2025-07-09 07:00,0.005963
2025-07-09 07:15,0.015877
2025-07-09 07:30,0.012771
2025-07-09 07:45,0.003728
2025-07-09 08:00,0.031677
2025-07-09 08:15,0.012524
2025-07-09 08:30,0.000674
2025-07-09 08:45,0.013027
2025-07-09 09:00,0.014921
2025-07-09 09:15,0.012225
2025-07-09 09:30,0.0007
2025-07-09 09:45,0.011927
2025-07-09 10:00,0.000772
2025-07-09 10:15,0.000601
2025-07-09 10:30,0.000299
2025-07-09 10:45,0.012174
2025-07-09 11:00,0.000981
2025-07-09 11:15,0.007209
2025-07-09 11:30,0.0
2025-07-09 11:45,1.0
2025-07-09 12:00,0.007827
2025-07-09 12:15,0.02588
2025-07-09 12:30,0.059352
2025-07-09 12:45,0.030662
2025-07-09 13:00,0.044316
2025-07-09 13:15,0.059698
2025-07-09 13:30,0.01435
2025-07-09 13:45,0.043066
2025-07-09 14:00,0.098498
2025-07-09 14:15,0.051359
2025-07-09 14:30,0.160338
2025-07-09 14:45,0.090978
2025-07-09 15:00,0.082398
2025-07-09 15:15,0.050945
2025-07-09 15:30,0.11946
2025-07-09 15:45,0.110528
2025-07-09 16:00,0.113774
2025-07-09 16:15,0.088254
2025-07-09 16:30,0.06937
2025-07-09 16:45,0.075707
2025-07-09 17:00,0.069901
2025-07-09 17:15,0.072256
2025-07-09 17:30,0.176385
2025-07-09 17:45,0.090456
2025-07-09 18:00,0.063405
2025-07-09 18:15,0.073873
2025-07-09 18:30,0.101928
2025-07-09 18:45,0.092522
2025-07-09 19:00,0.103263
2025-07-09 19:15,0.091102
2025-07-09 19:30,0.049797
2025-07-09 19:45,0.068515
2025-07-09 20:00,0.056947
2025-07-09 20:15,0.073444
2025-07-09 20:30,0.028512
2025-07-09 20:45,0.029548
2025-07-09 21:00,0.038626
2025-07-09 21:15,0.027313
2025-07-09 21:30,0.015169
2025-07-09 21:45,0.017088
2025-07-09 22:00,0.060372
2025-07-09 22:15,0.024681
2025-07-09 22:30,0.000964
2025-07-09 22:45,0.000793
2025-07-09 23:00,0.020688
2025-07-09 23:15,0.006757
2025-07-09 23:30,0.008147
2025-07-09 23:45,0.006957
2025-07-10 00:00,0.002483
2025-07-10 00:15,0.006838
2025-07-10 00:30,0.000597
2025-07-10 00:45,0.006475
2025-07-10 01:00,0.022531
2025-07-10 01:15,0.018368
2025-07-10 01:30,0.012695
2025-07-10 01:45,0.012729
2025-07-10 02:00,0.012831
2025-07-10 02:15,0.011325
2025-07-10 02:30,0.021497
2025-07-10 02:45,0.024319
2025-07-10 03:00,0.060568
2025-07-10 03:15,0.012268
2025-07-10 03:30,0.011927
2025-07-10 03:45,0.0
2025-07-10 04:00,0.019272
2025-07-10 04:15,0.014725
2025-07-10 04:30,0.000674
2025-07-10 04:45,0.013735
2025-07-10 05:00,0.000273
2025-07-10 05:15,0.000503
2025-07-10 05:30,0.036454
2025-07-10 05:45,0.0122
2025-07-10 06:00,0.007461
2025-07-10 06:15,0.0
2025-07-10 06:30,0.0
2025-07-10 06:45,0.012597
2025-07-10 07:00,0.006509
2025-07-10 07:15,0.006757
2025-07-10 07:30,0.005115
2025-07-10 07:45,0.017178
2025-07-10 08:00,0.000606
2025-07-10 08:15,0.006561
2025-07-10 08:30,0.0122
2025-07-10 08:45,0.012823
2025-07-10 09:00,0.01789
2025-07-10 09:15,0.0
2025-07-10 09:30,0.00038
2025-07-10 09:45,0.007371
2025-07-10 10:00,0.000299
2025-07-10 10:15,0.0
2025-07-10 10:30,0.008164
2025-07-10 10:45,0.0
2025-07-10 11:00,0.001877
2025-07-10 11:15,0.0
2025-07-10 11:30,0.006962
2025-07-10 11:45,0.019332
2025-07-10 12:00,0.023854
2025-07-10 12:15,0.027586
2025-07-10 12:30,0.057484
2025-07-10 12:45,0.038434
2025-07-10 13:00,0.080928
2025-07-10 13:15,0.13677
2025-07-10 13:30,0.139611
2025-07-10 13:45,0.087561
2025-07-10 14:00,0.113949
2025-07-10 14:15,0.086009
2025-07-10 14:30,0.115518
2025-07-10 14:45,0.0745
2025-07-10 15:00,0.064386
2025-07-10 15:15,0.097799
2025-07-10 15:30,0.130337
2025-07-10 15:45,0.092309
2025-07-10 16:00,0.050224
2025-07-10 16:15,0.031886
2025-07-10 16:30,0.04101
2025-07-10 16:45,0.094493
2025-07-10 17:00,0.032713
2025-07-10 17:15,0.052306
2025-07-10 17:30,0.068716
2025-07-10 17:45,0.061905
2025-07-10 18:00,0.1255
2025-07-10 18:15,0.101194
2025-07-10 18:30,0.030572
2025-07-10 18:45,0.127053
2025-07-10 19:00,0.113842
2025-07-10 19:15,0.103946
2025-07-10 19:30,0.108941
2025-07-10 19:45,0.180152
2025-07-10 20:00,0.066293
2025-07-10 20:15,0.09219
2025-07-10 20:30,0.090863
2025-07-10 20:45,0.034209
2025-07-10 21:00,0.058508
2025-07-10 21:15,0.05025
2025-07-10 21:30,0.026985
2025-07-10 21:45,0.002773
2025-07-10 22:00,0.034339
2025-07-10 22:15,0.012993
2025-07-10 22:30,0.01603
2025-07-10 22:45,0.012887
2025-07-10 23:00,0.000273
2025-07-10 23:15,0.00087
2025-07-10 23:30,0.024877
2025-07-10 23:45,0.015365
2025-07-11 00:00,0.04052
2025-07-11 00:15,0.014623
2025-07-11 00:30,0.013172
2025-07-11 00:45,0.012097
2025-07-11 01:00,0.000546
2025-07-11 01:15,0.003029
2025-07-11 01:30,0.015164
2025-07-11 01:45,0.036804
2025-07-11 02:00,0.026191
2025-07-11 02:15,0.006509
2025-07-11 02:30,0.024877
2025-07-11 02:45,0.009291
2025-07-11 03:00,0.006765
2025-07-11 03:15,0.005963
2025-07-11 03:30,0.01789
2025-07-11 03:45,0.012443
2025-07-11 04:00,0.037103
2025-07-11 04:15,0.032364
2025-07-11 04:30,0.009094
2025-07-11 04:45,0.005963
2025-07-11 05:00,0.012306
2025-07-11 05:15,0.011927
2025-07-11 05:30,0.013462
2025-07-11 05:45,0.01438
2025-07-11 06:00,0.000819
2025-07-11 06:15,0.0122
2025-07-11 06:30,0.0244
2025-07-11 06:45,0.0
2025-07-11 07:00,0.000921
2025-07-11 07:15,0.011927
2025-07-11 07:30,0.001143
2025-07-11 07:45,0.014618
2025-07-11 08:00,0.011807
2025-07-11 08:15,0.001902
2025-07-11 08:30,0.002798
2025-07-11 08:45,0.018189
2025-07-11 09:00,0.006561
2025-07-11 09:15,0.005963
2025-07-11 09:30,0.036113
2025-07-11 09:45,0.018888
2025-07-11 10:00,0.019652
2025-07-11 10:15,0.007994
2025-07-11 10:30,0.001297
2025-07-11 10:45,0.018692
2025-07-11 11:00,0.013718
2025-07-11 11:15,0.021418
2025-07-11 11:30,0.001638
2025-07-11 11:45,0.025888
2025-07-11 12:00,0.074666
2025-07-11 12:15,0.004377
2025-07-11 12:30,0.038084
2025-07-11 12:45,0.03648
2025-07-11 13:00,0.070588
2025-07-11 13:15,0.040931
2025-07-11 13:30,0.158589
2025-07-11 13:45,0.122523
2025-07-11 14:00,0.328981
2025-07-11 14:15,0.215373
2025-07-11 14:30,0.146671
2025-07-11 14:45,0.051384
2025-07-11 15:00,0.101173
2025-07-11 15:15,0.090368
2025-07-11 15:30,0.092155
2025-07-11 15:45,0.124732
2025-07-11 16:00,0.11676
2025-07-11 16:15,0.042695
2025-07-11 16:30,0.037237
2025-07-11 16:45,0.031314
2025-07-11 17:00,0.061063
2025-07-11 17:15,0.048228
2025-07-11 17:30,0.041505
2025-07-11 17:45,0.047929
2025-07-11 18:00,0.040426
2025-07-11 18:15,0.024434
2025-07-11 18:30,0.115817
2025-07-11 18:45,0.024681
2025-07-11 19:00,0.027356
2025-07-11 19:15,0.076001
2025-07-11 19:30,0.106859
2025-07-11 19:45,0.100759
2025-07-11 20:00,0.026767
2025-07-11 20:15,0.046615
2025-07-11 20:30,0.055479
2025-07-11 20:45,0.013164
2025-07-11 21:00,0.029817
2025-07-11 21:15,0.02806
2025-07-11 21:30,0.017935
2025-07-11 21:45,0.043702
2025-07-11 22:00,0.045468
2025-07-11 22:15,0.034955
2025-07-11 22:30,0.036339
2025-07-11 22:45,0.073668
2025-07-11 23:00,0.002687
2025-07-11 23:15,0.029817
2025-07-11 23:30,0.028448
2025-07-11 23:45,0.000845
2025-07-12 00:00,0.0
2025-07-12 00:15,0.0079
2025-07-12 00:30,0.006561
2025-07-12 00:45,0.035473
2025-07-12 01:00,0.005963
2025-07-12 01:15,0.012712
2025-07-12 01:30,0.025014
2025-07-12 01:45,0.005963
2025-07-12 02:00,0.013275
2025-07-12 02:15,0.077511
2025-07-12 02:30,0.079162
2025-07-12 02:45,0.019187
2025-07-12 03:00,0.012225
2025-07-12 03:15,0.007004
2025-07-12 03:30,0.013027
2025-07-12 03:45,0.013027
2025-07-12 04:00,0.0
2025-07-12 04:15,0.000299
2025-07-12 04:30,0.012434
2025-07-12 04:45,0.012686
2025-07-12 05:00,0.027083
2025-07-12 05:15,0.027381
2025-07-12 05:30,0.012733
2025-07-12 05:45,0.015962
2025-07-12 06:00,0.000273
2025-07-12 06:15,0.013087
2025-07-12 06:30,0.012473
2025-07-12 06:45,0.012925
2025-07-12 07:00,0.018163
2025-07-12 07:15,0.0
2025-07-12 07:30,0.000674
2025-07-12 07:45,0.03578
2025-07-12 08:00,0.013889
2025-07-12 08:15,0.000273
2025-07-12 08:30,0.000896
2025-07-12 08:45,0.011927
2025-07-12 09:00,0.002303
2025-07-12 09:15,0.0
2025-07-12 09:30,0.011927
2025-07-12 09:45,0.001011
2025-07-12 10:00,0.011884
2025-07-12 10:15,0.006262
2025-07-12 10:30,0.000597
2025-07-12 10:45,0.016035
2025-07-12 11:00,0.012729
2025-07-12 11:15,0.012306
2025-07-12 11:30,0.005963
2025-07-12 11:45,0.01789
2025-07-12 12:00,0.013727
2025-07-12 12:15,0.000597
2025-07-12 12:30,0.012473
2025-07-12 12:45,0.011927
2025-07-12 13:00,0.012473
2025-07-12 13:15,0.000768
2025-07-12 13:30,0.0122
2025-07-12 13:45,0.000597
2025-07-12 14:00,0.0
2025-07-12 14:15,0.011927
2025-07-12 14:30,0.018607
2025-07-12 14:45,0.001399
2025-07-12 15:00,0.000299
2025-07-12 15:15,0.024963
2025-07-12 15:30,0.000273
2025-07-12 15:45,0.039022
2025-07-12 16:00,0.005963
2025-07-12 16:15,0.006795
2025-07-12 16:30,0.018436
2025-07-12 16:45,0.018564
2025-07-12 17:00,0.00392
2025-07-12 17:15,0.021439
2025-07-12 17:30,0.0244
2025-07-12 17:45,0.0
2025-07-12 18:00,0.018402
2025-07-12 18:15,0.000597
2025-07-12 18:30,0.011927
2025-07-12 18:45,0.004901
2025-07-12 19:00,0.037828
2025-07-12 19:15,0.006509
2025-07-12 19:30,0.006612
2025-07-12 19:45,0.005963
2025-07-12 20:00,0.027334
2025-07-12 20:15,0.007874
2025-07-12 20:30,0.014239
2025-07-12 20:45,0.020245
2025-07-12 21:00,0.024127
2025-07-12 21:15,0.007738
2025-07-12 21:30,0.011927
2025-07-12 21:45,0.021222
2025-07-12 22:00,0.003485
2025-07-12 22:15,0.038886
2025-07-12 22:30,0.00203
2025-07-12 22:45,0.005963
2025-07-12 23:00,0.002658
2025-07-12 23:15,0.016815
2025-07-12 23:30,0.005362
2025-07-12 23:45,0.012328
2025-07-13 00:00,0.012225
2025-07-13 00:15,0.017152
2025-07-13 00:30,0.020168
2025-07-13 00:45,0.0
2025-07-13 01:00,0.000516
2025-07-13 01:15,0.000299
2025-07-13 01:30,0.014128
2025-07-13 01:45,0.012524
2025-07-13 02:00,0.013625
2025-07-13 02:15,0.020074
2025-07-13 02:30,0.012225
2025-07-13 02:45,0.018692
2025-07-13 03:00,0.005963
2025-07-13 03:15,0.012788
2025-07-13 03:30,0.0
2025-07-13 03:45,0.018189
2025-07-13 04:00,0.007158
2025-07-13 04:15,0.012473
2025-07-13 04:30,0.024195
2025-07-13 04:45,0.000546
2025-07-13 05:00,0.011325
2025-07-13 05:15,0.002679
2025-07-13 05:30,0.005963
2025-07-13 05:45,0.011927
2025-07-13 06:00,0.005963
2025-07-13 06:15,0.011509
2025-07-13 06:30,0.014998
2025-07-13 06:45,0.001352
2025-07-13 07:00,0.006343
2025-07-13 07:15,0.024152
2025-07-13 07:30,0.005963
2025-07-13 07:45,0.018163
2025-07-13 08:00,0.015045
2025-07-13 08:15,0.006343
2025-07-13 08:30,0.018163
2025-07-13 08:45,0.022314
2025-07-13 09:00,0.033895
2025-07-13 09:15,0.01432
2025-07-13 09:30,0.018291
2025-07-13 09:45,0.005963
2025-07-13 10:00,0.0
2025-07-13 10:15,0.006236
2025-07-13 10:30,0.01789
2025-07-13 10:45,0.001049
2025-07-13 11:00,0.012797
2025-07-13 11:15,0.006236
2025-07-13 11:30,0.01789
2025-07-13 11:45,0.006364
2025-07-13 12:00,0.008339
2025-07-13 12:15,0.006625
2025-07-13 12:30,0.005963
2025-07-13 12:45,0.007115
2025-07-13 13:00,0.005963
2025-07-13 13:15,0.001642
2025-07-13 13:30,0.005963
2025-07-13 13:45,0.006262
2025-07-13 14:00,0.0
2025-07-13 14:15,0.000546
2025-07-13 14:30,0.006236
2025-07-13 14:45,0.001706
2025-07-13 15:00,0.000299
2025-07-13 15:15,0.009397
2025-07-13 15:30,0.007486
2025-07-13 15:45,0.058371
2025-07-13 16:00,0.000273
2025-07-13 16:15,0.007183
2025-07-13 16:30,0.005963
2025-07-13 16:45,0.01789
2025-07-13 17:00,0.000273
2025-07-13 17:15,0.000546
2025-07-13 17:30,0.000546
2025-07-13 17:45,0.011927
2025-07-13 18:00,0.025227
2025-07-13 18:15,0.002005
2025-07-13 18:30,0.012524
2025-07-13 18:45,0.013015
2025-07-13 19:00,0.0
2025-07-13 19:15,0.018291
2025-07-13 19:30,0.013765
2025-07-13 19:45,0.007269
2025-07-13 20:00,0.012328
2025-07-13 20:15,0.024451
2025-07-13 20:30,0.0
2025-07-13 20:45,0.005963
2025-07-13 21:00,0.006236
2025-07-13 21:15,0.008774
2025-07-13 21:30,0.012507
2025-07-13 21:45,0.024528
2025-07-13 22:00,0.011927
2025-07-13 22:15,0.000273
2025-07-13 22:30,0.016308
2025-07-13 22:45,0.001348
2025-07-13 23:00,0.018487
2025-07-13 23:15,0.006509
2025-07-13 23:30,0.0
2025-07-13 23:45,0.007601
2025-07-14 00:00,0.008506
2025-07-14 00:15,0.01789
2025-07-14 00:30,0.026336
2025-07-14 00:45,0.005963
2025-07-14 01:00,0.012038
2025-07-14 01:15,0.0
2025-07-14 01:30,0.003387
2025-07-14 01:45,0.000802
2025-07-14 02:00,0.0
2025-07-14 02:15,0.036053
2025-07-14 02:30,0.0
2025-07-14 02:45,0.005191
2025-07-14 03:00,0.005963
2025-07-14 03:15,0.0
2025-07-14 03:30,0.014665
2025-07-14 03:45,0.004257
2025-07-14 04:00,0.036804
2025-07-14 04:15,0.000273
2025-07-14 04:30,0.005963
2025-07-14 04:45,0.012951
2025-07-14 05:00,0.012328
2025-07-14 05:15,0.000759
2025-07-14 05:30,0.0
2025-07-14 05:45,0.00189
2025-07-14 06:00,0.0
2025-07-14 06:15,0.0122
2025-07-14 06:30,0.023854
2025-07-14 06:45,0.0
2025-07-14 07:00,0.0
2025-07-14 07:15,0.018667
2025-07-14 07:30,0.0
2025-07-14 07:45,0.011927
2025-07-14 08:00,0.012823
2025-07-14 08:15,0.00325
2025-07-14 08:30,0.000299
2025-07-14 08:45,0.0
2025-07-14 09:00,0.000299
2025-07-14 09:15,0.015314
2025-07-14 09:30,0.024127
2025-07-14 09:45,0.000299
2025-07-14 10:00,0.012473
2025-07-14 10:15,0.036352
2025-07-14 10:30,0.024365
2025-07-14 10:45,0.0
2025-07-14 11:00,0.011927
2025-07-14 11:15,0.009376
2025-07-14 11:30,0.012443
2025-07-14 11:45,0.014887
2025-07-14 12:00,0.000781
2025-07-14 12:15,0.060858
2025-07-14 12:30,0.037171
2025-07-14 12:45,0.031007
2025-07-14 13:00,0.01798
2025-07-14 13:15,0.094824
2025-07-14 13:30,0.117557
2025-07-14 13:45,0.056618
2025-07-14 14:00,0.049567
2025-07-14 14:15,0.025447
2025-07-14 14:30,0.12361
2025-07-14 14:45,0.076163
2025-07-14 15:00,0.091511
2025-07-14 15:15,0.097842
2025-07-14 15:30,0.061298
2025-07-14 15:45,0.110711
2025-07-14 16:00,0.055761
2025-07-14 16:15,0.103093
2025-07-14 16:30,0.025671
2025-07-14 16:45,0.086614
2025-07-14 17:00,0.085492
2025-07-14 17:15,0.067231
2025-07-14 17:30,0.054814
2025-07-14 17:45,0.080374
2025-07-14 18:00,0.060995
2025-07-14 18:15,0.067391
2025-07-14 18:30,0.075745
2025-07-14 18:45,0.123581
2025-07-14 19:00,0.053321
2025-07-14 19:15,0.105115
2025-07-14 19:30,0.090138
2025-07-14 19:45,0.068319
2025-07-14 20:00,0.06455
2025-07-14 20:15,0.039449
2025-07-14 20:30,0.048812
2025-07-14 20:45,0.016184
2025-07-14 21:00,0.018701
2025-07-14 21:15,0.012968
2025-07-14 21:30,0.027002
2025-07-14 21:45,0.005963
2025-07-14 22:00,0.031506
2025-07-14 22:15,0.001211
2025-07-14 22:30,0.020586
2025-07-14 22:45,0.013027
2025-07-14 23:00,0.0
2025-07-14 23:15,0.005963
2025-07-14 23:30,0.000845
2025-07-14 23:45,0.0
2025-07-15 00:00,0.00296
2025-07-15 00:15,0.007055
2025-07-15 00:30,0.004816
2025-07-15 00:45,0.007742
2025-07-15 01:00,0.005963
2025-07-15 01:15,0.0
2025-07-15 01:30,0.015271
2025-07-15 01:45,0.012225
2025-07-15 02:00,0.0
2025-07-15 02:15,0.023854
2025-07-15 02:30,0.007081
2025-07-15 02:45,0.000845
2025-07-15 03:00,0.015164
2025-07-15 03:15,0.003238
2025-07-15 03:30,0.006475
2025-07-15 03:45,0.010801
2025-07-15 04:00,0.015676
2025-07-15 04:15,0.006236
2025-07-15 04:30,0.006262
2025-07-15 04:45,0.042362
2025-07-15 05:00,0.006629
2025-07-15 05:15,0.007593
2025-07-15 05:30,0.000951
2025-07-15 05:45,0.001817
2025-07-15 06:00,0.000299
2025-07-15 06:15,0.012852
2025-07-15 06:30,0.012225
2025-07-15 06:45,0.006262
2025-07-15 07:00,0.0
2025-07-15 07:15,0.0
2025-07-15 07:30,0.010971
2025-07-15 07:45,0.0
2025-07-15 08:00,0.01313
2025-07-15 08:15,0.000597
2025-07-15 08:30,0.021567
2025-07-15 08:45,0.01226
2025-07-15 09:00,0.016947
2025-07-15 09:15,0.024451
2025-07-15 09:30,0.013189
2025-07-15 09:45,0.000247
2025-07-15 10:00,0.001203
2025-07-15 10:15,0.011927
2025-07-15 10:30,0.0
2025-07-15 10:45,0.008416
2025-07-15 11:00,0.000299
2025-07-15 11:15,0.000299
2025-07-15 11:30,0.011927
2025-07-15 11:45,0.006889
2025-07-15 12:00,0.037713
2025-07-15 12:15,0.032376
2025-07-15 12:30,0.085313
2025-07-15 12:45,0.029326
2025-07-15 13:00,0.072435
2025-07-15 13:15,0.050651
2025-07-15 13:30,0.087523
2025-07-15 13:45,0.126545
2025-07-15 14:00,0.192497
2025-07-15 14:15,0.101958
2025-07-15 14:30,0.082664
2025-07-15 14:45,0.110575
2025-07-15 15:00,0.08725
2025-07-15 15:15,0.082652
2025-07-15 15:30,0.060732
2025-07-15 15:45,0.199241
2025-07-15 16:00,0.162697
2025-07-15 16:15,0.08992
2025-07-15 16:30,0.131451
2025-07-15 16:45,0.13012
2025-07-15 17:00,0.069795
2025-07-15 17:15,0.073395
2025-07-15 17:30,0.056106
2025-07-15 17:45,0.053398
2025-07-15 18:00,0.065585
2025-07-15 18:15,0.08673
2025-07-15 18:30,0.079307
2025-07-15 18:45,0.076936
2025-07-15 19:00,0.112332
2025-07-15 19:15,0.114375
2025-07-15 19:30,0.076198
2025-07-15 19:45,0.11092
2025-07-15 20:00,0.049597
2025-07-15 20:15,0.098554
2025-07-15 20:30,0.043663
2025-07-15 20:45,0.046423
2025-07-15 21:00,0.013015
2025-07-15 21:15,0.019946
2025-07-15 21:30,0.016269
2025-07-15 21:45,0.025581
2025-07-15 22:00,0.006612
2025-07-15 22:15,0.006808
2025-07-15 22:30,0.0
2025-07-15 22:45,0.007192
2025-07-15 23:00,0.014328
2025-07-15 23:15,0.005963
2025-07-15 23:30,0.013462
2025-07-15 23:45,0.000964
2025-07-16 00:00,0.03828
2025-07-16 00:00,0.193345
2025-07-16 00:15,0.066143
2025-07-16 00:30,0.004783
2025-07-16 00:45,0.0
2025-07-16 01:00,0.067005
2025-07-16 01:15,0.128171
2025-07-16 01:30,0.0
2025-07-16 01:45,0.0
2025-07-16 02:00,0.03012
2025-07-16 02:15,0.061748
2025-07-16 02:30,0.033653
2025-07-16 02:45,0.003361
2025-07-16 03:00,0.001508
2025-07-16 03:15,0.001681
2025-07-16 03:30,0.003813
2025-07-16 03:45,0.035248
2025-07-16 04:00,0.032705
2025-07-16 04:15,0.09036
2025-07-16 04:30,0.12565
2025-07-16 04:45,0.002025
2025-07-16 05:00,0.001508
2025-07-16 05:15,0.010126
2025-07-16 05:30,0.0
2025-07-16 05:45,0.0
2025-07-16 06:00,0.065411
2025-07-16 06:15,0.032878
2025-07-16 06:30,0.0
2025-07-16 06:45,0.035161
2025-07-16 07:00,0.03012
2025-07-16 07:15,0.032145
2025-07-16 07:30,0.032813
2025-07-16 07:45,0.0
2025-07-16 08:00,0.080514
2025-07-16 08:15,0.035334
2025-07-16 08:30,0.095509
2025-07-16 08:45,0.031628
2025-07-16 09:00,0.002887
2025-07-16 09:15,0.122354
2025-07-16 09:30,0.101024
2025-07-16 09:45,0.097599
2025-07-16 10:00,0.036196
2025-07-16 10:15,0.031499
2025-07-16 10:30,0.06024
2025-07-16 10:45,0.12048
2025-07-16 11:00,0.073382
2025-07-16 11:15,0.0
2025-07-16 11:30,0.0
2025-07-16 11:45,0.17083
2025-07-16 12:00,0.074524
2025-07-16 12:15,0.044986
2025-07-16 12:30,0.309472
2025-07-16 12:45,0.177768
2025-07-16 13:00,0.80365
2025-07-16 13:15,0.391408
2025-07-16 13:30,0.581262
2025-07-16 13:45,0.374323
2025-07-16 14:00,0.752847
2025-07-16 14:15,0.661087
2025-07-16 14:30,0.46089
2025-07-16 14:45,0.40692
2025-07-16 15:00,0.445658
2025-07-16 15:15,0.553491
2025-07-16 15:30,0.639822
2025-07-16 15:45,0.598326
2025-07-16 16:00,0.499219
2025-07-16 16:15,0.464208
2025-07-16 16:30,0.374732
2025-07-16 16:45,0.395092
2025-07-16 17:00,0.075817
2025-07-16 17:15,0.285234
2025-07-16 17:30,0.710942
2025-07-16 17:45,0.270648
2025-07-16 18:00,0.245979
2025-07-16 18:15,0.268601
2025-07-16 18:30,0.203945
2025-07-16 18:45,0.364908
2025-07-16 19:00,0.368032
2025-07-16 19:15,0.418167
2025-07-16 19:30,0.314018
2025-07-16 19:45,0.491635
2025-07-16 20:00,0.073253
2025-07-16 20:15,0.23456
2025-07-16 20:30,0.015943
2025-07-16 20:45,0.169451
2025-07-16 21:00,0.128042
2025-07-16 21:15,0.160252
2025-07-16 21:30,0.019563
2025-07-16 21:45,0.0
2025-07-16 22:00,0.003878
2025-07-16 22:15,0.034386
2025-07-16 22:30,0.063127
2025-07-16 22:45,0.027341
2025-07-16 23:00,0.0
2025-07-16 23:15,0.002025
2025-07-16 23:30,0.003447
2025-07-16 23:45,0.021588
2025-07-17 00:00,0.002004
2025-07-17 00:15,0.0
2025-07-17 00:30,0.067307
2025-07-17 00:45,0.00405
2025-07-17 01:00,0.001508
2025-07-17 01:15,0.009221
2025-07-17 01:30,0.012453
2025-07-17 01:45,0.061963
2025-07-17 02:00,0.003189
2025-07-17 02:15,0.006765
2025-07-17 02:30,0.0
2025-07-17 02:45,0.003016
2025-07-17 03:00,0.030982
2025-07-17 03:15,0.03249
2025-07-17 03:30,0.0
2025-07-17 03:45,0.0
2025-07-17 04:00,0.0
2025-07-17 04:15,0.002025
2025-07-17 04:30,0.0
2025-07-17 04:45,0.004115
2025-07-17 05:00,0.002025
2025-07-17 05:15,0.009092
2025-07-17 05:30,0.003124
2025-07-17 05:45,0.00405
2025-07-17 06:00,0.0
2025-07-17 06:15,0.016331
2025-07-17 06:30,0.0
2025-07-17 06:45,0.0
2025-07-17 07:00,0.0
2025-07-17 07:15,0.0
2025-07-17 07:30,0.004266
2025-07-17 07:45,0.0
2025-07-17 08:00,0.0
2025-07-17 08:15,0.0
2025-07-17 08:30,0.0
2025-07-17 08:45,0.0
2025-07-17 09:00,0.0
2025-07-17 09:15,0.0
2025-07-17 09:30,0.0
2025-07-17 09:45,0.0
2025-07-17 10:00,0.0
2025-07-17 10:15,0.0
2025-07-17 10:30,0.0
2025-07-17 10:45,0.0
2025-07-17 11:00,0.026565
2025-07-17 11:15,0.004568
2025-07-17 11:30,0.002607
2025-07-17 11:45,0.003189
2025-07-17 12:00,0.123367
2025-07-17 12:15,0.238158
2025-07-17 12:30,0.108845
2025-07-17 12:45,0.192623
2025-07-17 13:00,0.515044
2025-07-17 13:15,0.298527
2025-07-17 13:30,0.365231
2025-07-17 13:45,0.379946
2025-07-17 14:00,0.369346
2025-07-17 14:15,0.128559
2025-07-17 14:30,0.483513
2025-07-17 14:45,0.230811
2025-07-17 15:00,0.20918
2025-07-17 15:15,0.11003
2025-07-17 15:30,0.147282
2025-07-17 15:45,0.368333
2025-07-17 16:00,0.153734
2025-07-17 16:15,0.152582
2025-07-17 16:30,0.171864
2025-07-17 16:45,0.420192
2025-07-17 17:00,0.221827
2025-07-17 17:15,0.061813
2025-07-17 17:30,0.217238
2025-07-17 17:45,0.371091
2025-07-17 18:00,0.311864
2025-07-17 18:15,0.314859
2025-07-17 18:30,0.307145
2025-07-17 18:45,0.079393
2025-07-17 19:00,0.119058
2025-07-17 19:15,0.526904
2025-07-17 19:30,0.199593
2025-07-17 19:45,0.24404
2025-07-17 20:00,0.373289
2025-07-17 20:15,0.07823
2025-07-17 20:30,0.337351
2025-07-17 20:45,0.254296
2025-07-17 21:00,0.033007
2025-07-17 21:15,0.027815
2025-07-17 21:30,0.003016
2025-07-17 21:45,0.01157
2025-07-17 22:00,0.003878
2025-07-17 22:15,0.016762
2025-07-17 22:30,0.005408
2025-07-17 22:45,0.003016
2025-07-17 23:00,0.0
2025-07-17 23:15,0.004524
2025-07-17 23:30,0.03012
2025-07-17 23:45,0.00405
2025-07-18 00:00,0.033955
2025-07-18 00:15,0.005731
2025-07-18 00:30,0.003016
2025-07-18 00:45,0.00405
2025-07-18 01:00,0.0
2025-07-18 01:15,0.03012
2025-07-18 01:30,0.001681
2025-07-18 01:45,0.016547
2025-07-18 02:00,0.003016
2025-07-18 02:15,0.001508
2025-07-18 02:30,0.00209
2025-07-18 02:45,0.0
2025-07-18 03:00,0.008618
2025-07-18 03:15,0.0
2025-07-18 03:30,0.007498
2025-07-18 03:45,0.035334
2025-07-18 04:00,0.134829
2025-07-18 04:15,0.0
2025-07-18 04:30,0.0
2025-07-18 04:45,0.002909
2025-07-18 05:00,0.00655
2025-07-18 05:15,0.0
2025-07-18 05:30,0.097685
2025-07-18 05:45,0.013789
2025-07-18 06:00,0.005559
2025-07-18 06:15,0.029926
2025-07-18 06:30,0.0
2025-07-18 06:45,0.005429
2025-07-18 07:00,0.002025
2025-07-18 07:15,0.002025
2025-07-18 07:30,0.001508
2025-07-18 07:45,0.010859
2025-07-18 08:00,0.004697
2025-07-18 08:15,0.0
2025-07-18 08:30,0.0
2025-07-18 08:45,0.010083
2025-07-18 09:00,0.003404
2025-07-18 09:15,0.001508
2025-07-18 09:30,0.0
2025-07-18 09:45,0.00405
2025-07-18 10:00,0.001681
2025-07-18 10:15,0.014134
2025-07-18 10:30,0.001508
2025-07-18 10:45,0.03012
2025-07-18 11:00,0.0
2025-07-18 11:15,0.003016
2025-07-18 11:30,0.03012
2025-07-18 11:45,0.0
2025-07-18 12:00,0.0
2025-07-18 12:15,0.153228
2025-07-18 12:30,0.094367
2025-07-18 12:45,0.078316
2025-07-18 13:00,0.459835
2025-07-18 13:15,0.157192
2025-07-18 13:30,0.169925
2025-07-18 13:45,1.0
2025-07-18 14:00,0.115891
2025-07-18 14:15,0.374064
2025-07-18 14:30,0.5168
2025-07-18 14:45,0.347865
2025-07-18 15:00,0.29047
2025-07-18 15:15,0.204871
2025-07-18 15:30,0.815025
2025-07-18 15:45,0.244234
2025-07-18 16:00,0.15116
2025-07-18 16:15,0.290771
2025-07-18 16:30,0.23846
2025-07-18 16:45,0.322819
2025-07-18 17:00,0.078187
2025-07-18 17:15,0.138039
2025-07-18 17:30,0.344892
2025-07-18 17:45,0.198257
2025-07-18 18:00,0.257657
2025-07-18 18:15,0.358035
2025-07-18 18:30,0.266124
2025-07-18 18:45,0.466212
2025-07-18 19:00,0.269679
2025-07-18 19:15,0.187592
2025-07-18 19:30,0.123431
2025-07-18 19:45,0.144287
2025-07-18 20:00,0.126728
2025-07-18 20:15,0.237167
2025-07-18 20:30,0.058387
2025-07-18 20:45,0.121212
2025-07-18 21:00,0.066315
2025-07-18 21:15,0.014608
2025-07-18 21:30,0.079652
2025-07-18 21:45,0.0
2025-07-18 22:00,0.03012
2025-07-18 22:15,0.057654
2025-07-18 22:30,0.004266
2025-07-18 22:45,0.032619
2025-07-18 23:00,0.003016
2025-07-18 23:15,0.061748
2025-07-18 23:30,0.031628
2025-07-18 23:45,0.01674
2025-07-19 00:00,0.159864
2025-07-19 00:15,0.06024
2025-07-19 00:30,0.0
2025-07-19 00:45,0.09036
2025-07-19 01:00,0.034558
2025-07-19 01:15,0.003016
2025-07-19 01:30,0.039901
2025-07-19 01:45,0.06024
2025-07-19 02:00,0.0
2025-07-19 02:15,0.049381
2025-07-19 02:30,0.002025
2025-07-19 02:45,0.0
2025-07-19 03:00,0.0
2025-07-19 03:15,0.006334
2025-07-19 03:30,0.03012
2025-07-19 03:45,0.002025
2025-07-19 04:00,0.103631
2025-07-19 04:15,0.0
2025-07-19 04:30,0.0
2025-07-19 04:45,0.0
2025-07-19 05:00,0.039664
2025-07-19 05:15,0.063127
2025-07-19 05:30,0.064635
2025-07-19 05:45,0.0
2025-07-19 06:00,0.0
2025-07-19 06:15,0.002176
2025-07-19 06:30,0.002025
2025-07-19 06:45,0.006033
2025-07-19 07:00,0.065411
2025-07-19 07:15,0.002068
2025-07-19 07:30,0.0
2025-07-19 07:45,0.002499
2025-07-19 08:00,0.0
2025-07-19 08:15,0.0
2025-07-19 08:30,0.007368
2025-07-19 08:45,0.00405
2025-07-19 09:00,0.003016
2025-07-19 09:15,0.0
2025-07-19 09:30,0.009954
2025-07-19 09:45,0.0
2025-07-19 10:00,0.00405
2025-07-19 10:15,0.00405
2025-07-19 10:30,0.005731
2025-07-19 10:45,0.0
2025-07-19 11:00,0.015469
2025-07-19 11:15,0.001508
2025-07-19 11:30,0.001681
2025-07-19 11:45,0.00614
2025-07-19 12:00,0.004352
2025-07-19 12:15,0.0
2025-07-19 12:30,0.0
2025-07-19 12:45,0.0
2025-07-19 13:00,0.00405
2025-07-19 13:15,0.00907
2025-07-19 13:30,0.065411
2025-07-19 13:45,0.0
2025-07-19 14:00,0.002025
2025-07-19 14:15,0.017451
2025-07-19 14:30,0.001508
2025-07-19 14:45,0.0
2025-07-19 15:00,0.0
2025-07-19 15:15,0.002887
2025-07-19 15:30,0.0
2025-07-19 15:45,0.0
2025-07-19 16:00,0.0
2025-07-19 16:15,0.001508
2025-07-19 16:30,0.014134
2025-07-19 16:45,0.002025
2025-07-19 17:00,0.0
2025-07-19 17:15,0.01478
2025-07-19 17:30,0.001508
2025-07-19 17:45,0.0
2025-07-19 18:00,0.001681
2025-07-19 18:15,0.002025
2025-07-19 18:30,0.0
2025-07-19 18:45,0.03012
2025-07-19 19:00,0.085038
2025-07-19 19:15,0.036756
2025-07-19 19:30,0.006227
2025-07-19 19:45,0.002025
2025-07-19 20:00,0.007713
2025-07-19 20:15,0.0
2025-07-19 20:30,0.001982
2025-07-19 20:45,0.0
2025-07-19 21:00,0.0
2025-07-19 21:15,0.0
2025-07-19 21:30,0.0
2025-07-19 21:45,0.062265
2025-07-19 22:00,0.0
2025-07-19 22:15,0.010816
2025-07-19 22:30,0.0
2025-07-19 22:45,0.0
2025-07-19 23:00,0.0
2025-07-19 23:15,0.0
2025-07-19 23:30,0.0
2025-07-19 23:45,0.0
2025-07-20 00:00,0.032705
2025-07-20 00:15,0.002025
2025-07-20 00:30,0.0
2025-07-20 00:45,0.004438
2025-07-20 01:00,0.002499
2025-07-20 01:15,0.003016
2025-07-20 01:30,0.030982
2025-07-20 01:45,0.009975
2025-07-20 02:00,0.003016
2025-07-20 02:15,0.002025
2025-07-20 02:30,0.002025
2025-07-20 02:45,0.002025
2025-07-20 03:00,0.0
2025-07-20 03:15,0.002607
2025-07-20 03:30,0.004524
2025-07-20 03:45,0.002025
2025-07-20 04:00,0.092751
2025-07-20 04:15,0.0
2025-07-20 04:30,0.0
2025-07-20 04:45,0.0
2025-07-20 05:00,0.001508
2025-07-20 05:15,0.014134
2025-07-20 05:30,0.004007
2025-07-20 05:45,0.0
2025-07-20 06:00,0.0
2025-07-20 06:15,0.003016
2025-07-20 06:30,0.0
2025-07-20 06:45,0.0
2025-07-20 07:00,0.002499
2025-07-20 07:15,0.0
2025-07-20 07:30,0.004309
2025-07-20 07:45,0.0
2025-07-20 08:00,0.023678
2025-07-20 08:15,0.0
2025-07-20 08:30,0.0
2025-07-20 08:45,0.0
2025-07-20 09:00,0.001681
2025-07-20 09:15,0.002607
2025-07-20 09:30,0.001508
2025-07-20 09:45,0.0
2025-07-20 10:00,0.002025
2025-07-20 10:15,0.003016
2025-07-20 10:30,0.0
2025-07-20 10:45,0.003361
2025-07-20 11:00,0.00125
2025-07-20 11:15,0.002025
2025-07-20 11:30,0.0
2025-07-20 11:45,0.00405
2025-07-20 12:00,0.003016
2025-07-20 12:15,0.002176
2025-07-20 12:30,0.0
2025-07-20 12:45,0.0
2025-07-20 13:00,0.002025
2025-07-20 13:15,0.0
2025-07-20 13:30,0.0
2025-07-20 13:45,0.0
2025-07-20 14:00,0.033222
2025-07-20 14:15,0.05675
2025-07-20 14:30,0.005903
2025-07-20 14:45,0.004955
2025-07-20 15:00,0.011182
2025-07-20 15:15,0.006291
2025-07-20 15:30,0.0
2025-07-20 15:45,0.008316
2025-07-20 16:00,0.0
2025-07-20 16:15,0.001508
2025-07-20 16:30,0.030723
2025-07-20 16:45,0.0
2025-07-20 17:00,0.009501
2025-07-20 17:15,0.0
2025-07-20 17:30,0.003016
2025-07-20 17:45,0.007929
2025-07-20 18:00,0.001508
2025-07-20 18:15,0.0
2025-07-20 18:30,0.002025
2025-07-20 18:45,0.0
2025-07-20 19:00,0.053819
2025-07-20 19:15,0.0
2025-07-20 19:30,0.001379
2025-07-20 19:45,0.001379
2025-07-20 20:00,0.003533
2025-07-20 20:15,0.017581
2025-07-20 20:30,0.018055
2025-07-20 20:45,0.033244
2025-07-20 21:00,0.001681
2025-07-20 21:15,0.002176
2025-07-20 21:30,0.003447
2025-07-20 21:45,0.004934
2025-07-20 22:00,0.068987
2025-07-20 22:15,0.0
2025-07-20 22:30,0.001379
2025-07-20 22:45,0.003016
2025-07-20 23:00,0.005214
2025-07-20 23:15,0.002025
2025-07-20 23:30,0.0
2025-07-20 23:45,0.005559
2025-07-21 00:00,0.003016
2025-07-21 00:15,0.080578
2025-07-21 00:30,0.00405
2025-07-21 00:45,0.001508
2025-07-21 01:00,0.032878
2025-07-21 01:15,0.0
2025-07-21 01:30,0.0
2025-07-21 01:45,0.0
2025-07-21 02:00,0.0
2025-07-21 02:15,0.006033
2025-07-21 02:30,0.0
2025-07-21 02:45,0.002025
2025-07-21 03:00,0.0
2025-07-21 03:15,0.002607
2025-07-21 03:30,0.0
2025-07-21 03:45,0.03012
2025-07-21 04:00,0.016633
2025-07-21 04:15,0.003016
2025-07-21 04:30,0.027341
2025-07-21 04:45,0.034213
2025-07-21 05:00,0.003016
2025-07-21 05:15,0.003016
2025-07-21 05:30,0.0
2025-07-21 05:45,0.003016
2025-07-21 06:00,0.003016
2025-07-21 06:15,0.0
2025-07-21 06:30,0.00879
2025-07-21 06:45,0.002025
2025-07-21 07:00,0.005925
2025-07-21 07:15,0.0
2025-07-21 07:30,0.0
2025-07-21 07:45,0.001508
2025-07-21 08:00,0.006076
2025-07-21 08:15,0.001508
2025-07-21 08:30,0.0
2025-07-21 08:45,0.0
2025-07-21 09:00,0.00125
2025-07-21 09:15,0.0
2025-07-21 09:30,0.0
2025-07-21 09:45,0.0
2025-07-21 10:00,0.0
2025-07-21 10:15,0.0
2025-07-21 10:30,0.0
2025-07-21 10:45,0.0
2025-07-21 11:00,0.051062
2025-07-21 11:15,0.007756
2025-07-21 11:30,0.092428
2025-07-21 11:45,0.001681
2025-07-21 12:00,0.061748
2025-07-21 12:15,0.0
2025-07-21 12:30,0.303784
2025-07-21 12:45,0.133665
2025-07-21 13:00,0.23693
2025-07-21 13:15,0.230144
2025-07-21 13:30,0.300208
2025-07-21 13:45,0.279956
2025-07-21 14:00,0.475767
2025-07-21 14:15,0.227537
2025-07-21 14:30,0.302858
2025-07-21 14:45,0.379127
2025-07-21 15:00,0.395997
2025-07-21 15:15,0.217906
2025-07-21 15:30,0.632109
2025-07-21 15:45,0.320525
2025-07-21 16:00,0.098848
2025-07-21 16:15,0.29689
2025-07-21 16:30,0.25352
2025-07-21 16:45,0.135755
2025-07-21 17:00,0.152517
2025-07-21 17:15,0.31195
2025-07-21 17:30,0.390611
2025-07-21 17:45,0.201101
2025-07-21 18:00,0.274893
2025-07-21 18:15,0.251689
2025-07-21 18:30,0.392033
2025-07-21 18:45,0.446563
2025-07-21 19:00,0.166909
2025-07-21 19:15,0.172963
2025-07-21 19:30,0.59281
2025-07-21 19:45,0.226869
2025-07-21 20:00,0.128171
2025-07-21 20:15,0.137931
2025-07-21 20:30,0.187786
2025-07-21 20:45,0.249082
2025-07-21 21:00,0.16888
2025-07-21 21:15,0.076248
2025-07-21 21:30,0.225274
2025-07-21 21:45,0.11044
2025-07-21 22:00,0.002456
2025-07-21 22:15,0.086439
2025-07-21 22:30,0.007067
2025-07-21 22:45,0.019951
2025-07-21 23:00,0.001379
2025-07-21 23:15,0.118282
2025-07-21 23:30,0.0
2025-07-21 23:45,0.091049
2025-07-22 00:00,0.032705
2025-07-22 00:15,0.0
2025-07-22 00:30,0.06024
2025-07-22 00:45,0.0
2025-07-22 01:00,0.06024
2025-07-22 01:15,0.0
2025-07-22 01:30,0.003921
2025-07-22 01:45,0.00125
2025-07-22 02:00,0.029323
2025-07-22 02:15,0.002025
2025-07-22 02:30,0.001508
2025-07-22 02:45,0.0
2025-07-22 03:00,0.015642
2025-07-22 03:15,0.06024
2025-07-22 03:30,0.0
2025-07-22 03:45,0.0
2025-07-22 04:00,0.065411
2025-07-22 04:15,0.007756
2025-07-22 04:30,0.0
2025-07-22 04:45,0.0
2025-07-22 05:00,0.002025
2025-07-22 05:15,0.0
2025-07-22 05:30,0.0
2025-07-22 05:45,0.0
2025-07-22 06:00,0.004632
2025-07-22 06:15,0.007972
2025-07-22 06:30,0.006119
2025-07-22 06:45,0.001767
2025-07-22 07:00,0.001508
2025-07-22 07:15,0.0
2025-07-22 07:30,0.0
2025-07-22 07:45,0.032662
2025-07-22 08:00,0.001918
2025-07-22 08:15,0.0
2025-07-22 08:30,0.0
2025-07-22 08:45,0.005042
2025-07-22 09:00,0.0
2025-07-22 09:15,0.001379
2025-07-22 09:30,0.006076
2025-07-22 09:45,0.006765
2025-07-22 10:00,0.003016
2025-07-22 10:15,0.0
2025-07-22 10:30,0.032705
2025-07-22 10:45,0.001379
2025-07-22 11:00,0.012862
2025-07-22 11:15,0.0
2025-07-22 11:30,0.211787
2025-07-22 11:45,0.070926
2025-07-22 12:00,0.004783
2025-07-22 12:15,0.109384
2025-07-22 12:30,0.037876
2025-07-22 12:45,0.170055
2025-07-22 13:00,0.094496
2025-07-22 13:15,0.169214
2025-07-22 13:30,0.418964
2025-07-22 13:45,0.540348
2025-07-22 14:00,0.316388
2025-07-22 14:15,0.19899
2025-07-22 14:30,0.366933
2025-07-22 14:45,0.419093
2025-07-22 15:00,0.552564
2025-07-22 15:15,0.220491
2025-07-22 15:30,0.47901
2025-07-22 15:45,0.164841
2025-07-22 16:00,0.232535
2025-07-22 16:15,0.342544
2025-07-22 16:30,0.236241
2025-07-22 16:45,0.506975
2025-07-22 17:00,0.300337
2025-07-22 17:15,0.281701
2025-07-22 17:30,0.294735
2025-07-22 17:45,0.55933
2025-07-22 18:00,0.506092
2025-07-22 18:15,0.43258
2025-07-22 18:30,0.117097
2025-07-22 18:45,0.449342
2025-07-22 19:00,0.333279
2025-07-22 19:15,0.601687
2025-07-22 19:30,0.814767
2025-07-22 19:45,0.18951
2025-07-22 20:00,0.006377
2025-07-22 20:15,0.351873
2025-07-22 20:30,0.146743
2025-07-22 20:45,0.151978
2025-07-22 21:00,0.046343
2025-07-22 21:15,0.002628
2025-07-22 21:30,0.101089
2025-07-22 21:45,0.0
2025-07-22 22:00,0.076549
2025-07-22 22:15,0.0
2025-07-22 22:30,0.032878
2025-07-22 22:45,0.110677
2025-07-22 23:00,0.0
2025-07-22 23:15,0.0
2025-07-22 23:30,0.06024
2025-07-22 23:45,0.001982
2025-07-23 00:00,0.032705
2025-07-23 00:00,0.035958
2025-07-23 00:15,0.004572
2025-07-23 00:30,0.006443
2025-07-23 00:45,0.041927
2025-07-23 01:00,0.079354
2025-07-23 01:15,0.017008
2025-07-23 01:30,0.001658
2025-07-23 01:45,0.035958
2025-07-23 02:00,0.002748
2025-07-23 02:15,0.037545
2025-07-23 02:30,0.040411
2025-07-23 02:45,0.001658
2025-07-23 03:00,0.001658
2025-07-23 03:15,0.003435
2025-07-23 03:30,0.106524
2025-07-23 03:45,0.056922
2025-07-23 04:00,0.066231
2025-07-23 04:15,0.168183
2025-07-23 04:30,0.066231
2025-07-23 04:45,0.002227
2025-07-23 05:00,0.0
2025-07-23 05:15,0.021508
2025-07-23 05:30,0.0
2025-07-23 05:45,0.035958
2025-07-23 06:00,0.0
2025-07-23 06:15,0.0
2025-07-23 06:30,0.066231
2025-07-23 06:45,0.0
2025-07-23 07:00,0.017008
2025-07-23 07:15,0.001658
2025-07-23 07:30,0.011891
2025-07-23 07:45,0.0
2025-07-23 08:00,0.008006
2025-07-23 08:15,0.0
2025-07-23 08:30,0.066231
2025-07-23 08:45,0.02075
2025-07-23 09:00,0.001658
2025-07-23 09:15,0.0
2025-07-23 09:30,0.005519
2025-07-23 09:45,0.011086
2025-07-23 10:00,0.00668
2025-07-23 10:15,0.0
2025-07-23 10:30,0.031765
2025-07-23 10:45,0.025843
2025-07-23 11:00,0.010044
2025-07-23 11:15,0.002108
2025-07-23 11:30,0.003316
2025-07-23 11:45,0.0
2025-07-23 12:00,0.040245
2025-07-23 12:15,0.168609
2025-07-23 12:30,0.079591
2025-07-23 12:45,0.522669
2025-07-23 13:00,0.351999
2025-07-23 13:15,0.444239
2025-07-23 13:30,0.431187
2025-07-23 13:45,0.803226
2025-07-23 14:00,0.492349
2025-07-23 14:15,0.544343
2025-07-23 14:30,0.38412
2025-07-23 14:45,0.809361
2025-07-23 15:00,0.254524
2025-07-23 15:15,0.077838
2025-07-23 15:30,0.548228
2025-07-23 15:45,0.837277
2025-07-23 16:00,0.394305
2025-07-23 16:15,0.467643
2025-07-23 16:30,0.532073
2025-07-23 16:45,0.547944
2025-07-23 17:00,0.388289
2025-07-23 17:15,0.465748
2025-07-23 17:30,0.367728
2025-07-23 17:45,0.279752
2025-07-23 18:00,0.17202
2025-07-23 18:15,0.290624
2025-07-23 18:30,0.197816
2025-07-23 18:45,0.238677
2025-07-23 19:00,0.418277
2025-07-23 19:15,0.389094
2025-07-23 19:30,0.293348
2025-07-23 19:45,0.413729
2025-07-23 20:00,0.250711
2025-07-23 20:15,0.43185
2025-07-23 20:30,0.065402
2025-07-23 20:45,0.163066
2025-07-23 21:00,0.136441
2025-07-23 21:15,0.240549
2025-07-23 21:30,0.25199
2025-07-23 21:45,0.007012
2025-07-23 22:00,0.008907
2025-07-23 22:15,0.003032
2025-07-23 22:30,0.165577
2025-07-23 22:45,0.174934
2025-07-23 23:00,0.072579
2025-07-23 23:15,0.073621
2025-07-23 23:30,0.002203
2025-07-23 23:45,0.0
2025-07-24 00:00,0.001516
2025-07-24 00:15,0.072863
2025-07-24 00:30,0.071395
2025-07-24 00:45,0.001658
2025-07-24 01:00,0.027525
2025-07-24 01:15,0.0
2025-07-24 01:30,0.002227
2025-07-24 01:45,0.002748
2025-07-24 02:00,0.003316
2025-07-24 02:15,0.001374
2025-07-24 02:30,0.0
2025-07-24 02:45,0.066231
2025-07-24 03:00,0.0
2025-07-24 03:15,0.0
2025-07-24 03:30,0.0
2025-07-24 03:45,0.002227
2025-07-24 04:00,0.0
2025-07-24 04:15,0.001658
2025-07-24 04:30,0.0
2025-07-24 04:45,0.0
2025-07-24 05:00,0.033115
2025-07-24 05:15,0.0
2025-07-24 05:30,0.132462
2025-07-24 05:45,0.0
2025-07-24 06:00,0.001658
2025-07-24 06:15,0.037806
2025-07-24 06:30,0.0
2025-07-24 06:45,0.037569
2025-07-24 07:00,0.001516
2025-07-24 07:15,0.033115
2025-07-24 07:30,0.024375
2025-07-24 07:45,0.002037
2025-07-24 08:00,0.0
2025-07-24 08:15,0.0
2025-07-24 08:30,0.0
2025-07-24 08:45,0.0
2025-07-24 09:00,0.0
2025-07-24 09:15,0.0
2025-07-24 09:30,0.002227
2025-07-24 09:45,0.001658
2025-07-24 10:00,0.0
2025-07-24 10:15,0.033115
2025-07-24 10:30,0.0
2025-07-24 10:45,0.004714
2025-07-24 11:00,0.0
2025-07-24 11:15,0.0
2025-07-24 11:30,0.003695
2025-07-24 11:45,0.041738
2025-07-24 12:00,0.180311
2025-07-24 12:15,0.135778
2025-07-24 12:30,0.597593
2025-07-24 12:45,0.142576
2025-07-24 13:00,0.313933
2025-07-24 13:15,0.39016
2025-07-24 13:30,0.440307
2025-07-24 13:45,0.426616
2025-07-24 14:00,0.470177
2025-07-24 14:15,0.489435
2025-07-24 14:30,0.355079
2025-07-24 14:45,0.451772
2025-07-24 15:00,0.430003
2025-07-24 15:15,1.0
2025-07-24 15:30,0.491164
2025-07-24 15:45,0.686991
2025-07-24 16:00,0.352544
2025-07-24 16:15,0.492467
2025-07-24 16:30,0.406244
2025-07-24 16:45,0.316018
2025-07-24 17:00,0.38168
2025-07-24 17:15,0.232021
2025-07-24 17:30,0.123318
2025-07-24 17:45,0.113606
2025-07-24 18:00,0.370855
2025-07-24 18:15,0.142103
2025-07-24 18:30,0.387223
2025-07-24 18:45,0.316207
2025-07-24 19:00,0.492207
2025-07-24 19:15,0.50077
2025-07-24 19:30,0.433035
2025-07-24 19:45,0.292638
2025-07-24 20:00,0.393287
2025-07-24 20:15,0.298939
2025-07-24 20:30,0.119576
2025-07-24 20:45,0.276507
2025-07-24 21:00,0.073621
2025-07-24 21:15,0.0
2025-07-24 21:30,0.099346
2025-07-24 21:45,0.002298
2025-07-24 22:00,0.231808
2025-07-24 22:15,0.002203
2025-07-24 22:30,0.00289
2025-07-24 22:45,0.00777
2025-07-24 23:00,0.006869
2025-07-24 23:15,0.0
2025-07-24 23:30,0.003032
2025-07-24 23:45,0.10297
2025-07-25 00:00,0.004453
2025-07-25 00:15,0.0
2025-07-25 00:30,0.003032
2025-07-25 00:45,0.066231
2025-07-25 01:00,0.082031
2025-07-25 01:15,0.001374
2025-07-25 01:30,0.005732
2025-07-25 01:45,0.003482
2025-07-25 02:00,0.077459
2025-07-25 02:15,0.0
2025-07-25 02:30,0.009996
2025-07-25 02:45,0.0
2025-07-25 03:00,0.0
2025-07-25 03:15,0.0
2025-07-25 03:30,0.0
2025-07-25 03:45,0.002227
2025-07-25 04:00,0.044959
2025-07-25 04:15,0.002227
2025-07-25 04:30,0.0
2025-07-25 04:45,0.001658
2025-07-25 05:00,0.033115
2025-07-25 05:15,0.033115
2025-07-25 05:30,0.0
2025-07-25 05:45,0.0
2025-07-25 06:00,0.0
2025-07-25 06:15,0.035745
2025-07-25 06:30,0.0
2025-07-25 06:45,0.102189
2025-07-25 07:00,0.006633
2025-07-25 07:15,0.0
2025-07-25 07:30,0.0
2025-07-25 07:45,0.0
2025-07-25 08:00,0.006798
2025-07-25 08:15,0.003601
2025-07-25 08:30,0.006751
2025-07-25 08:45,0.033115
2025-07-25 09:00,0.002748
2025-07-25 09:15,0.0
2025-07-25 09:30,0.0
2025-07-25 09:45,0.00713
2025-07-25 10:00,0.035958
2025-07-25 10:15,0.035342
2025-07-25 10:30,0.005519
2025-07-25 10:45,0.002748
2025-07-25 11:00,0.070637
2025-07-25 11:15,0.0
2025-07-25 11:30,0.09873
2025-07-25 11:45,0.002392
2025-07-25 12:00,0.003032
2025-07-25 12:15,0.023901
2025-07-25 12:30,0.216269
2025-07-25 12:45,0.156931
2025-07-25 13:00,0.244931
2025-07-25 13:15,0.174863
2025-07-25 13:30,0.300644
2025-07-25 13:45,0.197579
2025-07-25 14:00,0.11029
2025-07-25 14:15,0.289014
2025-07-25 14:30,0.144424
2025-07-25 14:45,0.169438
2025-07-25 15:00,0.344822
2025-07-25 15:15,0.1083
2025-07-25 15:30,0.345011
2025-07-25 15:45,0.435025
2025-07-25 16:00,0.095177
2025-07-25 16:15,0.125569
2025-07-25 16:30,0.210915
2025-07-25 16:45,0.249953
2025-07-25 17:00,0.392671
2025-07-25 17:15,0.405036
2025-07-25 17:30,0.303108
2025-07-25 17:45,0.337787
2025-07-25 18:00,0.170125
2025-07-25 18:15,0.313175
2025-07-25 18:30,0.20786
2025-07-25 18:45,0.250024
2025-07-25 19:00,0.260115
2025-07-25 19:15,0.171357
2025-07-25 19:30,0.064762
2025-07-25 19:45,0.088829
2025-07-25 20:00,0.055737
2025-07-25 20:15,0.095343
2025-07-25 20:30,0.033944
2025-07-25 20:45,0.00758
2025-07-25 21:00,0.127487
2025-07-25 21:15,0.003364
2025-07-25 21:30,0.036432
2025-07-25 21:45,0.006064
2025-07-25 22:00,0.003695
2025-07-25 22:15,0.0
2025-07-25 22:30,0.034774
2025-07-25 22:45,0.011086
2025-07-25 23:00,0.047446
2025-07-25 23:15,0.068126
2025-07-25 23:30,0.002227
2025-07-25 23:45,0.0
2025-07-26 00:00,0.001516
2025-07-26 00:15,0.0
2025-07-26 00:30,0.075564
2025-07-26 00:45,0.092193
2025-07-26 01:00,0.106903
2025-07-26 01:15,0.125876
2025-07-26 01:30,0.266439
2025-07-26 01:45,0.193078
2025-07-26 02:00,0.115454
2025-07-26 02:15,0.0
2025-07-26 02:30,0.004453
2025-07-26 02:45,0.0
2025-07-26 03:00,0.0
2025-07-26 03:15,0.0
2025-07-26 03:30,0.054008
2025-07-26 03:45,0.002227
2025-07-26 04:00,0.071916
2025-07-26 04:15,0.002037
2025-07-26 04:30,0.0
2025-07-26 04:45,0.002748
2025-07-26 05:00,0.0
2025-07-26 05:15,0.0
2025-07-26 05:30,0.004453
2025-07-26 05:45,0.0
2025-07-26 06:00,0.0
2025-07-26 06:15,0.003908
2025-07-26 06:30,0.0
2025-07-26 06:45,0.026033
2025-07-26 07:00,0.0
2025-07-26 07:15,0.004453
2025-07-26 07:30,0.0
2025-07-26 07:45,0.003316
2025-07-26 08:00,0.0
2025-07-26 08:15,0.002203
2025-07-26 08:30,0.001658
2025-07-26 08:45,0.036811
2025-07-26 09:00,0.0
2025-07-26 09:15,0.004453
2025-07-26 09:30,0.002227
2025-07-26 09:45,0.005922
2025-07-26 10:00,0.066231
2025-07-26 10:15,0.003506
2025-07-26 10:30,0.0
2025-07-26 10:45,0.0
2025-07-26 11:00,0.002866
2025-07-26 11:15,0.068434
2025-07-26 11:30,0.0
2025-07-26 11:45,0.003885
2025-07-26 12:00,0.007485
2025-07-26 12:15,0.0
2025-07-26 12:30,0.0
2025-07-26 12:45,0.0
2025-07-26 13:00,0.0
2025-07-26 13:15,0.0
2025-07-26 13:30,0.0
2025-07-26 13:45,0.0
2025-07-26 14:00,0.00469
2025-07-26 14:15,0.053487
2025-07-26 14:30,0.0
2025-07-26 14:45,0.0
2025-07-26 15:00,0.0
2025-07-26 15:15,0.00469
2025-07-26 15:30,0.0
2025-07-26 15:45,0.067889
2025-07-26 16:00,0.200208
2025-07-26 16:15,0.002748
2025-07-26 16:30,0.0
2025-07-26 16:45,0.0
2025-07-26 17:00,0.0
2025-07-26 17:15,0.0
2025-07-26 17:30,0.0
2025-07-26 17:45,0.0
2025-07-26 18:00,0.004501
2025-07-26 18:15,0.005093
2025-07-26 18:30,0.052066
2025-07-26 18:45,0.0
2025-07-26 19:00,0.003695
2025-07-26 19:15,0.033115
2025-07-26 19:30,0.0
2025-07-26 19:45,0.0
2025-07-26 20:00,0.039037
2025-07-26 20:15,0.005211
2025-07-26 20:30,0.0
2025-07-26 20:45,0.00668
2025-07-26 21:00,0.003032
2025-07-26 21:15,0.002203
2025-07-26 21:30,0.0
2025-07-26 21:45,0.003032
2025-07-26 22:00,0.017008
2025-07-26 22:15,0.0
2025-07-26 22:30,0.072342
2025-07-26 22:45,0.0
2025-07-26 23:00,0.0
2025-07-26 23:15,0.001658
2025-07-26 23:30,0.038421
2025-07-26 23:45,0.013976
2025-07-27 00:00,0.071916
2025-07-27 00:15,0.0
2025-07-27 00:30,0.003032
2025-07-27 00:45,0.0
2025-07-27 01:00,0.0
2025-07-27 01:15,0.0
2025-07-27 01:30,0.0
2025-07-27 01:45,0.0
2025-07-27 02:00,0.003222
2025-07-27 02:15,0.0
2025-07-27 02:30,0.00938
2025-07-27 02:45,0.0
2025-07-27 03:00,0.003316
2025-07-27 03:15,0.002227
2025-07-27 03:30,0.0
2025-07-27 03:45,0.035958
2025-07-27 04:00,0.008149
2025-07-27 04:15,0.0
2025-07-27 04:30,0.0
2025-07-27 04:45,0.026033
2025-07-27 05:00,0.0
2025-07-27 05:15,0.0
2025-07-27 05:30,0.0
2025-07-27 05:45,0.0
2025-07-27 06:00,0.002227
2025-07-27 06:15,0.0
2025-07-27 06:30,0.0
2025-07-27 06:45,0.002227
2025-07-27 07:00,0.0
2025-07-27 07:15,0.00469
2025-07-27 07:30,0.0
2025-07-27 07:45,0.07528
2025-07-27 08:00,0.005614
2025-07-27 08:15,0.014876
2025-07-27 08:30,0.003435
2025-07-27 08:45,0.0
2025-07-27 09:00,0.0
2025-07-27 09:15,0.001658
2025-07-27 09:30,0.0
2025-07-27 09:45,0.0
2025-07-27 10:00,0.075706
2025-07-27 10:15,0.001942
2025-07-27 10:30,0.0
2025-07-27 10:45,0.006064
2025-07-27 11:00,0.0
2025-07-27 11:15,0.009475
2025-07-27 11:30,0.0
2025-07-27 11:45,0.005543
2025-07-27 12:00,0.002392
2025-07-27 12:15,0.034774
2025-07-27 12:30,0.002227
2025-07-27 12:45,0.0
2025-07-27 13:00,0.0
2025-07-27 13:15,0.010091
2025-07-27 13:30,0.0
2025-07-27 13:45,0.0
2025-07-27 14:00,0.0
2025-07-27 14:15,0.0
2025-07-27 14:30,0.0
2025-07-27 14:45,0.0
2025-07-27 15:00,0.0
2025-07-27 15:15,0.0
2025-07-27 15:30,0.003435
2025-07-27 15:45,0.0
2025-07-27 16:00,0.004453
2025-07-27 16:15,0.0
2025-07-27 16:30,0.067889
2025-07-27 16:45,0.001658
2025-07-27 17:00,0.0
2025-07-27 17:15,0.0
2025-07-27 17:30,0.0
2025-07-27 17:45,0.0
2025-07-27 18:00,0.132462
2025-07-27 18:15,0.005827
2025-07-27 18:30,0.083239
2025-07-27 18:45,0.176497
2025-07-27 19:00,0.0
2025-07-27 19:15,0.070637
2025-07-27 19:30,0.0
2025-07-27 19:45,0.069547
2025-07-27 20:00,0.067747
2025-07-27 20:15,0.066231
2025-07-27 20:30,0.0
2025-07-27 20:45,0.003316
2025-07-27 21:00,0.0
2025-07-27 21:15,0.033115
2025-07-27 21:30,0.0
2025-07-27 21:45,0.0
2025-07-27 22:00,0.004453
2025-07-27 22:15,0.002724
2025-07-27 22:30,0.033115
2025-07-27 22:45,0.002866
2025-07-27 23:00,0.003032
2025-07-27 23:15,0.008575
2025-07-27 23:30,0.0
2025-07-27 23:45,0.0
2025-07-28 00:00,0.003316
2025-07-28 00:15,0.0
2025-07-28 00:30,0.0
2025-07-28 00:45,0.0
2025-07-28 01:00,0.004074
2025-07-28 01:15,0.0
2025-07-28 01:30,0.00244
2025-07-28 01:45,0.0
2025-07-28 02:00,0.007438
2025-07-28 02:15,0.002748
2025-07-28 02:30,0.001848
2025-07-28 02:45,0.001658
2025-07-28 03:00,0.001658
2025-07-28 03:15,0.0
2025-07-28 03:30,0.008978
2025-07-28 03:45,0.0
2025-07-28 04:00,0.0
2025-07-28 04:15,0.004406
2025-07-28 04:30,0.040932
2025-07-28 04:45,0.003316
2025-07-28 05:00,0.0
2025-07-28 05:15,0.036432
2025-07-28 05:30,0.0
2025-07-28 05:45,0.0
2025-07-28 06:00,0.014118
2025-07-28 06:15,0.00225
2025-07-28 06:30,0.002227
2025-07-28 06:45,0.015539
2025-07-28 07:00,0.0
2025-07-28 07:15,0.0
2025-07-28 07:30,0.0
2025-07-28 07:45,0.004453
2025-07-28 08:00,0.0
2025-07-28 08:15,0.008457
2025-07-28 08:30,0.0
2025-07-28 08:45,0.0
2025-07-28 09:00,0.0
2025-07-28 09:15,0.001658
2025-07-28 09:30,0.0
2025-07-28 09:45,0.001658
2025-07-28 10:00,0.001658
2025-07-28 10:15,0.003506
2025-07-28 10:30,0.003316
2025-07-28 10:45,0.00469
2025-07-28 11:00,0.004453
2025-07-28 11:15,0.066231
2025-07-28 11:30,0.001516
2025-07-28 11:45,0.069926
2025-07-28 12:00,0.116591
2025-07-28 12:15,0.04837
2025-07-28 12:30,0.012649
2025-07-28 12:45,0.079567
2025-07-28 13:00,0.720248
2025-07-28 13:15,0.200422
2025-07-28 13:30,0.293941
2025-07-28 13:45,0.452838
2025-07-28 14:00,0.162521
2025-07-28 14:15,0.143074
2025-07-28 14:30,0.248058
2025-07-28 14:45,0.303747
2025-07-28 15:00,0.225045
2025-07-28 15:15,0.074024
2025-07-28 15:30,0.268998
2025-07-28 15:45,0.217264
2025-07-28 16:00,0.107116
2025-07-28 16:15,0.345888
2025-07-28 16:30,0.246565
2025-07-28 16:45,0.206924
2025-07-28 17:00,0.234319
2025-07-28 17:15,0.394092
2025-07-28 17:30,0.092619
2025-07-28 17:45,0.226004
2025-07-28 18:00,0.280202
2025-07-28 18:15,0.254643
2025-07-28 18:30,0.279847
2025-07-28 18:45,0.295338
2025-07-28 19:00,0.156078
2025-07-28 19:15,0.284655
2025-07-28 19:30,0.157073
2025-07-28 19:45,0.294154
2025-07-28 20:00,0.631727
2025-07-28 20:15,0.154302
2025-07-28 20:30,0.20279
2025-07-28 20:45,0.141273
2025-07-28 21:00,0.168609
2025-07-28 21:15,0.17671
2025-07-28 21:30,0.107732
2025-07-28 21:45,0.0
2025-07-28 22:00,0.004406
2025-07-28 22:15,0.150618
2025-07-28 22:30,0.023356
2025-07-28 22:45,0.033115
2025-07-28 23:00,0.035579
2025-07-28 23:15,0.0
2025-07-28 23:30,0.0
2025-07-28 23:45,0.007438
2025-07-29 00:00,0.071916
2025-07-29 00:15,0.002748
2025-07-29 00:30,0.113393
2025-07-29 00:45,0.0
2025-07-29 01:00,0.001374
2025-07-29 01:15,0.001516
2025-07-29 01:30,0.0
2025-07-29 01:45,0.0
2025-07-29 02:00,0.009665
2025-07-29 02:15,0.0
2025-07-29 02:30,0.0
2025-07-29 02:45,0.071561
2025-07-29 03:00,0.0
2025-07-29 03:15,0.011725
2025-07-29 03:30,0.0
2025-07-29 03:45,0.0
2025-07-29 04:00,0.004974
2025-07-29 04:15,0.0
2025-07-29 04:30,0.0
2025-07-29 04:45,0.0
2025-07-29 05:00,0.0
2025-07-29 05:15,0.0
2025-07-29 05:30,0.0
2025-07-29 05:45,0.0
2025-07-29 06:00,0.008006
2025-07-29 06:15,0.012033
2025-07-29 06:30,0.001658
2025-07-29 06:45,0.005472
2025-07-29 07:00,0.0
2025-07-29 07:15,0.002227
2025-07-29 07:30,0.005969
2025-07-29 07:45,0.0
2025-07-29 08:00,0.0
2025-07-29 08:15,0.01028
2025-07-29 08:30,0.001658
2025-07-29 08:45,0.0
2025-07-29 09:00,0.0
2025-07-29 09:15,0.0
2025-07-29 09:30,0.044012
2025-07-29 09:45,0.004074
2025-07-29 10:00,0.0
2025-07-29 10:15,0.0
2025-07-29 10:30,0.0
2025-07-29 10:45,0.0
2025-07-29 11:00,0.0
2025-07-29 11:15,0.002227
2025-07-29 11:30,0.167235
2025-07-29 11:45,0.010967
2025-07-29 12:00,0.106689
2025-07-29 12:15,0.205041
2025-07-29 12:30,0.172423
2025-07-29 12:45,0.250426
2025-07-29 13:00,0.221267
2025-07-29 13:15,0.1945
2025-07-29 13:30,0.655107
2025-07-29 13:45,0.409241
2025-07-29 14:00,0.479605
2025-07-29 14:15,0.489743
2025-07-29 14:30,0.174614
2025-07-29 14:45,0.465807
2025-07-29 15:00,0.191018
2025-07-29 15:15,0.113962
2025-07-29 15:30,0.41489
2025-07-29 15:45,0.48317
2025-07-29 16:00,0.14909
2025-07-29 16:15,0.138312
2025-07-29 16:30,0.237967
2025-07-29 16:45,0.250497
2025-07-29 17:00,0.206391
2025-07-29 17:15,0.285508
2025-07-29 17:30,0.449498
2025-07-29 17:45,0.978326
2025-07-29 18:00,0.795054
2025-07-29 18:15,0.300621
2025-07-29 18:30,0.354652
2025-07-29 18:45,0.430737
2025-07-29 19:00,0.945495
2025-07-29 19:15,0.582078
2025-07-29 19:30,0.414156
2025-07-29 19:45,0.200919
2025-07-29 20:00,0.283092
2025-07-29 20:15,0.139876
2025-07-29 20:30,0.269732
2025-07-29 20:45,0.001587
2025-07-29 21:00,0.041406
2025-07-29 21:15,0.09378
2025-07-29 21:30,0.005211
2025-07-29 21:45,0.002203
2025-07-29 22:00,0.132462
2025-07-29 22:15,0.021935
2025-07-29 22:30,0.002748
2025-07-29 22:45,0.0
2025-07-29 23:00,0.0
2025-07-29 23:15,0.037521
2025-07-29 23:30,0.0
2025-07-29 23:45,0.005164
2025-07-30 00:00,0.0
2025-07-30 00:00,0.0
2025-07-30 00:15,0.0
2025-07-30 00:30,0.0
2025-07-30 00:45,0.003165
2025-07-30 01:00,0.005799
2025-07-30 01:15,0.002475
2025-07-30 01:30,0.002263
2025-07-30 01:45,0.0
2025-07-30 02:00,0.003324
2025-07-30 02:15,0.002475
2025-07-30 02:30,0.0
2025-07-30 02:45,0.0
2025-07-30 03:00,0.0
2025-07-30 03:15,0.0
2025-07-30 03:30,0.0
2025-07-30 03:45,0.004561
2025-07-30 04:00,0.026837
2025-07-30 04:15,0.003394
2025-07-30 04:30,0.011792
2025-07-30 04:45,0.001238
2025-07-30 05:00,0.0
2025-07-30 05:15,0.0
2025-07-30 05:30,0.0
2025-07-30 05:45,0.0
2025-07-30 06:00,0.001662
2025-07-30 06:15,0.0
2025-07-30 06:30,0.0
2025-07-30 06:45,0.014744
2025-07-30 07:00,0.00541
2025-07-30 07:15,0.0
2025-07-30 07:30,0.0
2025-07-30 07:45,0.0
2025-07-30 08:00,0.0
2025-07-30 08:15,0.012694
2025-07-30 08:30,0.0
2025-07-30 08:45,0.029736
2025-07-30 09:00,0.0
2025-07-30 09:15,0.0
2025-07-30 09:30,0.001662
2025-07-30 09:45,0.0
2025-07-30 10:00,0.0
2025-07-30 10:15,0.0
2025-07-30 10:30,0.030196
2025-07-30 10:45,0.022894
2025-07-30 11:00,0.0
2025-07-30 11:15,0.071388
2025-07-30 11:30,0.005516
2025-07-30 11:45,0.034563
2025-07-30 12:00,0.087016
2025-07-30 12:15,0.158192
2025-07-30 12:30,0.32328
2025-07-30 12:45,0.049431
2025-07-30 13:00,0.26554
2025-07-30 13:15,0.21466
2025-07-30 13:30,0.114684
2025-07-30 13:45,0.491054
2025-07-30 14:00,0.326568
2025-07-30 14:15,0.402995
2025-07-30 14:30,0.422795
2025-07-30 14:45,0.37904
2025-07-30 15:00,1.0
2025-07-30 15:15,0.350028
2025-07-30 15:30,0.302136
2025-07-30 15:45,0.470105
2025-07-30 16:00,0.523513
2025-07-30 16:15,0.225302
2025-07-30 16:30,0.303957
2025-07-30 16:45,0.22281
2025-07-30 17:00,0.063574
2025-07-30 17:15,0.312177
2025-07-30 17:30,0.302365
2025-07-30 17:45,0.442649
2025-07-30 18:00,0.339279
2025-07-30 18:15,0.298229
2025-07-30 18:30,0.326232
2025-07-30 18:45,0.50967
2025-07-30 19:00,0.507867
2025-07-30 19:15,0.3085
2025-07-30 19:30,0.279966
2025-07-30 19:45,0.094672
2025-07-30 20:00,0.282848
2025-07-30 20:15,0.111891
2025-07-30 20:30,0.027827
2025-07-30 20:45,0.150661
2025-07-30 21:00,0.005374
2025-07-30 21:15,0.025387
2025-07-30 21:30,0.051075
2025-07-30 21:45,0.008345
2025-07-30 22:00,0.052348
2025-07-30 22:15,0.0
2025-07-30 22:30,0.135245
2025-07-30 22:45,0.027738
2025-07-30 23:00,0.001573
2025-07-30 23:15,0.012658
2025-07-30 23:30,0.0
2025-07-30 23:45,0.0
2025-07-31 00:00,0.002899
2025-07-31 00:15,0.003324
2025-07-31 00:30,0.024715
2025-07-31 00:45,0.0
2025-07-31 01:00,0.002793
2025-07-31 01:15,0.001662
2025-07-31 01:30,0.006612
2025-07-31 01:45,0.004879
2025-07-31 02:00,0.024715
2025-07-31 02:15,0.0
2025-07-31 02:30,0.002263
2025-07-31 02:45,0.001238
2025-07-31 03:00,0.0
2025-07-31 03:15,0.002758
2025-07-31 03:30,0.002475
2025-07-31 03:45,0.072696
2025-07-31 04:00,0.002758
2025-07-31 04:15,0.006329
2025-07-31 04:30,0.002475
2025-07-31 04:45,0.004614
2025-07-31 05:00,0.002263
2025-07-31 05:15,0.06071
2025-07-31 05:30,0.0
2025-07-31 05:45,0.002475
2025-07-31 06:00,0.0
2025-07-31 06:15,0.002475
2025-07-31 06:30,0.006135
2025-07-31 06:45,0.001662
2025-07-31 07:00,0.005198
2025-07-31 07:15,0.0
2025-07-31 07:30,0.001238
2025-07-31 07:45,0.0
2025-07-31 08:00,0.004137
2025-07-31 08:15,0.0
2025-07-31 08:30,0.002475
2025-07-31 08:45,0.0
2025-07-31 09:00,0.006435
2025-07-31 09:15,0.0
2025-07-31 09:30,0.0
2025-07-31 09:45,0.0
2025-07-31 10:00,0.0
2025-07-31 10:15,0.0
2025-07-31 10:30,0.025776
2025-07-31 10:45,0.0
2025-07-31 11:00,0.001662
2025-07-31 11:15,0.003288
2025-07-31 11:30,0.001697
2025-07-31 11:45,0.025847
2025-07-31 12:00,0.016371
2025-07-31 12:15,0.027933
2025-07-31 12:30,0.178594
2025-07-31 12:45,0.150838
2025-07-31 13:00,0.168499
2025-07-31 13:15,0.168022
2025-07-31 13:30,0.32572
2025-07-31 13:45,0.454123
2025-07-31 14:00,0.157574
2025-07-31 14:15,0.184481
2025-07-31 14:30,0.284563
2025-07-31 14:45,0.251149
2025-07-31 15:00,0.305017
2025-07-31 15:15,0.084117
2025-07-31 15:30,0.501635
2025-07-31 15:45,0.256082
2025-07-31 16:00,0.260537
2025-07-31 16:15,0.176013
2025-07-31 16:30,0.215879
2025-07-31 16:45,0.174952
2025-07-31 17:00,0.114207
2025-07-31 17:15,0.189891
2025-07-31 17:30,0.195654
2025-07-31 17:45,0.244201
2025-07-31 18:00,0.169578
2025-07-31 18:15,0.16629
2025-07-31 18:30,0.129959
2025-07-31 18:45,0.314891
2025-07-31 19:00,0.208843
2025-07-31 19:15,0.160084
2025-07-31 19:30,0.295365
2025-07-31 19:45,0.035959
2025-07-31 20:00,0.214872
2025-07-31 20:15,0.008946
2025-07-31 20:30,0.049554
2025-07-31 20:45,0.119033
2025-07-31 21:00,0.0
2025-07-31 21:15,0.006824
2025-07-31 21:30,0.02194
2025-07-31 21:45,0.048405
2025-07-31 22:00,0.07747
2025-07-31 22:15,0.026837
2025-07-31 22:30,0.004278
2025-07-31 22:45,0.0
2025-07-31 23:00,0.004102
2025-07-31 23:15,0.006966
2025-07-31 23:30,0.025953
2025-07-31 23:45,0.001131
2025-08-01 00:00,0.014656
2025-08-01 00:15,0.003156
2025-08-01 00:30,0.054911
2025-08-01 00:45,0.0
2025-08-01 01:00,0.025847
2025-08-01 01:15,0.0
2025-08-01 01:30,0.0
2025-08-01 01:45,0.004561
2025-08-01 02:00,0.003819
2025-08-01 02:15,0.028074
2025-08-01 02:30,0.0
2025-08-01 02:45,0.0
2025-08-01 03:00,0.002387
2025-08-01 03:15,0.026837
2025-08-01 03:30,0.012092
2025-08-01 03:45,0.001131
2025-08-01 04:00,0.082986
2025-08-01 04:15,0.078389
2025-08-01 04:30,0.0
2025-08-01 04:45,0.005551
2025-08-01 05:00,0.004632
2025-08-01 05:15,0.0
2025-08-01 05:30,0.053674
2025-08-01 05:45,0.010112
2025-08-01 06:00,0.003288
2025-08-01 06:15,0.0
2025-08-01 06:30,0.009211
2025-08-01 06:45,0.057811
2025-08-01 07:00,0.0
2025-08-01 07:15,0.001662
2025-08-01 07:30,0.0
2025-08-01 07:45,0.0
2025-08-01 08:00,0.0
2025-08-01 08:15,0.001662
2025-08-01 08:30,0.0
2025-08-01 08:45,0.001025
2025-08-01 09:00,0.0
2025-08-01 09:15,0.001238
2025-08-01 09:30,0.004738
2025-08-01 09:45,0.001379
2025-08-01 10:00,0.02818
2025-08-01 10:15,0.053674
2025-08-01 10:30,0.0
2025-08-01 10:45,0.0
2025-08-01 11:00,0.001856
2025-08-01 11:15,0.0
2025-08-01 11:30,0.001238
2025-08-01 11:45,0.022028
2025-08-01 12:00,0.0
2025-08-01 12:15,0.12782
2025-08-01 12:30,0.2273
2025-08-01 12:45,0.23332
2025-08-01 13:00,0.178665
2025-08-01 13:15,0.075171
2025-08-01 13:30,0.160791
2025-08-01 13:45,0.336371
2025-08-01 14:00,0.239507
2025-08-01 14:15,0.142511
2025-08-01 14:30,0.055601
2025-08-01 14:45,0.096634
2025-08-01 15:00,0.010042
2025-08-01 15:15,0.200852
2025-08-01 15:30,0.111042
2025-08-01 15:45,0.395764
2025-08-01 16:00,0.093169
2025-08-01 16:15,0.061647
2025-08-01 16:30,0.122021
2025-08-01 16:45,0.088926
2025-08-01 17:00,0.245934
2025-08-01 17:15,0.04243
2025-08-01 17:30,0.102238
2025-08-01 17:45,0.002263
2025-08-01 18:00,0.150414
2025-08-01 18:15,0.216339
2025-08-01 18:30,0.162241
2025-08-01 18:45,0.332614
2025-08-01 19:00,0.27887
2025-08-01 19:15,0.15943
2025-08-01 19:30,0.162966
2025-08-01 19:45,0.102026
2025-08-01 20:00,0.074146
2025-08-01 20:15,0.098667
2025-08-01 20:30,0.015292
2025-08-01 20:45,0.002157
2025-08-01 21:00,0.002935
2025-08-01 21:15,0.001238
2025-08-01 21:30,0.008468
2025-08-01 21:45,0.013418
2025-08-01 22:00,0.017343
2025-08-01 22:15,0.0
2025-08-01 22:30,0.056149
2025-08-01 22:45,0.049431
2025-08-01 23:00,0.013365
2025-08-01 23:15,0.0
2025-08-01 23:30,0.0
2025-08-01 23:45,0.0
2025-08-02 00:00,0.053674
2025-08-02 00:15,0.028499
2025-08-02 00:30,0.0
2025-08-02 00:45,0.0
2025-08-02 01:00,0.0
2025-08-02 01:15,0.0
2025-08-02 01:30,0.006453
2025-08-02 01:45,0.003571
2025-08-02 02:00,0.024715
2025-08-02 02:15,0.002475
2025-08-02 02:30,0.026377
2025-08-02 02:45,0.001238
2025-08-02 03:00,0.02933
2025-08-02 03:15,0.002758
2025-08-02 03:30,0.0
2025-08-02 03:45,0.004031
2025-08-02 04:00,0.053674
2025-08-02 04:15,0.003713
2025-08-02 04:30,0.025776
2025-08-02 04:45,0.0
2025-08-02 05:00,0.0
2025-08-02 05:15,0.002758
2025-08-02 05:30,0.0
2025-08-02 05:45,0.001786
2025-08-02 06:00,0.0
2025-08-02 06:15,0.0
2025-08-02 06:30,0.0
2025-08-02 06:45,0.0
2025-08-02 07:00,0.0
2025-08-02 07:15,0.0
2025-08-02 07:30,0.002051
2025-08-02 07:45,0.0
2025-08-02 08:00,0.0
2025-08-02 08:15,0.0
2025-08-02 08:30,0.0
2025-08-02 08:45,0.002475
2025-08-02 09:00,0.0
2025-08-02 09:15,0.0
2025-08-02 09:30,0.0
2025-08-02 09:45,0.0
2025-08-02 10:00,0.001379
2025-08-02 10:15,0.0
2025-08-02 10:30,0.0
2025-08-02 10:45,0.001379
2025-08-02 11:00,0.001379
2025-08-02 11:15,0.0
2025-08-02 11:30,0.0
2025-08-02 11:45,0.017502
2025-08-02 12:00,0.00152
2025-08-02 12:15,0.006311
2025-08-02 12:30,0.018475
2025-08-02 12:45,0.001238
2025-08-02 13:00,0.002015
2025-08-02 13:15,0.0
2025-08-02 13:30,0.0
2025-08-02 13:45,0.0
2025-08-02 14:00,0.001379
2025-08-02 14:15,0.0
2025-08-02 14:30,0.0
2025-08-02 14:45,0.0
2025-08-02 15:00,0.003607
2025-08-02 15:15,0.0
2025-08-02 15:30,0.0
2025-08-02 15:45,0.024715
2025-08-02 16:00,0.0
2025-08-02 16:15,0.0
2025-08-02 16:30,0.013418
2025-08-02 16:45,0.001662
2025-08-02 17:00,0.0
2025-08-02 17:15,0.0
2025-08-02 17:30,0.0
2025-08-02 17:45,0.026837
2025-08-02 18:00,0.0
2025-08-02 18:15,0.0
2025-08-02 18:30,0.0
2025-08-02 18:45,0.0
2025-08-02 19:00,0.036649
2025-08-02 19:15,0.0
2025-08-02 19:30,0.026837
2025-08-02 19:45,0.0
2025-08-02 20:00,0.0
2025-08-02 20:15,0.051552
2025-08-02 20:30,0.0
2025-08-02 20:45,0.0
2025-08-02 21:00,0.001238
2025-08-02 21:15,0.026837
2025-08-02 21:30,0.0
2025-08-02 21:45,0.0
2025-08-02 22:00,0.001662
2025-08-02 22:15,0.0
2025-08-02 22:30,0.002758
2025-08-02 22:45,0.001379
2025-08-02 23:00,0.0
2025-08-02 23:15,0.026837
2025-08-02 23:30,0.008274
2025-08-02 23:45,0.0
2025-08-03 00:00,0.026837
2025-08-03 00:15,0.010837
2025-08-03 00:30,0.002475
2025-08-03 00:45,0.003553
2025-08-03 01:00,0.002475
2025-08-03 01:15,0.0
2025-08-03 01:30,0.0
2025-08-03 01:45,0.002139
2025-08-03 02:00,0.003324
2025-08-03 02:15,0.001238
2025-08-03 02:30,0.0
2025-08-03 02:45,0.026837
2025-08-03 03:00,0.029312
2025-08-03 03:15,0.165123
2025-08-03 03:30,0.02765
2025-08-03 03:45,0.031398
2025-08-03 04:00,0.143448
2025-08-03 04:15,0.0
2025-08-03 04:30,0.0
2025-08-03 04:45,0.0
2025-08-03 05:00,0.001662
2025-08-03 05:15,0.001662
2025-08-03 05:30,0.002475
2025-08-03 05:45,0.0
2025-08-03 06:00,0.0
2025-08-03 06:15,0.0
2025-08-03 06:30,0.0
2025-08-03 06:45,0.0
2025-08-03 07:00,0.0
2025-08-03 07:15,0.005551
2025-08-03 07:30,0.0
2025-08-03 07:45,0.001131
2025-08-03 08:00,0.001238
2025-08-03 08:15,0.0
2025-08-03 08:30,0.026837
2025-08-03 08:45,0.0
2025-08-03 09:00,0.028622
2025-08-03 09:15,0.001238
2025-08-03 09:30,0.002475
2025-08-03 09:45,0.01996
2025-08-03 10:00,0.026837
2025-08-03 10:15,0.0
2025-08-03 10:30,0.0
2025-08-03 10:45,0.001238
2025-08-03 11:00,0.0
2025-08-03 11:15,0.002051
2025-08-03 11:30,0.053674
2025-08-03 11:45,0.004314
2025-08-03 12:00,0.0
2025-08-03 12:15,0.0
2025-08-03 12:30,0.0
2025-08-03 12:45,0.0
2025-08-03 13:00,0.0
2025-08-03 13:15,0.0
2025-08-03 13:30,0.0
2025-08-03 13:45,0.001131
2025-08-03 14:00,0.0
2025-08-03 14:15,0.0
2025-08-03 14:30,0.0
2025-08-03 14:45,0.002475
2025-08-03 15:00,0.0
2025-08-03 15:15,0.011597
2025-08-03 15:30,0.026837
2025-08-03 15:45,0.0
2025-08-03 16:00,0.001131
2025-08-03 16:15,0.014285
2025-08-03 16:30,0.001131
2025-08-03 16:45,0.001238
2025-08-03 17:00,0.0
2025-08-03 17:15,0.0
2025-08-03 17:30,0.0
2025-08-03 17:45,0.003571
2025-08-03 18:00,0.0
2025-08-03 18:15,0.0
2025-08-03 18:30,0.006913
2025-08-03 18:45,0.0
2025-08-03 19:00,0.003324
2025-08-03 19:15,0.030161
2025-08-03 19:30,0.0
2025-08-03 19:45,0.0
2025-08-03 20:00,0.0
2025-08-03 20:15,0.025423
2025-08-03 20:30,0.0
2025-08-03 20:45,0.001715
2025-08-03 21:00,0.004526
2025-08-03 21:15,0.0
2025-08-03 21:30,0.012092
2025-08-03 21:45,0.001025
2025-08-03 22:00,0.024715
2025-08-03 22:15,0.0
2025-08-03 22:30,0.014249
2025-08-03 22:45,0.0291
2025-08-03 23:00,0.0
2025-08-03 23:15,0.0
2025-08-03 23:30,0.003907
2025-08-03 23:45,0.03253
2025-08-04 00:00,0.056043
2025-08-04 00:15,0.019429
2025-08-04 00:30,0.0
2025-08-04 00:45,0.002051
2025-08-04 01:00,0.001662
2025-08-04 01:15,0.0
2025-08-04 01:30,0.001662
2025-08-04 01:45,0.001238
2025-08-04 02:00,0.0
2025-08-04 02:15,0.029312
2025-08-04 02:30,0.013242
2025-08-04 02:45,0.026837
2025-08-04 03:00,0.0
2025-08-04 03:15,0.002051
2025-08-04 03:30,0.012039
2025-08-04 03:45,0.0
2025-08-04 04:00,0.026837
2025-08-04 04:15,0.005799
2025-08-04 04:30,0.012623
2025-08-04 04:45,0.0
2025-08-04 05:00,0.004844
2025-08-04 05:15,0.002475
2025-08-04 05:30,0.0
2025-08-04 05:45,0.028499
2025-08-04 06:00,0.0
2025-08-04 06:15,0.0
2025-08-04 06:30,0.0
2025-08-04 06:45,0.0
2025-08-04 07:00,0.001238
2025-08-04 07:15,0.0
2025-08-04 07:30,0.0
2025-08-04 07:45,0.0
2025-08-04 08:00,0.0
2025-08-04 08:15,0.0
2025-08-04 08:30,0.0
2025-08-04 08:45,0.0
2025-08-04 09:00,0.001238
2025-08-04 09:15,0.004172
2025-08-04 09:30,0.0
2025-08-04 09:45,0.0
2025-08-04 10:00,0.0
2025-08-04 10:15,0.0
2025-08-04 10:30,0.012623
2025-08-04 10:45,0.0035
2025-08-04 11:00,0.0
2025-08-04 11:15,0.0
2025-08-04 11:30,0.0
2025-08-04 11:45,0.026837
2025-08-04 12:00,0.001238
2025-08-04 12:15,0.0
2025-08-04 12:30,0.001238
2025-08-04 12:45,0.0
2025-08-04 13:00,0.001238
2025-08-04 13:15,0.002475
2025-08-04 13:30,0.0
2025-08-04 13:45,0.024715
2025-08-04 14:00,0.051269
2025-08-04 14:15,0.053674
2025-08-04 14:30,0.0
2025-08-04 14:45,0.003324
2025-08-04 15:00,0.090517
2025-08-04 15:15,0.010289
2025-08-04 15:30,0.002475
2025-08-04 15:45,0.0
2025-08-04 16:00,0.0
2025-08-04 16:15,0.028393
2025-08-04 16:30,0.0
2025-08-04 16:45,0.001662
2025-08-04 17:00,0.016371
2025-08-04 17:15,0.030161
2025-08-04 17:30,0.0
2025-08-04 17:45,0.0
2025-08-04 18:00,0.114384
2025-08-04 18:15,0.003324
2025-08-04 18:30,0.0
2025-08-04 18:45,0.031964
2025-08-04 19:00,0.0
2025-08-04 19:15,0.0
2025-08-04 19:30,0.004986
2025-08-04 19:45,0.003094
2025-08-04 20:00,0.054805
2025-08-04 20:15,0.002475
2025-08-04 20:30,0.0
2025-08-04 20:45,0.026837
2025-08-04 21:00,0.0
2025-08-04 21:15,0.029595
2025-08-04 21:30,0.026837
2025-08-04 21:45,0.0
2025-08-04 22:00,0.019429
2025-08-04 22:15,0.005233
2025-08-04 22:30,0.002263
2025-08-04 22:45,0.0
2025-08-04 23:00,0.0
2025-08-04 23:15,0.054222
2025-08-04 23:30,0.056997
2025-08-04 23:45,0.001238
2025-08-05 00:00,0.001662
2025-08-05 00:15,0.0
2025-08-05 00:30,0.002475
2025-08-05 00:45,0.0
2025-08-05 01:00,0.0
2025-08-05 01:15,0.001379
2025-08-05 01:30,0.0
2025-08-05 01:45,0.0
2025-08-05 02:00,0.0
2025-08-05 02:15,0.0
2025-08-05 02:30,0.0
2025-08-05 02:45,0.050845
2025-08-05 03:00,0.006612
2025-08-05 03:15,0.002051
2025-08-05 03:30,0.029135
2025-08-05 03:45,0.0
2025-08-05 04:00,0.052754
2025-08-05 04:15,0.0
2025-08-05 04:30,0.0
2025-08-05 04:45,0.026837
2025-08-05 05:00,0.002475
2025-08-05 05:15,0.0
2025-08-05 05:30,0.026837
2025-08-05 05:45,0.0
2025-08-05 06:00,0.001238
2025-08-05 06:15,0.004632
2025-08-05 06:30,0.0
2025-08-05 06:45,0.0
2025-08-05 07:00,0.0
2025-08-05 07:15,0.0
2025-08-05 07:30,0.001238
2025-08-05 07:45,0.008026
2025-08-05 08:00,0.0
2025-08-05 08:15,0.001238
2025-08-05 08:30,0.027297
2025-08-05 08:45,0.0
2025-08-05 09:00,0.0
2025-08-05 09:15,0.032388
2025-08-05 09:30,0.053674
2025-08-05 09:45,0.007938
2025-08-05 10:00,0.0
2025-08-05 10:15,0.0
2025-08-05 10:30,0.0
2025-08-05 10:45,0.001131
2025-08-05 11:00,0.066332
2025-08-05 11:15,0.0
2025-08-05 11:30,0.0
2025-08-05 11:45,0.024715
2025-08-05 12:00,0.028145
2025-08-05 12:15,0.007991
2025-08-05 12:30,0.0
2025-08-05 12:45,0.140602
2025-08-05 13:00,0.194815
2025-08-05 13:15,0.209727
2025-08-05 13:30,0.105933
2025-08-05 13:45,0.239481
2025-08-05 14:00,0.023778
2025-08-05 14:15,0.170197
2025-08-05 14:30,0.183633
2025-08-05 14:45,0.064953
2025-08-05 15:00,0.128041
2025-08-05 15:15,0.349268
2025-08-05 15:30,0.126865
2025-08-05 15:45,0.17741
2025-08-05 16:00,0.088767
2025-08-05 16:15,0.276943
2025-08-05 16:30,0.121049
2025-08-05 16:45,0.305583
2025-08-05 17:00,0.362298
2025-08-05 17:15,0.222721
2025-08-05 17:30,0.095025
2025-08-05 17:45,0.119794
2025-08-05 18:00,0.19196
2025-08-05 18:15,0.193082
2025-08-05 18:30,0.066102
2025-08-05 18:45,0.245421
2025-08-05 19:00,0.333728
2025-08-05 19:15,0.116346
2025-08-05 19:30,0.186072
2025-08-05 19:45,0.092143
2025-08-05 20:00,0.196936
2025-08-05 20:15,0.011209
2025-08-05 20:30,0.065802
2025-08-05 20:45,0.007531
2025-08-05 21:00,0.050456
2025-08-05 21:15,0.028481
2025-08-05 21:30,0.027668
2025-08-05 21:45,0.049431
2025-08-05 22:00,0.002263
2025-08-05 22:15,0.0
2025-08-05 22:30,0.0
2025-08-05 22:45,0.0
2025-08-05 23:00,0.0
2025-08-05 23:15,0.0
2025-08-05 23:30,0.022046
2025-08-05 23:45,0.0
2025-08-06 00:00,0.002263
2025-08-06 00:00,0.001719
2025-08-06 00:15,0.0
2025-08-06 00:30,0.004404
2025-08-06 00:45,0.001625
2025-08-06 01:00,0.00188
2025-08-06 01:15,0.0
2025-08-06 01:30,0.0
2025-08-06 01:45,0.0
2025-08-06 02:00,0.0
2025-08-06 02:15,0.0
2025-08-06 02:30,0.037542
2025-08-06 02:45,0.001558
2025-08-06 03:00,0.0
2025-08-06 03:15,0.0
2025-08-06 03:30,0.0
2025-08-06 03:45,0.0
2025-08-06 04:00,0.0
2025-08-06 04:15,0.0
2025-08-06 04:30,0.0
2025-08-06 04:45,0.00282
2025-08-06 05:00,0.002095
2025-08-06 05:15,0.0
2025-08-06 05:30,0.0
2025-08-06 05:45,0.011856
2025-08-06 06:00,0.00094
2025-08-06 06:15,0.0
2025-08-06 06:30,0.002202
2025-08-06 06:45,0.001558
2025-08-06 07:00,0.0
2025-08-06 07:15,0.0
2025-08-06 07:30,0.0
2025-08-06 07:45,0.0
2025-08-06 08:00,0.00188
2025-08-06 08:15,0.0
2025-08-06 08:30,0.0
2025-08-06 08:45,0.00094
2025-08-06 09:00,0.001047
2025-08-06 09:15,0.0
2025-08-06 09:30,0.0
2025-08-06 09:45,0.003142
2025-08-06 10:00,0.0
2025-08-06 10:15,0.0
2025-08-06 10:30,0.00188
2025-08-06 10:45,0.002095
2025-08-06 11:00,0.00094
2025-08-06 11:15,0.0
2025-08-06 11:30,0.002524
2025-08-06 11:45,0.0
2025-08-06 12:00,0.020409
2025-08-06 12:15,0.057092
2025-08-06 12:30,0.031983
2025-08-06 12:45,0.193485
2025-08-06 13:00,0.129988
2025-08-06 13:15,0.072063
2025-08-06 13:30,0.236277
2025-08-06 13:45,0.277351
2025-08-06 14:00,0.124738
2025-08-06 14:15,0.127383
2025-08-06 14:30,0.10739
2025-08-06 14:45,0.199581
2025-08-06 15:00,0.085652
2025-08-06 15:15,0.046055
2025-08-06 15:30,0.319835
2025-08-06 15:45,0.194465
2025-08-06 16:00,0.090781
2025-08-06 16:15,0.210484
2025-08-06 16:30,0.344393
2025-08-06 16:45,0.217694
2025-08-06 17:00,0.25102
2025-08-06 17:15,0.166483
2025-08-06 17:30,0.06578
2025-08-06 17:45,0.201206
2025-08-06 18:00,0.219198
2025-08-06 18:15,0.318908
2025-08-06 18:30,0.214546
2025-08-06 18:45,0.14551
2025-08-06 19:00,0.268315
2025-08-06 19:15,0.220944
2025-08-06 19:30,0.190652
2025-08-06 19:45,0.125154
2025-08-06 20:00,0.091117
2025-08-06 20:15,0.118958
2025-08-06 20:30,0.058811
2025-08-06 20:45,0.081288
2025-08-06 21:00,0.125598
2025-08-06 21:15,0.041396
2025-08-06 21:30,0.038737
2025-08-06 21:45,0.000859
2025-08-06 22:00,0.039879
2025-08-06 22:15,0.010581
2025-08-06 22:30,0.006499
2025-08-06 22:45,0.000859
2025-08-06 23:00,0.025404
2025-08-06 23:15,0.00094
2025-08-06 23:30,0.04004
2025-08-06 23:45,0.003786
2025-08-07 00:00,0.018771
2025-08-07 00:15,0.018771
2025-08-07 00:30,0.0
2025-08-07 00:45,0.040765
2025-08-07 01:00,0.0
2025-08-07 01:15,0.000779
2025-08-07 01:30,0.0
2025-08-07 01:45,0.040765
2025-08-07 02:00,0.00188
2025-08-07 02:15,0.002605
2025-08-07 02:30,0.0
2025-08-07 02:45,0.005049
2025-08-07 03:00,0.002524
2025-08-07 03:15,0.00094
2025-08-07 03:30,0.00094
2025-08-07 03:45,0.0
2025-08-07 04:00,0.001235
2025-08-07 04:15,0.000859
2025-08-07 04:30,0.0
2025-08-07 04:45,0.0
2025-08-07 05:00,0.0
2025-08-07 05:15,0.0
2025-08-07 05:30,0.0
2025-08-07 05:45,0.0
2025-08-07 06:00,0.0
2025-08-07 06:15,0.018771
2025-08-07 06:30,0.0
2025-08-07 06:45,0.001262
2025-08-07 07:00,0.002524
2025-08-07 07:15,0.001262
2025-08-07 07:30,0.0
2025-08-07 07:45,0.015159
2025-08-07 08:00,0.004673
2025-08-07 08:15,0.0
2025-08-07 08:30,0.0
2025-08-07 08:45,0.0
2025-08-07 09:00,0.004404
2025-08-07 09:15,0.001262
2025-08-07 09:30,0.001262
2025-08-07 09:45,0.0
2025-08-07 10:00,0.0
2025-08-07 10:15,0.0
2025-08-07 10:30,0.0
2025-08-07 10:45,0.0
2025-08-07 11:00,0.020033
2025-08-07 11:15,0.034843
2025-08-07 11:30,0.001047
2025-08-07 11:45,0.041772
2025-08-07 12:00,0.023685
2025-08-07 12:15,0.118401
2025-08-07 12:30,0.076656
2025-08-07 12:45,0.115903
2025-08-07 13:00,0.165342
2025-08-07 13:15,0.208685
2025-08-07 13:30,0.193499
2025-08-07 13:45,0.165248
2025-08-07 14:00,0.282373
2025-08-07 14:15,0.139696
2025-08-07 14:30,0.335746
2025-08-07 14:45,0.244508
2025-08-07 15:00,0.297284
2025-08-07 15:15,0.192424
2025-08-07 15:30,0.118092
2025-08-07 15:45,0.230155
2025-08-07 16:00,0.145
2025-08-07 16:15,0.0
2025-08-07 16:30,0.113406
2025-08-07 16:45,0.175963
2025-08-07 17:00,0.191941
2025-08-07 17:15,0.135158
2025-08-07 17:30,0.180743
2025-08-07 17:45,0.056139
2025-08-07 18:00,0.249174
2025-08-07 18:15,0.205032
2025-08-07 18:30,0.22328
2025-08-07 18:45,0.223468
2025-08-07 19:00,0.067243
2025-08-07 19:15,0.372214
2025-08-07 19:30,0.172606
2025-08-07 19:45,0.254001
2025-08-07 20:00,0.164389
2025-08-07 20:15,0.127088
2025-08-07 20:30,0.125369
2025-08-07 20:45,0.083678
2025-08-07 21:00,0.061859
2025-08-07 21:15,0.022437
2025-08-07 21:30,0.014864
2025-08-07 21:45,0.116709
2025-08-07 22:00,0.040765
2025-08-07 22:15,0.037542
2025-08-07 22:30,0.052299
2025-08-07 22:45,0.004243
2025-08-07 23:00,0.002524
2025-08-07 23:15,0.0
2025-08-07 23:30,0.021188
2025-08-07 23:45,0.0
2025-08-08 00:00,0.0
2025-08-08 00:15,0.083248
2025-08-08 00:30,0.0
2025-08-08 00:45,0.0
2025-08-08 01:00,0.0
2025-08-08 01:15,0.0
2025-08-08 01:30,0.0
2025-08-08 01:45,0.0
2025-08-08 02:00,0.0
2025-08-08 02:15,0.0
2025-08-08 02:30,0.002095
2025-08-08 02:45,0.0
2025-08-08 03:00,0.022034
2025-08-08 03:15,0.00188
2025-08-08 03:30,0.003894
2025-08-08 03:45,0.0
2025-08-08 04:00,0.000779
2025-08-08 04:15,0.0
2025-08-08 04:30,0.00094
2025-08-08 04:45,0.0
2025-08-08 05:00,0.0
2025-08-08 05:15,0.0
2025-08-08 05:30,0.0
2025-08-08 05:45,0.0
2025-08-08 06:00,0.00094
2025-08-08 06:15,0.0
2025-08-08 06:30,0.001262
2025-08-08 06:45,0.002887
2025-08-08 07:00,0.0
2025-08-08 07:15,0.005774
2025-08-08 07:30,0.040765
2025-08-08 07:45,0.0
2025-08-08 08:00,0.001262
2025-08-08 08:15,0.0
2025-08-08 08:30,0.0
2025-08-08 08:45,0.0
2025-08-08 09:00,0.0
2025-08-08 09:15,0.0
2025-08-08 09:30,0.001625
2025-08-08 09:45,0.003719
2025-08-08 10:00,0.0
2025-08-08 10:15,0.0
2025-08-08 10:30,0.0
2025-08-08 10:45,0.0
2025-08-08 11:00,0.0
2025-08-08 11:15,0.0
2025-08-08 11:30,0.037542
2025-08-08 11:45,0.017576
2025-08-08 12:00,0.000859
2025-08-08 12:15,0.041141
2025-08-08 12:30,0.065941
2025-08-08 12:45,0.080993
2025-08-08 13:00,0.090687
2025-08-08 13:15,0.117743
2025-08-08 13:30,0.424419
2025-08-08 13:45,0.108384
2025-08-08 14:00,0.428702
2025-08-08 14:15,0.081167
2025-08-08 14:30,0.056058
2025-08-08 14:45,0.209155
2025-08-08 15:00,0.147927
2025-08-08 15:15,0.101858
2025-08-08 15:30,0.096313
2025-08-08 15:45,0.127088
2025-08-08 16:00,0.101227
2025-08-08 16:15,0.278546
2025-08-08 16:30,0.104221
2025-08-08 16:45,0.202924
2025-08-08 17:00,0.107511
2025-08-08 17:15,0.071896
2025-08-08 17:30,0.064397
2025-08-08 17:45,0.162589
2025-08-08 18:00,0.137803
2025-08-08 18:15,0.151888
2025-08-08 18:30,0.139615
2025-08-08 18:45,0.190276
2025-08-08 19:00,0.025283
2025-08-08 19:15,0.136742
2025-08-08 19:30,0.121234
2025-08-08 19:45,0.030701
2025-08-08 20:00,0.066934
2025-08-08 20:15,0.183039
2025-08-08 20:30,0.002659
2025-08-08 20:45,0.09548
2025-08-08 21:00,0.0
2025-08-08 21:15,0.023068
2025-08-08 21:30,0.002739
2025-08-08 21:45,0.026586
2025-08-08 22:00,0.03201
2025-08-08 22:15,0.0
2025-08-08 22:30,0.000779
2025-08-08 22:45,0.037542
2025-08-08 23:00,0.084336
2025-08-08 23:15,0.037542
2025-08-08 23:30,0.0
2025-08-08 23:45,0.0
2025-08-09 00:00,0.037542
2025-08-09 00:15,0.0
2025-08-09 00:30,0.0
2025-08-09 00:45,0.000779
2025-08-09 01:00,0.0
2025-08-09 01:15,0.034588
2025-08-09 01:30,0.063242
2025-08-09 01:45,0.050956
2025-08-09 02:00,0.0
2025-08-09 02:15,0.0
2025-08-09 02:30,0.00094
2025-08-09 02:45,0.0
2025-08-09 03:00,0.0
2025-08-09 03:15,0.0
2025-08-09 03:30,0.0
2025-08-09 03:45,0.0
2025-08-09 04:00,0.041718
2025-08-09 04:15,0.0
2025-08-09 04:30,0.00376
2025-08-09 04:45,0.0
2025-08-09 05:00,0.0
2025-08-09 05:15,0.0
2025-08-09 05:30,0.001249
2025-08-09 05:45,0.0
2025-08-09 06:00,0.001719
2025-08-09 06:15,0.0
2025-08-09 06:30,0.00282
2025-08-09 06:45,0.0
2025-08-09 07:00,0.006284
2025-08-09 07:15,0.004404
2025-08-09 07:30,0.00188
2025-08-09 07:45,0.014756
2025-08-09 08:00,0.0
2025-08-09 08:15,0.0
2025-08-09 08:30,0.000779
2025-08-09 08:45,0.0
2025-08-09 09:00,0.0
2025-08-09 09:15,0.018771
2025-08-09 09:30,0.0
2025-08-09 09:45,0.009493
2025-08-09 10:00,0.0
2025-08-09 10:15,0.00094
2025-08-09 10:30,0.021322
2025-08-09 10:45,0.00188
2025-08-09 11:00,0.0
2025-08-09 11:15,0.0
2025-08-09 11:30,0.0
2025-08-09 11:45,0.00188
2025-08-09 12:00,0.0
2025-08-09 12:15,0.0
2025-08-09 12:30,0.001262
2025-08-09 12:45,0.0
2025-08-09 13:00,0.0
2025-08-09 13:15,0.0047
2025-08-09 13:30,0.0
2025-08-09 13:45,0.0
2025-08-09 14:00,0.002887
2025-08-09 14:15,0.002041
2025-08-09 14:30,0.0
2025-08-09 14:45,0.0
2025-08-09 15:00,0.0
2025-08-09 15:15,0.0
2025-08-09 15:30,0.005344
2025-08-09 15:45,0.041705
2025-08-09 16:00,0.0
2025-08-09 16:15,0.0
2025-08-09 16:30,0.0
2025-08-09 16:45,0.0
2025-08-09 17:00,0.0
2025-08-09 17:15,0.007224
2025-08-09 17:30,0.0
2025-08-09 17:45,0.0
2025-08-09 18:00,0.0
2025-08-09 18:15,0.0
2025-08-09 18:30,0.003894
2025-08-09 18:45,0.0
2025-08-09 19:00,0.040765
2025-08-09 19:15,0.010191
2025-08-09 19:30,0.0
2025-08-09 19:45,0.002095
2025-08-09 20:00,0.021376
2025-08-09 20:15,0.0
2025-08-09 20:30,0.0
2025-08-09 20:45,0.003035
2025-08-09 21:00,0.00282
2025-08-09 21:15,0.001047
2025-08-09 21:30,0.003545
2025-08-09 21:45,0.0
2025-08-09 22:00,0.0
2025-08-09 22:15,0.0
2025-08-09 22:30,0.0
2025-08-09 22:45,0.0
2025-08-09 23:00,0.0
2025-08-09 23:15,0.001396
2025-08-09 23:30,0.0
2025-08-09 23:45,0.020382
2025-08-10 00:00,0.0
2025-08-10 00:15,0.00094
2025-08-10 00:30,0.0
2025-08-10 00:45,0.0
2025-08-10 01:00,0.001262
2025-08-10 01:15,0.0
2025-08-10 01:30,0.001625
2025-08-10 01:45,0.012286
2025-08-10 02:00,0.0
2025-08-10 02:15,0.001047
2025-08-10 02:30,0.006217
2025-08-10 02:45,0.0
2025-08-10 03:00,0.0
2025-08-10 03:15,0.00094
2025-08-10 03:30,0.00188
2025-08-10 03:45,0.005344
2025-08-10 04:00,0.0
2025-08-10 04:15,0.0
2025-08-10 04:30,0.0
2025-08-10 04:45,0.0
2025-08-10 05:00,0.0
2025-08-10 05:15,0.0
2025-08-10 05:30,0.00282
2025-08-10 05:45,0.003598
2025-08-10 06:00,0.0
2025-08-10 06:15,0.0
2025-08-10 06:30,0.0
2025-08-10 06:45,0.0
2025-08-10 07:00,0.0
2025-08-10 07:15,0.0
2025-08-10 07:30,0.0
2025-08-10 07:45,0.00094
2025-08-10 08:00,0.008432
2025-08-10 08:15,0.004216
2025-08-10 08:30,0.0
2025-08-10 08:45,0.00188
2025-08-10 09:00,0.0
2025-08-10 09:15,0.018771
2025-08-10 09:30,0.0
2025-08-10 09:45,0.0
2025-08-10 10:00,0.001262
2025-08-10 10:15,0.0
2025-08-10 10:30,0.0
2025-08-10 10:45,0.0
2025-08-10 11:00,0.0
2025-08-10 11:15,0.0
2025-08-10 11:30,0.0
2025-08-10 11:45,0.0
2025-08-10 12:00,0.0
2025-08-10 12:15,0.0
2025-08-10 12:30,0.0
2025-08-10 12:45,0.002887
2025-08-10 13:00,0.0
2025-08-10 13:15,0.0
2025-08-10 13:30,0.0
2025-08-10 13:45,0.077233
2025-08-10 14:00,0.003249
2025-08-10 14:15,0.001625
2025-08-10 14:30,0.00094
2025-08-10 14:45,0.0
2025-08-10 15:00,0.0
2025-08-10 15:15,0.0
2025-08-10 15:30,0.0
2025-08-10 15:45,0.0
2025-08-10 16:00,0.0
2025-08-10 16:15,0.002041
2025-08-10 16:30,0.0
2025-08-10 16:45,0.0
2025-08-10 17:00,0.001571
2025-08-10 17:15,0.0
2025-08-10 17:30,0.0
2025-08-10 17:45,0.030318
2025-08-10 18:00,0.000779
2025-08-10 18:15,0.0
2025-08-10 18:30,0.0
2025-08-10 18:45,0.000859
2025-08-10 19:00,0.0
2025-08-10 19:15,0.0
2025-08-10 19:30,0.0
2025-08-10 19:45,0.00188
2025-08-10 20:00,0.020826
2025-08-10 20:15,0.003504
2025-08-10 20:30,0.0
2025-08-10 20:45,0.046257
2025-08-10 21:00,0.007412
2025-08-10 21:15,0.001262
2025-08-10 21:30,0.0
2025-08-10 21:45,0.0
2025-08-10 22:00,0.0
2025-08-10 22:15,0.0
2025-08-10 22:30,0.037542
2025-08-10 22:45,0.000859
2025-08-10 23:00,0.0
2025-08-10 23:15,0.0
2025-08-10 23:30,0.0
2025-08-10 23:45,0.007761
2025-08-11 00:00,0.00188
2025-08-11 00:15,0.0
2025-08-11 00:30,0.0
2025-08-11 00:45,0.005022
2025-08-11 01:00,0.0
2025-08-11 01:15,0.021645
2025-08-11 01:30,0.001195
2025-08-11 01:45,0.00094
2025-08-11 02:00,0.00094
2025-08-11 02:15,0.0
2025-08-11 02:30,0.0
2025-08-11 02:45,0.0
2025-08-11 03:00,0.001262
2025-08-11 03:15,0.0
2025-08-11 03:30,0.008432
2025-08-11 03:45,0.0
2025-08-11 04:00,0.042645
2025-08-11 04:15,0.0
2025-08-11 04:30,0.0
2025-08-11 04:45,0.0
2025-08-11 05:00,0.038616
2025-08-11 05:15,0.008808
2025-08-11 05:30,0.0
2025-08-11 05:45,0.0
2025-08-11 06:00,0.0
2025-08-11 06:15,0.0
2025-08-11 06:30,0.0
2025-08-11 06:45,0.001262
2025-08-11 07:00,0.001047
2025-08-11 07:15,0.0
2025-08-11 07:30,0.0
2025-08-11 07:45,0.0
2025-08-11 08:00,0.001356
2025-08-11 08:15,0.0
2025-08-11 08:30,0.002524
2025-08-11 08:45,0.0
2025-08-11 09:00,0.00094
2025-08-11 09:15,0.0
2025-08-11 09:30,0.0
2025-08-11 09:45,0.0
2025-08-11 10:00,0.0
2025-08-11 10:15,0.002202
2025-08-11 10:30,0.004189
2025-08-11 10:45,0.001678
2025-08-11 11:00,0.0
2025-08-11 11:15,0.0
2025-08-11 11:30,0.0
2025-08-11 11:45,0.010621
2025-08-11 12:00,0.051641
2025-08-11 12:15,0.076454
2025-08-11 12:30,0.179742
2025-08-11 12:45,0.18038
2025-08-11 13:00,0.146504
2025-08-11 13:15,0.122133
2025-08-11 13:30,0.044833
2025-08-11 13:45,0.153486
2025-08-11 14:00,0.048002
2025-08-11 14:15,0.089774
2025-08-11 14:30,0.19272
2025-08-11 14:45,0.093896
2025-08-11 15:00,0.06014
2025-08-11 15:15,0.276062
2025-08-11 15:30,0.075944
2025-08-11 15:45,0.136259
2025-08-11 16:00,0.073124
2025-08-11 16:15,0.05871
2025-08-11 16:30,0.182193
2025-08-11 16:45,0.063873
2025-08-11 17:00,0.180823
2025-08-11 17:15,0.184348
2025-08-11 17:30,0.113983
2025-08-11 17:45,0.112788
2025-08-11 18:00,0.019053
2025-08-11 18:15,0.158669
2025-08-11 18:30,0.06245
2025-08-11 18:45,0.042779
2025-08-11 19:00,0.023081
2025-08-11 19:15,0.157098
2025-08-11 19:30,0.112748
2025-08-11 19:45,0.102234
2025-08-11 20:00,0.074548
2025-08-11 20:15,0.070184
2025-08-11 20:30,0.087599
2025-08-11 20:45,0.058032
2025-08-11 21:00,0.079247
2025-08-11 21:15,0.001249
2025-08-11 21:30,0.005331
2025-08-11 21:45,0.0
2025-08-11 22:00,0.0
2025-08-11 22:15,0.0
2025-08-11 22:30,0.002753
2025-08-11 22:45,0.004162
2025-08-11 23:00,0.002524
2025-08-11 23:15,0.005344
2025-08-11 23:30,0.001262
2025-08-11 23:45,0.00188
2025-08-12 00:00,0.002524
2025-08-12 00:15,0.000859
2025-08-12 00:30,0.0
2025-08-12 00:45,0.010473
2025-08-12 01:00,0.003719
2025-08-12 01:15,0.000779
2025-08-12 01:30,0.0
2025-08-12 01:45,0.00094
2025-08-12 02:00,0.00188
2025-08-12 02:15,0.005049
2025-08-12 02:30,0.0
2025-08-12 02:45,0.0
2025-08-12 03:00,0.022101
2025-08-12 03:15,0.0
2025-08-12 03:30,0.0
2025-08-12 03:45,0.0
2025-08-12 04:00,0.024572
2025-08-12 04:15,0.0
2025-08-12 04:30,0.001262
2025-08-12 04:45,0.000859
2025-08-12 05:00,0.0
2025-08-12 05:15,0.00094
2025-08-12 05:30,0.0
2025-08-12 05:45,0.0
2025-08-12 06:00,0.0
2025-08-12 06:15,0.0
2025-08-12 06:30,0.000859
2025-08-12 06:45,0.0
2025-08-12 07:00,0.0
2025-08-12 07:15,0.0
2025-08-12 07:30,0.0
2025-08-12 07:45,0.0
2025-08-12 08:00,0.00341
2025-08-12 08:15,0.0
2025-08-12 08:30,0.0
2025-08-12 08:45,0.0
2025-08-12 09:00,0.004216
2025-08-12 09:15,0.00376
2025-08-12 09:30,0.0
2025-08-12 09:45,0.001262
2025-08-12 10:00,0.0
2025-08-12 10:15,0.002377
2025-08-12 10:30,0.0
2025-08-12 10:45,0.0
2025-08-12 11:00,0.0
2025-08-12 11:15,0.037542
2025-08-12 11:30,0.00188
2025-08-12 11:45,0.014595
2025-08-12 12:00,0.010419
2025-08-12 12:15,0.0
2025-08-12 12:30,0.306528
2025-08-12 12:45,0.072748
2025-08-12 13:00,0.199017
2025-08-12 13:15,0.277861
2025-08-12 13:30,0.283286
2025-08-12 13:45,0.173626
2025-08-12 14:00,0.242441
2025-08-12 14:15,0.125047
2025-08-12 14:30,0.164536
2025-08-12 14:45,0.285622
2025-08-12 15:00,0.382902
2025-08-12 15:15,0.197601
2025-08-12 15:30,1.0
2025-08-12 15:45,0.44125
2025-08-12 16:00,0.014783
2025-08-12 16:15,0.105564
2025-08-12 16:30,0.224233
2025-08-12 16:45,0.185362
2025-08-12 17:00,0.220111
2025-08-12 17:15,0.222139
2025-08-12 17:30,0.616991
2025-08-12 17:45,0.278439
2025-08-12 18:00,0.077904
2025-08-12 18:15,0.59971
2025-08-12 18:30,0.270168
2025-08-12 18:45,0.140884
2025-08-12 19:00,0.242743
2025-08-12 19:15,0.1928
2025-08-12 19:30,0.232652
2025-08-12 19:45,0.189692
2025-08-12 20:00,0.251678
2025-08-12 20:15,0.527217
2025-08-12 20:30,0.103671
2025-08-12 20:45,0.046686
2025-08-12 21:00,0.082899
2025-08-12 21:15,0.030198
2025-08-12 21:30,0.039556
2025-08-12 21:45,0.003169
2025-08-12 22:00,0.00188
2025-08-12 22:15,0.02049
2025-08-12 22:30,0.00094
2025-08-12 22:45,0.0
2025-08-12 23:00,0.100301
2025-08-12 23:15,0.00188
2025-08-12 23:30,0.0
2025-08-12 23:45,0.0
2025-08-13 00:00,0.042645
2025-08-13 00:00,0.03731
2025-08-13 00:15,0.03395
2025-08-13 00:30,0.001398
2025-08-13 00:45,0.000822
2025-08-13 01:00,0.0
2025-08-13 01:15,0.008364
2025-08-13 01:30,0.003853
2025-08-13 01:45,0.0
2025-08-13 02:00,0.0
2025-08-13 02:15,0.0
2025-08-13 02:30,0.0
2025-08-13 02:45,0.02198
2025-08-13 03:00,0.001104
2025-08-13 03:15,0.0
2025-08-13 03:30,0.0
2025-08-13 03:45,0.008306
2025-08-13 04:00,0.000822
2025-08-13 04:15,0.016423
2025-08-13 04:30,0.001645
2025-08-13 04:45,0.0
2025-08-13 05:00,0.0
2025-08-13 05:15,0.0
2025-08-13 05:30,0.0
2025-08-13 05:45,0.0
2025-08-13 06:00,0.001927
2025-08-13 06:15,0.0
2025-08-13 06:30,0.0
2025-08-13 06:45,0.03879
2025-08-13 07:00,0.0
2025-08-13 07:15,0.0
2025-08-13 07:30,0.0
2025-08-13 07:45,0.0
2025-08-13 08:00,0.002209
2025-08-13 08:15,0.0
2025-08-13 08:30,0.002209
2025-08-13 08:45,0.000681
2025-08-13 09:00,0.0
2025-08-13 09:15,0.0
2025-08-13 09:30,0.002209
2025-08-13 09:45,0.0
2025-08-13 10:00,0.0
2025-08-13 10:15,0.014626
2025-08-13 10:30,0.0
2025-08-13 10:45,0.0
2025-08-13 11:00,0.002784
2025-08-13 11:15,0.001363
2025-08-13 11:30,0.000681
2025-08-13 11:45,0.0
2025-08-13 12:00,0.053592
2025-08-13 12:15,0.125206
2025-08-13 12:30,0.152942
2025-08-13 12:45,0.172724
2025-08-13 13:00,0.08228
2025-08-13 13:15,0.126298
2025-08-13 13:30,0.692742
2025-08-13 13:45,0.079508
2025-08-13 14:00,0.078826
2025-08-13 14:15,0.156196
2025-08-13 14:30,0.128977
2025-08-13 14:45,0.21948
2025-08-13 15:00,0.111367
2025-08-13 15:15,0.368645
2025-08-13 15:30,0.125217
2025-08-13 15:45,0.23928
2025-08-13 16:00,0.06924
2025-08-13 16:15,0.080224
2025-08-13 16:30,0.141723
2025-08-13 16:45,1.0
2025-08-13 17:00,0.192637
2025-08-13 17:15,0.135432
2025-08-13 17:30,0.15515
2025-08-13 17:45,0.1731
2025-08-13 18:00,0.107872
2025-08-13 18:15,0.053428
2025-08-13 18:30,0.083161
2025-08-13 18:45,0.069428
2025-08-13 19:00,0.108777
2025-08-13 19:15,0.137082
2025-08-13 19:30,0.176566
2025-08-13 19:45,0.079713
2025-08-13 20:00,0.207004
2025-08-13 20:15,0.079566
2025-08-13 20:30,0.10534
2025-08-13 20:45,0.08349
2025-08-13 21:00,0.035055
2025-08-13 21:15,0.034561
2025-08-13 21:30,0.016423
2025-08-13 21:45,0.033939
2025-08-13 22:00,0.018632
2025-08-13 22:15,0.002138
2025-08-13 22:30,0.156008
2025-08-13 22:45,0.00538
2025-08-13 23:00,0.003101
2025-08-13 23:15,0.238264
2025-08-13 23:30,0.491037
2025-08-13 23:45,0.018702
2025-08-14 00:00,0.321742
2025-08-14 00:15,0.016776
2025-08-14 00:30,0.089916
2025-08-14 00:45,0.0
2025-08-14 01:00,0.002326
2025-08-14 01:15,0.018937
2025-08-14 01:30,0.017057
2025-08-14 01:45,0.0
2025-08-14 02:00,0.312027
2025-08-14 02:15,0.033786
2025-08-14 02:30,0.0
2025-08-14 02:45,0.0
2025-08-14 03:00,0.001104
2025-08-14 03:15,0.009069
2025-08-14 03:30,0.002209
2025-08-14 03:45,0.0
2025-08-14 04:00,0.006438
2025-08-14 04:15,0.0
2025-08-14 04:30,0.23333
2025-08-14 04:45,0.002502
2025-08-14 05:00,0.018314
2025-08-14 05:15,0.004511
2025-08-14 05:30,0.001374
2025-08-14 05:45,0.0
2025-08-14 06:00,0.0
2025-08-14 06:15,0.0
2025-08-14 06:30,0.000822
2025-08-14 06:45,0.001645
2025-08-14 07:00,0.0
2025-08-14 07:15,0.0
2025-08-14 07:30,0.000752
2025-08-14 07:45,0.000916
2025-08-14 08:00,0.0
2025-08-14 08:15,0.007377
2025-08-14 08:30,0.002996
2025-08-14 08:45,0.0
2025-08-14 09:00,0.0
2025-08-14 09:15,0.0
2025-08-14 09:30,0.000822
2025-08-14 09:45,0.007706
2025-08-14 10:00,0.330259
2025-08-14 10:15,0.0
2025-08-14 10:30,0.0
2025-08-14 10:45,0.002209
2025-08-14 11:00,0.001046
2025-08-14 11:15,0.0
2025-08-14 11:30,0.009633
2025-08-14 11:45,0.018878
2025-08-14 12:00,0.014637
2025-08-14 12:15,0.034279
2025-08-14 12:30,0.063507
2025-08-14 12:45,0.102533
2025-08-14 13:00,0.053475
2025-08-14 13:15,0.143655
2025-08-14 13:30,0.26674
2025-08-14 13:45,0.159555
2025-08-14 14:00,0.097246
2025-08-14 14:15,0.171902
2025-08-14 14:30,0.236032
2025-08-14 14:45,0.105963
2025-08-14 15:00,0.292385
2025-08-14 15:15,0.091361
2025-08-14 15:30,0.331646
2025-08-14 15:45,0.068159
2025-08-14 16:00,0.142304
2025-08-14 16:15,0.006784
2025-08-14 16:30,0.192695
2025-08-14 16:45,0.164219
2025-08-14 17:00,0.164454
2025-08-14 17:15,0.050703
2025-08-14 17:30,0.062914
2025-08-14 17:45,0.159415
2025-08-14 18:00,0.162293
2025-08-14 18:15,0.157558
2025-08-14 18:30,0.027689
2025-08-14 18:45,0.258717
2025-08-14 19:00,0.146469
2025-08-14 19:15,0.115972
2025-08-14 19:30,0.154246
2025-08-14 19:45,0.048329
2025-08-14 20:00,0.162134
2025-08-14 20:15,0.13317
2025-08-14 20:30,0.366477
2025-08-14 20:45,0.019325
2025-08-14 21:00,0.001104
2025-08-14 21:15,0.0
2025-08-14 21:30,0.0
2025-08-14 21:45,0.016259
2025-08-14 22:00,0.0
2025-08-14 22:15,0.017668
2025-08-14 22:30,0.010831
2025-08-14 22:45,0.002209
2025-08-14 23:00,0.004311
2025-08-14 23:15,0.008212
2025-08-14 23:30,0.000681
2025-08-14 23:45,0.001187
2025-08-15 00:00,0.0
2025-08-15 00:15,0.000822
2025-08-15 00:30,0.0
2025-08-15 00:45,0.0
2025-08-15 01:00,0.017774
2025-08-15 01:15,0.001104
2025-08-15 01:30,0.0
2025-08-15 01:45,0.0
2025-08-15 02:00,0.001504
2025-08-15 02:15,0.001645
2025-08-15 02:30,0.000822
2025-08-15 02:45,0.0
2025-08-15 03:00,0.038321
2025-08-15 03:15,0.018984
2025-08-15 03:30,0.011325
2025-08-15 03:45,0.002655
2025-08-15 04:00,0.0
2025-08-15 04:15,0.0
2025-08-15 04:30,0.0
2025-08-15 04:45,0.0
2025-08-15 05:00,0.002209
2025-08-15 05:15,0.0
2025-08-15 05:30,0.0
2025-08-15 05:45,0.002209
2025-08-15 06:00,0.0
2025-08-15 06:15,0.000822
2025-08-15 06:30,0.0
2025-08-15 06:45,0.0
2025-08-15 07:00,0.035666
2025-08-15 07:15,0.006884
2025-08-15 07:30,0.000822
2025-08-15 07:45,0.0
2025-08-15 08:00,0.002749
2025-08-15 08:15,0.0
2025-08-15 08:30,0.0
2025-08-15 08:45,0.303957
2025-08-15 09:00,0.001797
2025-08-15 09:15,0.004582
2025-08-15 09:30,0.000822
2025-08-15 09:45,0.02763
2025-08-15 10:00,0.0
2025-08-15 10:15,0.012217
2025-08-15 10:30,0.0
2025-08-15 10:45,0.0
2025-08-15 11:00,0.0
2025-08-15 11:15,0.002209
2025-08-15 11:30,0.001645
2025-08-15 11:45,0.0
2025-08-15 12:00,0.017245
2025-08-15 12:15,0.018432
2025-08-15 12:30,0.058456
2025-08-15 12:45,0.080107
2025-08-15 13:00,0.069452
2025-08-15 13:15,0.105528
2025-08-15 13:30,0.169365
2025-08-15 13:45,0.267422
2025-08-15 14:00,0.351687
2025-08-15 14:15,0.283163
2025-08-15 14:30,0.160542
2025-08-15 14:45,0.264262
2025-08-15 15:00,0.242869
2025-08-15 15:15,0.147226
2025-08-15 15:30,0.187068
2025-08-15 15:45,0.065563
2025-08-15 16:00,0.032846
2025-08-15 16:15,0.029357
2025-08-15 16:30,0.087531
2025-08-15 16:45,0.118545
2025-08-15 17:00,0.056471
2025-08-15 17:15,0.127109
2025-08-15 17:30,0.021522
2025-08-15 17:45,0.180501
2025-08-15 18:00,0.083138
2025-08-15 18:15,0.043208
2025-08-15 18:30,0.083948
2025-08-15 18:45,0.138339
2025-08-15 19:00,0.114457
2025-08-15 19:15,0.100923
2025-08-15 19:30,0.060371
2025-08-15 19:45,0.054849
2025-08-15 20:00,0.088647
2025-08-15 20:15,0.027936
2025-08-15 20:30,0.079155
2025-08-15 20:45,0.293114
2025-08-15 21:00,0.0
2025-08-15 21:15,0.0
2025-08-15 21:30,0.000752
2025-08-15 21:45,0.033316
2025-08-15 22:00,0.001786
2025-08-15 22:15,0.001104
2025-08-15 22:30,0.008165
2025-08-15 22:45,0.0
2025-08-15 23:00,0.0
2025-08-15 23:15,0.001104
2025-08-15 23:30,0.001645
2025-08-15 23:45,0.0
2025-08-16 00:00,0.0
2025-08-16 00:15,0.0
2025-08-16 00:30,0.0
2025-08-16 00:45,0.003031
2025-08-16 01:00,0.464146
2025-08-16 01:15,0.0
2025-08-16 01:30,0.0
2025-08-16 01:45,0.0
2025-08-16 02:00,0.0
2025-08-16 02:15,0.016893
2025-08-16 02:30,0.001645
2025-08-16 02:45,0.001022
2025-08-16 03:00,0.0
2025-08-16 03:15,0.0
2025-08-16 03:30,0.0
2025-08-16 03:45,0.0
2025-08-16 04:00,0.003289
2025-08-16 04:15,0.003254
2025-08-16 04:30,0.016893
2025-08-16 04:45,0.0
2025-08-16 05:00,0.0
2025-08-16 05:15,0.0
2025-08-16 05:30,0.0
2025-08-16 05:45,0.0
2025-08-16 06:00,0.0
2025-08-16 06:15,0.0
2025-08-16 06:30,0.000822
2025-08-16 06:45,0.001645
2025-08-16 07:00,0.000822
2025-08-16 07:15,0.0
2025-08-16 07:30,0.005134
2025-08-16 07:45,0.001104
2025-08-16 08:00,0.0
2025-08-16 08:15,0.0
2025-08-16 08:30,0.003853
2025-08-16 08:45,0.012911
2025-08-16 09:00,0.0
2025-08-16 09:15,0.0
2025-08-16 09:30,0.0
2025-08-16 09:45,0.001645
2025-08-16 10:00,0.001645
2025-08-16 10:15,0.0
2025-08-16 10:30,0.0
2025-08-16 10:45,0.0
2025-08-16 11:00,0.0
2025-08-16 11:15,0.002338
2025-08-16 11:30,0.017833
2025-08-16 11:45,0.0
2025-08-16 12:00,0.000916
2025-08-16 12:15,0.0
2025-08-16 12:30,0.0
2025-08-16 12:45,0.0
2025-08-16 13:00,0.0
2025-08-16 13:15,0.0
2025-08-16 13:30,0.0
2025-08-16 13:45,0.0
2025-08-16 14:00,0.0
2025-08-16 14:15,0.0
2025-08-16 14:30,0.0
2025-08-16 14:45,0.0
2025-08-16 15:00,0.002209
2025-08-16 15:15,0.0
2025-08-16 15:30,0.0
2025-08-16 15:45,0.001856
2025-08-16 16:00,0.001786
2025-08-16 16:15,0.0
2025-08-16 16:30,0.0
2025-08-16 16:45,0.002209
2025-08-16 17:00,0.002209
2025-08-16 17:15,0.0
2025-08-16 17:30,0.0
2025-08-16 17:45,0.0
2025-08-16 18:00,0.0
2025-08-16 18:15,0.003759
2025-08-16 18:30,0.036417
2025-08-16 18:45,0.0
2025-08-16 19:00,0.004253
2025-08-16 19:15,0.000752
2025-08-16 19:30,0.0
2025-08-16 19:45,0.002209
2025-08-16 20:00,0.0
2025-08-16 20:15,0.0
2025-08-16 20:30,0.0
2025-08-16 20:45,0.0
2025-08-16 21:00,0.0
2025-08-16 21:15,0.0
2025-08-16 21:30,0.036934
2025-08-16 21:45,0.0
2025-08-16 22:00,0.0
2025-08-16 22:15,0.0
2025-08-16 22:30,0.0
2025-08-16 22:45,0.000822
2025-08-16 23:00,0.0
2025-08-16 23:15,0.0
2025-08-16 23:30,0.001504
2025-08-16 23:45,0.017833
2025-08-17 00:00,0.0
2025-08-17 00:15,0.0
2025-08-17 00:30,0.000822
2025-08-17 00:45,0.000822
2025-08-17 01:00,0.0
2025-08-17 01:15,0.0
2025-08-17 01:30,0.035619
2025-08-17 01:45,0.000916
2025-08-17 02:00,0.001046
2025-08-17 02:15,0.0
2025-08-17 02:30,0.000822
2025-08-17 02:45,0.001574
2025-08-17 03:00,0.017833
2025-08-17 03:15,0.0
2025-08-17 03:30,0.0
2025-08-17 03:45,0.010596
2025-08-17 04:00,0.001645
2025-08-17 04:15,0.035666
2025-08-17 04:30,0.0
2025-08-17 04:45,0.0
2025-08-17 05:00,0.009187
2025-08-17 05:15,0.014085
2025-08-17 05:30,0.0
2025-08-17 05:45,0.0
2025-08-17 06:00,0.0
2025-08-17 06:15,0.0
2025-08-17 06:30,0.0
2025-08-17 06:45,0.0
2025-08-17 07:00,0.0
2025-08-17 07:15,0.0
2025-08-17 07:30,0.002467
2025-08-17 07:45,0.003195
2025-08-17 08:00,0.000916
2025-08-17 08:15,0.0
2025-08-17 08:30,0.0
2025-08-17 08:45,0.0
2025-08-17 09:00,0.0
2025-08-17 09:15,0.0
2025-08-17 09:30,0.001104
2025-08-17 09:45,0.0
2025-08-17 10:00,0.012911
2025-08-17 10:15,0.001645
2025-08-17 10:30,0.0
2025-08-17 10:45,0.000822
2025-08-17 11:00,0.0
2025-08-17 11:15,0.0
2025-08-17 11:30,0.027184
2025-08-17 11:45,0.00215
2025-08-17 12:00,0.0
2025-08-17 12:15,0.001645
2025-08-17 12:30,0.0
2025-08-17 12:45,0.0
2025-08-17 13:00,0.0
2025-08-17 13:15,0.0
2025-08-17 13:30,0.0
2025-08-17 13:45,0.0
2025-08-17 14:00,0.0
2025-08-17 14:15,0.0
2025-08-17 14:30,0.0
2025-08-17 14:45,0.001504
2025-08-17 15:00,0.000681
2025-08-17 15:15,0.0
2025-08-17 15:30,0.001703
2025-08-17 15:45,0.0
2025-08-17 16:00,0.0
2025-08-17 16:15,0.016317
2025-08-17 16:30,0.0
2025-08-17 16:45,0.0
2025-08-17 17:00,0.032846
2025-08-17 17:15,0.0
2025-08-17 17:30,0.050021
2025-08-17 17:45,0.001104
2025-08-17 18:00,0.0
2025-08-17 18:15,0.0
2025-08-17 18:30,0.0
2025-08-17 18:45,0.0
2025-08-17 19:00,0.0
2025-08-17 19:15,0.000822
2025-08-17 19:30,0.001104
2025-08-17 19:45,0.0
2025-08-17 20:00,0.0
2025-08-17 20:15,0.0
2025-08-17 20:30,0.0
2025-08-17 20:45,0.018796
2025-08-17 21:00,0.0
2025-08-17 21:15,0.000681
2025-08-17 21:30,0.035666
2025-08-17 21:45,0.006602
2025-08-17 22:00,0.000822
2025-08-17 22:15,0.001104
2025-08-17 22:30,0.001645
2025-08-17 22:45,0.000822
2025-08-17 23:00,0.002209
2025-08-17 23:15,0.000752
2025-08-17 23:30,0.035666
2025-08-17 23:45,0.032846
2025-08-18 00:00,0.071578
2025-08-18 00:15,0.001645
2025-08-18 00:30,0.001104
2025-08-18 00:45,0.0
2025-08-18 01:00,0.0
2025-08-18 01:15,0.0
2025-08-18 01:30,0.0
2025-08-18 01:45,0.029275
2025-08-18 02:00,0.001645
2025-08-18 02:15,0.001645
2025-08-18 02:30,0.0
2025-08-18 02:45,0.000822
2025-08-18 03:00,0.0
2025-08-18 03:15,0.006391
2025-08-18 03:30,0.0
2025-08-18 03:45,0.0
2025-08-18 04:00,0.036805
2025-08-18 04:15,0.0
2025-08-18 04:30,0.0
2025-08-18 04:45,0.0
2025-08-18 05:00,0.0
2025-08-18 05:15,0.001104
2025-08-18 05:30,0.001104
2025-08-18 05:45,0.0
2025-08-18 06:00,0.00235
2025-08-18 06:15,0.0
2025-08-18 06:30,0.0
2025-08-18 06:45,0.0
2025-08-18 07:00,0.0
2025-08-18 07:15,0.001645
2025-08-18 07:30,0.0
2025-08-18 07:45,0.001645
2025-08-18 08:00,0.001104
2025-08-18 08:15,0.0
2025-08-18 08:30,0.001833
2025-08-18 08:45,0.002843
2025-08-18 09:00,0.001363
2025-08-18 09:15,0.002749
2025-08-18 09:30,0.0
2025-08-18 09:45,0.003313
2025-08-18 10:00,0.010878
2025-08-18 10:15,0.0
2025-08-18 10:30,0.0
2025-08-18 10:45,0.003172
2025-08-18 11:00,0.045839
2025-08-18 11:15,0.0
2025-08-18 11:30,0.001104
2025-08-18 11:45,0.008482
2025-08-18 12:00,0.000752
2025-08-18 12:15,0.021005
2025-08-18 12:30,0.09929
2025-08-18 12:45,0.062192
2025-08-18 13:00,0.036664
2025-08-18 13:15,0.064189
2025-08-18 13:30,0.06292
2025-08-18 13:45,0.156407
2025-08-18 14:00,0.158216
2025-08-18 14:15,0.109064
2025-08-18 14:30,0.121458
2025-08-18 14:45,0.025034
2025-08-18 15:00,0.181406
2025-08-18 15:15,0.121728
2025-08-18 15:30,0.028394
2025-08-18 15:45,0.156701
2025-08-18 16:00,0.133582
2025-08-18 16:15,0.044429
2025-08-18 16:30,0.287827
2025-08-18 16:45,0.120154
2025-08-18 17:00,0.113458
2025-08-18 17:15,0.057117
2025-08-18 17:30,0.176989
2025-08-18 17:45,0.136342
2025-08-18 18:00,0.121905
2025-08-18 18:15,0.161453
2025-08-18 18:30,0.200695
2025-08-18 18:45,0.121611
2025-08-18 19:00,0.551889
2025-08-18 19:15,0.74402
2025-08-18 19:30,0.305073
2025-08-18 19:45,0.485222
2025-08-18 20:00,0.220314
2025-08-18 20:15,0.048658
2025-08-18 20:30,0.283199
2025-08-18 20:45,0.166874
2025-08-18 21:00,0.035102
2025-08-18 21:15,0.0
2025-08-18 21:30,0.001856
2025-08-18 21:45,0.368686
2025-08-18 22:00,0.001504
2025-08-18 22:15,0.013351
2025-08-18 22:30,0.003231
2025-08-18 22:45,0.001645
2025-08-18 23:00,0.0
2025-08-18 23:15,0.0
2025-08-18 23:30,0.000822
2025-08-18 23:45,0.0
2025-08-19 00:00,0.03731
2025-08-19 00:15,0.035666
2025-08-19 00:30,0.49415
2025-08-19 00:45,0.002021
2025-08-19 01:00,0.017245
2025-08-19 01:15,0.002091
2025-08-19 01:30,0.0
2025-08-19 01:45,0.02178
2025-08-19 02:00,0.0
2025-08-19 02:15,0.01983
2025-08-19 02:30,0.001046
2025-08-19 02:45,0.0
2025-08-19 03:00,0.001421
2025-08-19 03:15,0.017715
2025-08-19 03:30,0.001974
2025-08-19 03:45,0.0
2025-08-19 04:00,0.02151
2025-08-19 04:15,0.0
2025-08-19 04:30,0.0
2025-08-19 04:45,0.017715
2025-08-19 05:00,0.027325
2025-08-19 05:15,0.0
2025-08-19 05:30,0.002209
2025-08-19 05:45,0.287839
2025-08-19 06:00,0.0
2025-08-19 06:15,0.0
2025-08-19 06:30,0.0
2025-08-19 06:45,0.0
2025-08-19 07:00,0.001927
2025-08-19 07:15,0.0
2025-08-19 07:30,0.0
2025-08-19 07:45,0.0
2025-08-19 08:00,0.0
2025-08-19 08:15,0.0
2025-08-19 08:30,0.017833
2025-08-19 08:45,0.003407
2025-08-19 09:00,0.001046
2025-08-19 09:15,0.000681
2025-08-19 09:30,0.03442
2025-08-19 09:45,0.0
2025-08-19 10:00,0.017833
2025-08-19 10:15,0.016423
2025-08-19 10:30,0.024623
2025-08-19 10:45,0.002138
2025-08-19 11:00,0.0
2025-08-19 11:15,0.016423
2025-08-19 11:30,0.004276
2025-08-19 11:45,0.003665
2025-08-19 12:00,0.017856
2025-08-19 12:15,0.035325
2025-08-19 12:30,0.101393
2025-08-19 12:45,0.047613
2025-08-19 13:00,0.180231
2025-08-19 13:15,0.122809
2025-08-19 13:30,0.136425
2025-08-19 13:45,0.095461
2025-08-19 14:00,0.286253
2025-08-19 14:15,0.209295
2025-08-19 14:30,0.127414
2025-08-19 14:45,0.293266
2025-08-19 15:00,0.195374
2025-08-19 15:15,0.163702
2025-08-19 15:30,0.160713
2025-08-19 15:45,0.100406
2025-08-19 16:00,0.15495
2025-08-19 16:15,0.108418
2025-08-19 16:30,0.469069
2025-08-19 16:45,0.142586
2025-08-19 17:00,0.126439
2025-08-19 17:15,0.189524
2025-08-19 17:30,0.202416
2025-08-19 17:45,0.173018
2025-08-19 18:00,0.040224
2025-08-19 18:15,0.267034
2025-08-19 18:30,0.29598
2025-08-19 18:45,0.160777
2025-08-19 19:00,0.104683
2025-08-19 19:15,0.037263
2025-08-19 19:30,0.103684
2025-08-19 19:45,0.169071
2025-08-19 20:00,0.079972
2025-08-19 20:15,0.037921
2025-08-19 20:30,0.090891
2025-08-19 20:45,0.036488
2025-08-19 21:00,0.019172
2025-08-19 21:15,0.032846
2025-08-19 21:30,0.082139
2025-08-19 21:45,0.035031
2025-08-19 22:00,0.006731
2025-08-19 22:15,0.002467
2025-08-19 22:30,0.002256
2025-08-19 22:45,0.002326
2025-08-19 23:00,0.018655
2025-08-19 23:15,0.00128
2025-08-19 23:30,0.0
2025-08-19 23:45,0.032846
2025-08-20 00:00,0.001645
2025-08-20 00:00,0.002019
2025-08-20 00:15,0.0
2025-08-20 00:30,0.003014
2025-08-20 00:45,0.002711
2025-08-20 01:00,0.003375
2025-08-20 01:15,0.04918
2025-08-20 01:30,0.0
2025-08-20 01:45,0.029032
2025-08-20 02:00,0.0
2025-08-20 02:15,0.002668
2025-08-20 02:30,0.042171
2025-08-20 02:45,0.021691
2025-08-20 03:00,0.0
2025-08-20 03:15,0.00101
2025-08-20 03:30,0.001356
2025-08-20 03:45,0.0
2025-08-20 04:00,0.043786
2025-08-20 04:15,0.0
2025-08-20 04:30,1.0
2025-08-20 04:45,0.0
2025-08-20 05:00,0.00101
2025-08-20 05:15,0.001356
2025-08-20 05:30,0.007485
2025-08-20 05:45,0.0
2025-08-20 06:00,0.002913
2025-08-20 06:15,0.02335
2025-08-20 06:30,0.0
2025-08-20 06:45,0.0
2025-08-20 07:00,0.003029
2025-08-20 07:15,0.0
2025-08-20 07:30,0.020162
2025-08-20 07:45,0.0
2025-08-20 08:00,0.008682
2025-08-20 08:15,0.002048
2025-08-20 08:30,0.0
2025-08-20 08:45,0.0
2025-08-20 09:00,0.027821
2025-08-20 09:15,0.0
2025-08-20 09:30,0.0
2025-08-20 09:45,0.00101
2025-08-20 10:00,0.04269
2025-08-20 10:15,0.004038
2025-08-20 10:30,0.040325
2025-08-20 10:45,0.043036
2025-08-20 11:00,0.004327
2025-08-20 11:15,0.028196
2025-08-20 11:30,0.104302
2025-08-20 11:45,0.049526
2025-08-20 12:00,0.041248
2025-08-20 12:15,0.06242
2025-08-20 12:30,0.283009
2025-08-20 12:45,0.1523
2025-08-20 13:00,0.087918
2025-08-20 13:15,0.447784
2025-08-20 13:30,0.092562
2025-08-20 13:45,0.318243
2025-08-20 14:00,0.310022
2025-08-20 14:15,0.291864
2025-08-20 14:30,0.421867
2025-08-20 14:45,0.16714
2025-08-20 15:00,0.130378
2025-08-20 15:15,0.268183
2025-08-20 15:30,0.33118
2025-08-20 15:45,0.374403
2025-08-20 16:00,0.097639
2025-08-20 16:15,0.126729
2025-08-20 16:30,0.794569
2025-08-20 16:45,0.092346
2025-08-20 17:00,0.242742
2025-08-20 17:15,0.152098
2025-08-20 17:30,0.156295
2025-08-20 17:45,0.107302
2025-08-20 18:00,0.143891
2025-08-20 18:15,0.135267
2025-08-20 18:30,0.222709
2025-08-20 18:45,0.331958
2025-08-20 19:00,0.199446
2025-08-20 19:15,0.450575
2025-08-20 19:30,0.260654
2025-08-20 19:45,0.275495
2025-08-20 20:00,0.220301
2025-08-20 20:15,0.165352
2025-08-20 20:30,0.159843
2025-08-20 20:45,0.080808
2025-08-20 21:00,0.088149
2025-08-20 21:15,0.022427
2025-08-20 21:30,0.078832
2025-08-20 21:45,0.001457
2025-08-20 22:00,0.020162
2025-08-20 22:15,0.035681
2025-08-20 22:30,0.002625
2025-08-20 22:45,0.08065
2025-08-20 23:00,0.0
2025-08-20 23:15,0.008495
2025-08-20 23:30,0.0
2025-08-20 23:45,0.0
2025-08-21 00:00,0.043786
2025-08-21 00:15,0.0
2025-08-21 00:30,0.047161
2025-08-21 00:45,0.001586
2025-08-21 01:00,0.001125
2025-08-21 01:15,0.0
2025-08-21 01:30,0.0
2025-08-21 01:45,0.001183
2025-08-21 02:00,0.045459
2025-08-21 02:15,0.003461
2025-08-21 02:30,0.0
2025-08-21 02:45,0.0
2025-08-21 03:00,0.0
2025-08-21 03:15,0.0
2025-08-21 03:30,0.007846
2025-08-21 03:45,0.002711
2025-08-21 04:00,0.0
2025-08-21 04:15,0.002711
2025-08-21 04:30,0.504464
2025-08-21 04:45,0.0
2025-08-21 05:00,0.0
2025-08-21 05:15,0.0
2025-08-21 05:30,0.034037
2025-08-21 05:45,0.0317
2025-08-21 06:00,0.0
2025-08-21 06:15,0.004529
2025-08-21 06:30,0.00101
2025-08-21 06:45,0.001457
2025-08-21 07:00,0.0
2025-08-21 07:15,0.0
2025-08-21 07:30,0.0
2025-08-21 07:45,0.001356
2025-08-21 08:00,0.0
2025-08-21 08:15,0.007182
2025-08-21 08:30,0.0
2025-08-21 08:45,0.000836
2025-08-21 09:00,0.0
2025-08-21 09:15,0.002365
2025-08-21 09:30,0.0
2025-08-21 09:45,0.0
2025-08-21 10:00,0.008783
2025-08-21 10:15,0.002019
2025-08-21 10:30,0.007774
2025-08-21 10:45,0.000923
2025-08-21 11:00,0.0
2025-08-21 11:15,0.0
2025-08-21 11:30,0.022008
2025-08-21 11:45,0.020162
2025-08-21 12:00,0.043786
2025-08-21 12:15,0.001846
2025-08-21 12:30,0.202547
2025-08-21 12:45,0.047709
2025-08-21 13:00,0.333617
2025-08-21 13:15,0.104418
2025-08-21 13:30,0.119532
2025-08-21 13:45,0.181505
2025-08-21 14:00,0.136839
2025-08-21 14:15,0.166304
2025-08-21 14:30,0.35388
2025-08-21 14:45,0.072934
2025-08-21 15:00,0.09037
2025-08-21 15:15,0.110662
2025-08-21 15:30,0.073395
2025-08-21 15:45,0.166491
2025-08-21 16:00,0.227916
2025-08-21 16:15,0.207869
2025-08-21 16:30,0.481676
2025-08-21 16:45,0.171582
2025-08-21 17:00,0.205172
2025-08-21 17:15,0.088135
2025-08-21 17:30,0.085798
2025-08-21 17:45,0.167429
2025-08-21 18:00,0.112444
2025-08-21 18:15,0.085971
2025-08-21 18:30,0.415997
2025-08-21 18:45,0.114441
2025-08-21 19:00,0.107302
2025-08-21 19:15,0.052339
2025-08-21 19:30,0.038407
2025-08-21 19:45,0.127378
2025-08-21 20:00,0.150107
2025-08-21 20:15,0.095447
2025-08-21 20:30,0.04892
2025-08-21 20:45,0.010586
2025-08-21 21:00,0.043945
2025-08-21 21:15,0.001933
2025-08-21 21:30,0.110388
2025-08-21 21:45,0.29684
2025-08-21 22:00,0.020999
2025-08-21 22:15,0.044709
2025-08-21 22:30,0.0
2025-08-21 22:45,0.308493
2025-08-21 23:00,0.0
2025-08-21 23:15,0.00101
2025-08-21 23:30,0.025326
2025-08-21 23:45,0.0
2025-08-22 00:00,0.0
2025-08-22 00:15,0.087572
2025-08-22 00:30,0.00101
2025-08-22 00:45,0.03845
2025-08-22 01:00,0.005336
2025-08-22 01:15,0.0
2025-08-22 01:30,0.00101
2025-08-22 01:45,0.009461
2025-08-22 02:00,0.0
2025-08-22 02:15,0.002019
2025-08-22 02:30,0.002913
2025-08-22 02:45,0.0
2025-08-22 03:00,0.113994
2025-08-22 03:15,0.0
2025-08-22 03:30,0.009923
2025-08-22 03:45,0.001125
2025-08-22 04:00,0.091841
2025-08-22 04:15,0.000923
2025-08-22 04:30,0.219854
2025-08-22 04:45,0.007197
2025-08-22 05:00,0.00861
2025-08-22 05:15,0.001356
2025-08-22 05:30,0.0
2025-08-22 05:45,0.0
2025-08-22 06:00,0.0
2025-08-22 06:15,0.046411
2025-08-22 06:30,0.004788
2025-08-22 06:45,0.0
2025-08-22 07:00,0.0
2025-08-22 07:15,0.0
2025-08-22 07:30,0.0
2025-08-22 07:45,0.0317
2025-08-22 08:00,0.002019
2025-08-22 08:15,0.043786
2025-08-22 08:30,0.0
2025-08-22 08:45,0.001457
2025-08-22 09:00,0.026537
2025-08-22 09:15,0.0
2025-08-22 09:30,0.0
2025-08-22 09:45,0.00101
2025-08-22 10:00,0.000836
2025-08-22 10:15,0.0
2025-08-22 10:30,0.0
2025-08-22 10:45,0.0
2025-08-22 11:00,0.00101
2025-08-22 11:15,0.001356
2025-08-22 11:30,0.003202
2025-08-22 11:45,0.0
2025-08-22 12:00,0.014321
2025-08-22 12:15,0.042055
2025-08-22 12:30,0.039791
2025-08-22 12:45,0.040325
2025-08-22 13:00,0.243968
2025-08-22 13:15,0.09862
2025-08-22 13:30,0.170457
2025-08-22 13:45,0.30284
2025-08-22 14:00,0.177539
2025-08-22 14:15,0.143574
2025-08-22 14:30,0.216839
2025-08-22 14:45,0.165561
2025-08-22 15:00,0.129375
2025-08-22 15:15,0.210263
2025-08-22 15:30,0.149877
2025-08-22 15:45,0.104446
2025-08-22 16:00,0.095634
2025-08-22 16:15,0.2519
2025-08-22 16:30,0.39445
2025-08-22 16:45,0.102658
2025-08-22 17:00,0.094394
2025-08-22 17:15,0.091005
2025-08-22 17:30,0.225926
2025-08-22 17:45,0.085193
2025-08-22 18:00,0.270534
2025-08-22 18:15,0.066429
2025-08-22 18:30,0.029248
2025-08-22 18:45,0.17976
2025-08-22 19:00,0.243968
2025-08-22 19:15,0.214157
2025-08-22 19:30,0.025701
2025-08-22 19:45,0.08957
2025-08-22 20:00,0.086779
2025-08-22 20:15,0.069876
2025-08-22 20:30,0.109263
2025-08-22 20:45,0.03434
2025-08-22 21:00,0.0
2025-08-22 21:15,0.061843
2025-08-22 21:30,0.041868
2025-08-22 21:45,0.073785
2025-08-22 22:00,0.0
2025-08-22 22:15,0.0
2025-08-22 22:30,0.009014
2025-08-22 22:45,0.001356
2025-08-22 23:00,0.00101
2025-08-22 23:15,0.026869
2025-08-22 23:30,0.003216
2025-08-22 23:45,0.0
2025-08-23 00:00,0.043786
2025-08-23 00:15,0.085582
2025-08-23 00:30,0.006923
2025-08-23 00:45,0.0
2025-08-23 01:00,0.0
2025-08-23 01:15,0.0
2025-08-23 01:30,0.0
2025-08-23 01:45,0.0
2025-08-23 02:00,0.008625
2025-08-23 02:15,0.00101
2025-08-23 02:30,0.0
2025-08-23 02:45,0.0
2025-08-23 03:00,0.000836
2025-08-23 03:15,0.0
2025-08-23 03:30,0.001356
2025-08-23 03:45,0.001356
2025-08-23 04:00,0.044709
2025-08-23 04:15,0.020739
2025-08-23 04:30,0.354472
2025-08-23 04:45,0.0
2025-08-23 05:00,0.0
2025-08-23 05:15,0.044796
2025-08-23 05:30,0.0
2025-08-23 05:45,0.0
2025-08-23 06:00,0.007976
2025-08-23 06:15,0.0
2025-08-23 06:30,0.0
2025-08-23 06:45,0.004067
2025-08-23 07:00,0.175145
2025-08-23 07:15,0.0
2025-08-23 07:30,0.0
2025-08-23 07:45,0.004529
2025-08-23 08:00,0.008307
2025-08-23 08:15,0.007961
2025-08-23 08:30,0.0
2025-08-23 08:45,0.000836
2025-08-23 09:00,0.001356
2025-08-23 09:15,0.0
2025-08-23 09:30,0.015201
2025-08-23 09:45,0.0
2025-08-23 10:00,0.0
2025-08-23 10:15,0.002711
2025-08-23 10:30,0.00101
2025-08-23 10:45,0.002711
2025-08-23 11:00,0.001183
2025-08-23 11:15,0.0
2025-08-23 11:30,0.0
2025-08-23 11:45,0.0
2025-08-23 12:00,0.0
2025-08-23 12:15,0.001183
2025-08-23 12:30,0.0
2025-08-23 12:45,0.002711
2025-08-23 13:00,0.022903
2025-08-23 13:15,0.046671
2025-08-23 13:30,0.0
2025-08-23 13:45,0.0
2025-08-23 14:00,0.0
2025-08-23 14:15,0.0
2025-08-23 14:30,0.001284
2025-08-23 14:45,0.00101
2025-08-23 15:00,0.0
2025-08-23 15:15,0.0
2025-08-23 15:30,0.0
2025-08-23 15:45,0.021893
2025-08-23 16:00,0.011538
2025-08-23 16:15,0.000836
2025-08-23 16:30,0.21658
2025-08-23 16:45,0.001356
2025-08-23 17:00,0.0
2025-08-23 17:15,0.041781
2025-08-23 17:30,0.00101
2025-08-23 17:45,0.027085
2025-08-23 18:00,0.001442
2025-08-23 18:15,0.002019
2025-08-23 18:30,0.001356
2025-08-23 18:45,0.0
2025-08-23 19:00,0.176154
2025-08-23 19:15,0.0
2025-08-23 19:30,0.003029
2025-08-23 19:45,0.0
2025-08-23 20:00,0.0
2025-08-23 20:15,0.0
2025-08-23 20:30,0.0
2025-08-23 20:45,0.046498
2025-08-23 21:00,0.0
2025-08-23 21:15,0.0
2025-08-23 21:30,0.001356
2025-08-23 21:45,0.00274
2025-08-23 22:00,0.0
2025-08-23 22:15,0.0
2025-08-23 22:30,0.0
2025-08-23 22:45,0.0
2025-08-23 23:00,0.043786
2025-08-23 23:15,0.002711
2025-08-23 23:30,0.0
2025-08-23 23:45,0.023912
2025-08-24 00:00,0.0
2025-08-24 00:15,0.0
2025-08-24 00:30,0.017047
2025-08-24 00:45,0.0
2025-08-24 01:00,0.001457
2025-08-24 01:15,0.0
2025-08-24 01:30,0.001457
2025-08-24 01:45,0.0
2025-08-24 02:00,0.0
2025-08-24 02:15,0.004067
2025-08-24 02:30,0.041479
2025-08-24 02:45,0.002019
2025-08-24 03:00,0.012172
2025-08-24 03:15,0.0
2025-08-24 03:30,0.0
2025-08-24 03:45,0.0
2025-08-24 04:00,0.029998
2025-08-24 04:15,0.002711
2025-08-24 04:30,0.283427
2025-08-24 04:45,0.010067
2025-08-24 05:00,0.002019
2025-08-24 05:15,0.0
2025-08-24 05:30,0.0
2025-08-24 05:45,0.006504
2025-08-24 06:00,0.0
2025-08-24 06:15,0.0
2025-08-24 06:30,0.003721
2025-08-24 06:45,0.000836
2025-08-24 07:00,0.394998
2025-08-24 07:15,0.0
2025-08-24 07:30,0.047161
2025-08-24 07:45,0.004146
2025-08-24 08:00,0.0
2025-08-24 08:15,0.05068
2025-08-24 08:30,0.0
2025-08-24 08:45,0.0
2025-08-24 09:00,0.0
2025-08-24 09:15,0.0
2025-08-24 09:30,0.0
2025-08-24 09:45,0.01024
2025-08-24 10:00,0.01347
2025-08-24 10:15,0.003634
2025-08-24 10:30,0.0
2025-08-24 10:45,0.002769
2025-08-24 11:00,0.0
2025-08-24 11:15,0.004009
2025-08-24 11:30,0.021893
2025-08-24 11:45,0.001572
2025-08-24 12:00,0.021576
2025-08-24 12:15,0.0
2025-08-24 12:30,0.0
2025-08-24 12:45,0.001745
2025-08-24 13:00,0.0
2025-08-24 13:15,0.0
2025-08-24 13:30,0.001284
2025-08-24 13:45,0.000923
2025-08-24 14:00,0.0
2025-08-24 14:15,0.0
2025-08-24 14:30,0.0
2025-08-24 14:45,0.043786
2025-08-24 15:00,0.000836
2025-08-24 15:15,0.0
2025-08-24 15:30,0.022441
2025-08-24 15:45,0.027258
2025-08-24 16:00,0.0
2025-08-24 16:15,0.0
2025-08-24 16:30,0.287292
2025-08-24 16:45,0.025427
2025-08-24 17:00,0.0
2025-08-24 17:15,0.0
2025-08-24 17:30,0.0
2025-08-24 17:45,0.020941
2025-08-24 18:00,0.0
2025-08-24 18:15,0.0
2025-08-24 18:30,0.000923
2025-08-24 18:45,0.0
2025-08-24 19:00,0.116402
2025-08-24 19:15,0.002683
2025-08-24 19:30,0.004615
2025-08-24 19:45,0.0
2025-08-24 20:00,0.001933
2025-08-24 20:15,0.0
2025-08-24 20:30,0.001846
2025-08-24 20:45,0.043786
2025-08-24 21:00,0.002711
2025-08-24 21:15,0.008351
2025-08-24 21:30,0.000836
2025-08-24 21:45,0.0
2025-08-24 22:00,0.0
2025-08-24 22:15,0.003029
2025-08-24 22:30,0.0
2025-08-24 22:45,0.0
2025-08-24 23:00,0.002365
2025-08-24 23:15,0.0
2025-08-24 23:30,0.000923
2025-08-24 23:45,0.0
2025-08-25 00:00,0.0
2025-08-25 00:15,0.0
2025-08-25 00:30,0.003692
2025-08-25 00:45,0.021893
2025-08-25 01:00,0.000836
2025-08-25 01:15,0.0
2025-08-25 01:30,0.002019
2025-08-25 01:45,0.00101
2025-08-25 02:00,0.0
2025-08-25 02:15,0.00424
2025-08-25 02:30,0.003634
2025-08-25 02:45,0.020162
2025-08-25 03:00,0.003764
2025-08-25 03:15,0.0
2025-08-25 03:30,0.001673
2025-08-25 03:45,0.0
2025-08-25 04:00,0.00101
2025-08-25 04:15,0.0
2025-08-25 04:30,0.390398
2025-08-25 04:45,0.0
2025-08-25 05:00,0.0
2025-08-25 05:15,0.000836
2025-08-25 05:30,0.004731
2025-08-25 05:45,0.0
2025-08-25 06:00,0.0
2025-08-25 06:15,0.0
2025-08-25 06:30,0.012821
2025-08-25 06:45,0.0
2025-08-25 07:00,0.021893
2025-08-25 07:15,0.004082
2025-08-25 07:30,0.001356
2025-08-25 07:45,0.002711
2025-08-25 08:00,0.00101
2025-08-25 08:15,0.0
2025-08-25 08:30,0.0
2025-08-25 08:45,0.0
2025-08-25 09:00,0.003894
2025-08-25 09:15,0.0
2025-08-25 09:30,0.0
2025-08-25 09:45,0.002091
2025-08-25 10:00,0.001356
2025-08-25 10:15,0.0
2025-08-25 10:30,0.001038
2025-08-25 10:45,0.003404
2025-08-25 11:00,0.001356
2025-08-25 11:15,0.004182
2025-08-25 11:30,0.00101
2025-08-25 11:45,0.019586
2025-08-25 12:00,0.020162
2025-08-25 12:15,0.013658
2025-08-25 12:30,0.02433
2025-08-25 12:45,0.024576
2025-08-25 13:00,0.120051
2025-08-25 13:15,0.01797
2025-08-25 13:30,0.133147
2025-08-25 13:45,0.209527
2025-08-25 14:00,0.054805
2025-08-25 14:15,0.12833
2025-08-25 14:30,0.185687
2025-08-25 14:45,0.26165
2025-08-25 15:00,0.189336
2025-08-25 15:15,0.286571
2025-08-25 15:30,0.103235
2025-08-25 15:45,0.11646
2025-08-25 16:00,0.117787
2025-08-25 16:15,0.048401
2025-08-25 16:30,0.239122
2025-08-25 16:45,0.057545
2025-08-25 17:00,0.180971
2025-08-25 17:15,0.083145
2025-08-25 17:30,0.092678
2025-08-25 17:45,0.085135
2025-08-25 18:00,0.13195
2025-08-25 18:15,0.28112
2025-08-25 18:30,0.153078
2025-08-25 18:45,0.115335
2025-08-25 19:00,0.210681
2025-08-25 19:15,0.044969
2025-08-25 19:30,0.106163
2025-08-25 19:45,0.086736
2025-08-25 20:00,0.349337
2025-08-25 20:15,0.300417
2025-08-25 20:30,0.045719
2025-08-25 20:45,0.024237
2025-08-25 21:00,0.175375
2025-08-25 21:15,0.262645
2025-08-25 21:30,0.001183
2025-08-25 21:45,0.364163
2025-08-25 22:00,0.002452
2025-08-25 22:15,0.001846
2025-08-25 22:30,0.143214
2025-08-25 22:45,0.043786
2025-08-25 23:00,0.0
2025-08-25 23:15,0.0
2025-08-25 23:30,0.0
2025-08-25 23:45,0.044709
2025-08-26 00:00,0.00101
2025-08-26 00:15,0.0
2025-08-26 00:30,0.000505
2025-08-26 00:45,0.00101
2025-08-26 01:00,0.00101
2025-08-26 01:15,0.004413
2025-08-26 01:30,0.003721
2025-08-26 01:45,0.015403
2025-08-26 02:00,0.001356
2025-08-26 02:15,0.004269
2025-08-26 02:30,0.26364
2025-08-26 02:45,0.0
2025-08-26 03:00,0.002711
2025-08-26 03:15,0.0
2025-08-26 03:30,0.0
2025-08-26 03:45,0.0
2025-08-26 04:00,0.00101
2025-08-26 04:15,0.000836
2025-08-26 04:30,0.441957
2025-08-26 04:45,0.004961
2025-08-26 05:00,0.0
2025-08-26 05:15,0.026104
2025-08-26 05:30,0.007514
2025-08-26 05:45,0.01585
2025-08-26 06:00,0.001125
2025-08-26 06:15,0.007139
2025-08-26 06:30,0.021172
2025-08-26 06:45,0.00101
2025-08-26 07:00,0.023249
2025-08-26 07:15,0.0
2025-08-26 07:30,0.000923
2025-08-26 07:45,0.043786
2025-08-26 08:00,0.019759
2025-08-26 08:15,0.0
2025-08-26 08:30,0.002365
2025-08-26 08:45,0.0
2025-08-26 09:00,0.0
2025-08-26 09:15,0.002019
2025-08-26 09:30,0.0
2025-08-26 09:45,0.0
2025-08-26 10:00,0.0
2025-08-26 10:15,0.0
2025-08-26 10:30,0.0
2025-08-26 10:45,0.0
2025-08-26 11:00,0.0
2025-08-26 11:15,0.054834
2025-08-26 11:30,0.0
2025-08-26 11:45,0.040325
2025-08-26 12:00,0.041608
2025-08-26 12:15,0.064453
2025-08-26 12:30,0.092159
2025-08-26 12:45,0.059218
2025-08-26 13:00,0.114066
2025-08-26 13:15,0.059247
2025-08-26 13:30,0.218065
2025-08-26 13:45,0.130241
2025-08-26 14:00,0.160636
2025-08-26 14:15,0.218448
2025-08-26 14:30,0.15155
2025-08-26 14:45,0.17288
2025-08-26 15:00,0.030171
2025-08-26 15:15,0.131748
2025-08-26 15:30,0.172952
2025-08-26 15:45,0.198191
2025-08-26 16:00,0.106307
2025-08-26 16:15,0.100048
2025-08-26 16:30,0.350606
2025-08-26 16:45,0.358236
2025-08-26 17:00,0.050161
2025-08-26 17:15,0.075732
2025-08-26 17:30,0.126585
2025-08-26 17:45,0.152213
2025-08-26 18:00,0.13544
2025-08-26 18:15,0.078054
2025-08-26 18:30,0.430874
2025-08-26 18:45,0.129339
2025-08-26 19:00,0.072732
2025-08-26 19:15,0.091322
2025-08-26 19:30,0.14206
2025-08-26 19:45,0.114585
2025-08-26 20:00,0.08926
2025-08-26 20:15,0.065535
2025-08-26 20:30,0.114773
2025-08-26 20:45,0.02583
2025-08-26 21:00,0.044075
2025-08-26 21:15,0.087745
2025-08-26 21:30,0.001846
2025-08-26 21:45,0.003101
2025-08-26 22:00,0.026321
2025-08-26 22:15,0.00349
2025-08-26 22:30,0.001572
2025-08-26 22:45,0.006865
2025-08-26 23:00,0.03483
2025-08-26 23:15,0.002711
2025-08-26 23:30,0.002019
2025-08-26 23:45,0.0
2025-08-27 00:00,0.021893
2025-08-27 00:00,0.03471
2025-08-27 00:15,0.0
2025-08-27 00:30,0.0
2025-08-27 00:45,0.0
2025-08-27 01:00,0.0
2025-08-27 01:15,0.0
2025-08-27 01:30,0.0
2025-08-27 01:45,0.001601
2025-08-27 02:00,0.0
2025-08-27 02:15,0.006631
2025-08-27 02:30,0.0
2025-08-27 02:45,0.0
2025-08-27 03:00,0.029039
2025-08-27 03:15,0.002652
2025-08-27 03:30,0.00407
2025-08-27 03:45,0.026798
2025-08-27 04:00,0.0
2025-08-27 04:15,0.006448
2025-08-27 04:30,0.605593
2025-08-27 04:45,0.0
2025-08-27 05:00,0.0
2025-08-27 05:15,0.003201
2025-08-27 05:30,0.034847
2025-08-27 05:45,0.003933
2025-08-27 06:00,0.002767
2025-08-27 06:15,0.004916
2025-08-27 06:30,0.279462
2025-08-27 06:45,0.001601
2025-08-27 07:00,0.001784
2025-08-27 07:15,0.002652
2025-08-27 07:30,0.0
2025-08-27 07:45,0.002652
2025-08-27 08:00,0.0
2025-08-27 08:15,0.0
2025-08-27 08:30,0.0
2025-08-27 08:45,0.003315
2025-08-27 09:00,0.0
2025-08-27 09:15,0.0
2025-08-27 09:30,0.0
2025-08-27 09:45,0.15983
2025-08-27 10:00,0.00439
2025-08-27 10:15,0.0
2025-08-27 10:30,0.001601
2025-08-27 10:45,0.007454
2025-08-27 11:00,0.002652
2025-08-27 11:15,0.004093
2025-08-27 11:30,0.033429
2025-08-27 11:45,0.037454
2025-08-27 12:00,0.001966
2025-08-27 12:15,0.326131
2025-08-27 12:30,0.281017
2025-08-27 12:45,0.302991
2025-08-27 13:00,0.275758
2025-08-27 13:15,0.643161
2025-08-27 13:30,0.274843
2025-08-27 13:45,0.436663
2025-08-27 14:00,0.134083
2025-08-27 14:15,0.433942
2025-08-27 14:30,0.073993
2025-08-27 14:45,0.252664
2025-08-27 15:00,0.126972
2025-08-27 15:15,0.237595
2025-08-27 15:30,0.071935
2025-08-27 15:45,0.2038
2025-08-27 16:00,0.3511
2025-08-27 16:15,0.369804
2025-08-27 16:30,0.648889
2025-08-27 16:45,0.150318
2025-08-27 17:00,0.217337
2025-08-27 17:15,0.283075
2025-08-27 17:30,0.211803
2025-08-27 17:45,0.100883
2025-08-27 18:00,0.339461
2025-08-27 18:15,0.181804
2025-08-27 18:30,0.530663
2025-08-27 18:45,0.192093
2025-08-27 19:00,0.17675
2025-08-27 19:15,0.315087
2025-08-27 19:30,0.227878
2025-08-27 19:45,0.919994
2025-08-27 20:00,0.336123
2025-08-27 20:15,0.334545
2025-08-27 20:30,0.150089
2025-08-27 20:45,0.056409
2025-08-27 21:00,0.035167
2025-08-27 21:15,0.007043
2025-08-27 21:30,0.066036
2025-08-27 21:45,0.001601
2025-08-27 22:00,0.035167
2025-08-27 22:15,0.002287
2025-08-27 22:30,0.001601
2025-08-27 22:45,0.0
2025-08-27 23:00,0.002561
2025-08-27 23:15,0.001463
2025-08-27 23:30,0.0
2025-08-27 23:45,0.003956
2025-08-28 00:00,0.0
2025-08-28 00:15,0.0
2025-08-28 00:30,0.031966
2025-08-28 00:45,0.013514
2025-08-28 01:00,0.032881
2025-08-28 01:15,0.004299
2025-08-28 01:30,0.001326
2025-08-28 01:45,0.0075
2025-08-28 02:00,0.033384
2025-08-28 02:15,0.0
2025-08-28 02:30,0.030274
2025-08-28 02:45,0.0
2025-08-28 03:00,0.003201
2025-08-28 03:15,0.025701
2025-08-28 03:30,0.00718
2025-08-28 03:45,0.001326
2025-08-28 04:00,0.003201
2025-08-28 04:15,0.001784
2025-08-28 04:30,0.610326
2025-08-28 04:45,0.006402
2025-08-28 05:00,0.001601
2025-08-28 05:15,0.016143
2025-08-28 05:30,0.0
2025-08-28 05:45,0.0
2025-08-28 06:00,0.002149
2025-08-28 06:15,0.029954
2025-08-28 06:30,0.210408
2025-08-28 06:45,0.011318
2025-08-28 07:00,0.0
2025-08-28 07:15,0.06942
2025-08-28 07:30,0.0
2025-08-28 07:45,0.106096
2025-08-28 08:00,0.004299
2025-08-28 08:15,0.0
2025-08-28 08:30,0.02067
2025-08-28 08:45,0.0
2025-08-28 09:00,0.0
2025-08-28 09:15,0.0
2025-08-28 09:30,0.0
2025-08-28 09:45,0.0
2025-08-28 10:00,0.01093
2025-08-28 10:15,0.0
2025-08-28 10:30,0.0
2025-08-28 10:45,0.0
2025-08-28 11:00,0.001326
2025-08-28 11:15,0.0
2025-08-28 11:30,0.154571
2025-08-28 11:45,0.007134
2025-08-28 12:00,0.0
2025-08-28 12:15,0.028147
2025-08-28 12:30,0.185851
2025-08-28 12:45,0.208556
2025-08-28 13:00,0.257877
2025-08-28 13:15,0.582087
2025-08-28 13:30,0.390634
2025-08-28 13:45,0.427859
2025-08-28 14:00,0.637102
2025-08-28 14:15,0.497736
2025-08-28 14:30,0.439269
2025-08-28 14:45,0.532149
2025-08-28 15:00,0.265331
2025-08-28 15:15,0.492775
2025-08-28 15:30,0.247313
2025-08-28 15:45,0.584511
2025-08-28 16:00,0.129487
2025-08-28 16:15,0.208465
2025-08-28 16:30,0.475328
2025-08-28 16:45,0.275083
2025-08-28 17:00,0.19901
2025-08-28 17:15,0.562446
2025-08-28 17:30,0.363127
2025-08-28 17:45,0.195088
2025-08-28 18:00,0.274317
2025-08-28 18:15,0.45404
2025-08-28 18:30,1.0
2025-08-28 18:45,0.444208
2025-08-28 19:00,0.666415
2025-08-28 19:15,0.090319
2025-08-28 19:30,0.900444
2025-08-28 19:45,0.702131
2025-08-28 20:00,0.144853
2025-08-28 20:15,0.392989
2025-08-28 20:30,0.263548
2025-08-28 20:45,0.012256
2025-08-28 21:00,0.287008
2025-08-28 21:15,0.0
2025-08-28 21:30,0.010358
2025-08-28 21:45,0.063932
2025-08-28 22:00,0.001463
2025-08-28 22:15,0.262084
2025-08-28 22:30,0.027301
2025-08-28 22:45,0.018613
2025-08-28 23:00,0.017149
2025-08-28 23:15,0.031966
2025-08-28 23:30,0.010793
2025-08-28 23:45,0.028399
2025-08-29 00:00,0.001601
2025-08-29 00:15,0.0
2025-08-29 00:30,0.001463
2025-08-29 00:45,0.051676
2025-08-29 01:00,0.220058
2025-08-29 01:15,0.0
2025-08-29 01:30,0.008163
2025-08-29 01:45,0.011204
2025-08-29 02:00,0.003819
2025-08-29 02:15,0.022317
2025-08-29 02:30,0.011364
2025-08-29 02:45,0.002927
2025-08-29 03:00,0.009512
2025-08-29 03:15,0.038163
2025-08-29 03:30,0.009238
2025-08-29 03:45,0.0
2025-08-29 04:00,0.003933
2025-08-29 04:15,0.034893
2025-08-29 04:30,0.417981
2025-08-29 04:45,0.002149
2025-08-29 05:00,0.002927
2025-08-29 05:15,0.0
2025-08-29 05:30,0.0
2025-08-29 05:45,0.002149
2025-08-29 06:00,0.034115
2025-08-29 06:15,0.215713
2025-08-29 06:30,0.002927
2025-08-29 06:45,0.002927
2025-08-29 07:00,0.0
2025-08-29 07:15,0.045022
2025-08-29 07:30,0.041341
2025-08-29 07:45,0.003201
2025-08-29 08:00,0.005236
2025-08-29 08:15,0.0
2025-08-29 08:30,0.0
2025-08-29 08:45,0.041341
2025-08-29 09:00,0.025106
2025-08-29 09:15,0.039009
2025-08-29 09:30,0.002927
2025-08-29 09:45,0.0
2025-08-29 10:00,0.002927
2025-08-29 10:15,0.003773
2025-08-29 10:30,0.001463
2025-08-29 10:45,0.018613
2025-08-29 11:00,0.022637
2025-08-29 11:15,0.031966
2025-08-29 11:30,0.017538
2025-08-29 11:45,0.016966
2025-08-29 12:00,0.014771
2025-08-29 12:15,0.069786
2025-08-29 12:30,0.089221
2025-08-29 12:45,0.417113
2025-08-29 13:00,0.425779
2025-08-29 13:15,0.341222
2025-08-29 13:30,0.24306
2025-08-29 13:45,0.161888
2025-08-29 14:00,0.168816
2025-08-29 14:15,0.224173
2025-08-29 14:30,0.07445
2025-08-29 14:45,0.518818
2025-08-29 15:00,0.161087
2025-08-29 15:15,0.176247
2025-08-29 15:30,0.669228
2025-08-29 15:45,0.358645
2025-08-29 16:00,0.539352
2025-08-29 16:15,0.079252
2025-08-29 16:30,0.697009
2025-08-29 16:45,0.279439
2025-08-29 17:00,0.264165
2025-08-29 17:15,0.339507
2025-08-29 17:30,0.262039
2025-08-29 17:45,0.342045
2025-08-29 18:00,0.198564
2025-08-29 18:15,0.333699
2025-08-29 18:30,0.233868
2025-08-29 18:45,0.328829
2025-08-29 19:00,0.107857
2025-08-29 19:15,0.217611
2025-08-29 19:30,0.431289
2025-08-29 19:45,0.116614
2025-08-29 20:00,0.172429
2025-08-29 20:15,0.080349
2025-08-29 20:30,0.025884
2025-08-29 20:45,0.066859
2025-08-29 21:00,0.067133
2025-08-29 21:15,0.001326
2025-08-29 21:30,0.002652
2025-08-29 21:45,0.0008
2025-08-29 22:00,0.030457
2025-08-29 22:15,0.0
2025-08-29 22:30,0.0
2025-08-29 22:45,0.063932
2025-08-29 23:00,0.0
2025-08-29 23:15,0.002035
2025-08-29 23:30,0.0
2025-08-29 23:45,0.0
2025-08-30 00:00,0.071569
2025-08-30 00:15,0.0
2025-08-30 00:30,0.033567
2025-08-30 00:45,0.004802
2025-08-30 01:00,0.0
2025-08-30 01:15,0.0
2025-08-30 01:30,0.005533
2025-08-30 01:45,0.0
2025-08-30 02:00,0.004299
2025-08-30 02:15,0.0
2025-08-30 02:30,0.0
2025-08-30 02:45,0.004299
2025-08-30 03:00,0.003201
2025-08-30 03:15,0.005419
2025-08-30 03:30,0.0
2025-08-30 03:45,0.0
2025-08-30 04:00,0.06942
2025-08-30 04:15,0.004825
2025-08-30 04:30,0.575479
2025-08-30 04:45,0.0
2025-08-30 05:00,0.173549
2025-08-30 05:15,0.03471
2025-08-30 05:30,0.0075
2025-08-30 05:45,0.002149
2025-08-30 06:00,0.0
2025-08-30 06:15,0.0
2025-08-30 06:30,0.024512
2025-08-30 06:45,0.003315
2025-08-30 07:00,0.0
2025-08-30 07:15,0.0
2025-08-30 07:30,0.008003
2025-08-30 07:45,0.002149
2025-08-30 08:00,0.0
2025-08-30 08:15,0.00878
2025-08-30 08:30,0.0
2025-08-30 08:45,0.002767
2025-08-30 09:00,0.031966
2025-08-30 09:15,0.005236
2025-08-30 09:30,0.031966
2025-08-30 09:45,0.0
2025-08-30 10:00,0.0
2025-08-30 10:15,0.00359
2025-08-30 10:30,0.0
2025-08-30 10:45,0.0
2025-08-30 11:00,0.008209
2025-08-30 11:15,0.002149
2025-08-30 11:30,0.001326
2025-08-30 11:45,0.001601
2025-08-30 12:00,0.063932
2025-08-30 12:15,0.0
2025-08-30 12:30,0.0
2025-08-30 12:45,0.017218
2025-08-30 13:00,0.003315
2025-08-30 13:15,0.0
2025-08-30 13:30,0.004001
2025-08-30 13:45,0.033567
2025-08-30 14:00,0.0
2025-08-30 14:15,0.0
2025-08-30 14:30,0.002767
2025-08-30 14:45,0.0
2025-08-30 15:00,0.0
2025-08-30 15:15,0.0
2025-08-30 15:30,0.0
2025-08-30 15:45,0.20986
2025-08-30 16:00,0.0
2025-08-30 16:15,0.014634
2025-08-30 16:30,0.397563
2025-08-30 16:45,0.002149
2025-08-30 17:00,0.140303
2025-08-30 17:15,0.003201
2025-08-30 17:30,0.001784
2025-08-30 17:45,0.020419
2025-08-30 18:00,0.0
2025-08-30 18:15,0.063932
2025-08-30 18:30,0.004299
2025-08-30 18:45,0.002309
2025-08-30 19:00,0.0
2025-08-30 19:15,0.0
2025-08-30 19:30,0.031532
2025-08-30 19:45,0.0
2025-08-30 20:00,0.0
2025-08-30 20:15,0.0
2025-08-30 20:30,0.001601
2025-08-30 20:45,0.0
2025-08-30 21:00,0.0
2025-08-30 21:15,0.002652
2025-08-30 21:30,0.0
2025-08-30 21:45,0.0
2025-08-30 22:00,0.001601
2025-08-30 22:15,0.001601
2025-08-30 22:30,0.008163
2025-08-30 22:45,0.075205
2025-08-30 23:00,0.0
2025-08-30 23:15,0.001601
2025-08-30 23:30,0.026524
2025-08-30 23:45,0.00327
2025-08-31 00:00,0.07102
2025-08-31 00:15,0.03471
2025-08-31 00:30,0.137147
2025-08-31 00:45,0.0
2025-08-31 01:00,0.00798
2025-08-31 01:15,0.0
2025-08-31 01:30,0.0
2025-08-31 01:45,0.003201
2025-08-31 02:00,0.00375
2025-08-31 02:15,0.002927
2025-08-31 02:30,0.063932
2025-08-31 02:45,0.0
2025-08-31 03:00,0.03471
2025-08-31 03:15,0.0
2025-08-31 03:30,0.005899
2025-08-31 03:45,0.003201
2025-08-31 04:00,0.003201
2025-08-31 04:15,0.0
2025-08-31 04:30,0.386107
2025-08-31 04:45,0.001601
2025-08-31 05:00,0.144556
2025-08-31 05:15,0.03471
2025-08-31 05:30,0.0
2025-08-31 05:45,0.03471
2025-08-31 06:00,0.0
2025-08-31 06:15,0.007225
2025-08-31 06:30,0.0
2025-08-31 06:45,0.0
2025-08-31 07:00,0.004436
2025-08-31 07:15,0.015526
2025-08-31 07:30,0.0
2025-08-31 07:45,0.0
2025-08-31 08:00,0.0
2025-08-31 08:15,0.0
2025-08-31 08:30,0.0
2025-08-31 08:45,0.00343
2025-08-31 09:00,0.0
2025-08-31 09:15,0.01436
2025-08-31 09:30,0.0
2025-08-31 09:45,0.0
2025-08-31 10:00,0.0
2025-08-31 10:15,0.002195
2025-08-31 10:30,0.00503
2025-08-31 10:45,0.063932
2025-08-31 11:00,0.001326
2025-08-31 11:15,0.0
2025-08-31 11:30,0.0
2025-08-31 11:45,0.024855
2025-08-31 12:00,0.066081
2025-08-31 12:15,0.0075
2025-08-31 12:30,0.006631
2025-08-31 12:45,0.0
2025-08-31 13:00,0.0
2025-08-31 13:15,0.0
2025-08-31 13:30,0.025838
2025-08-31 13:45,0.007065
2025-08-31 14:00,0.001601
2025-08-31 14:15,0.008209
2025-08-31 14:30,0.003315
2025-08-31 14:45,0.0075
2025-08-31 15:00,0.0
2025-08-31 15:15,0.0
2025-08-31 15:30,0.0
2025-08-31 15:45,0.004047
2025-08-31 16:00,0.003018
2025-08-31 16:15,0.0
2025-08-31 16:30,0.249646
2025-08-31 16:45,0.0
2025-08-31 17:00,0.209722
2025-08-31 17:15,0.0
2025-08-31 17:30,0.0
2025-08-31 17:45,0.0
2025-08-31 18:00,0.008392
2025-08-31 18:15,0.003201
2025-08-31 18:30,0.002927
2025-08-31 18:45,0.005533
2025-08-31 19:00,0.0
2025-08-31 19:15,0.001326
2025-08-31 19:30,0.0
2025-08-31 19:45,0.0
2025-08-31 20:00,0.004299
2025-08-31 20:15,0.002309
2025-08-31 20:30,0.0
2025-08-31 20:45,0.003567
2025-08-31 21:00,0.0
2025-08-31 21:15,0.004299
2025-08-31 21:30,0.035396
2025-08-31 21:45,0.003201
2025-08-31 22:00,0.098642
2025-08-31 22:15,0.0
2025-08-31 22:30,0.004299
2025-08-31 22:45,0.002035
2025-08-31 23:00,0.0075
2025-08-31 23:15,0.004665
2025-08-31 23:30,0.0
2025-08-31 23:45,0.001601
2025-09-01 00:00,0.0
2025-09-01 00:15,0.002149
2025-09-01 00:30,0.004459
2025-09-01 00:45,0.003979
2025-09-01 01:00,0.0
2025-09-01 01:15,0.0
2025-09-01 01:30,0.0
2025-09-01 01:45,0.013239
2025-09-01 02:00,0.0
2025-09-01 02:15,0.0
2025-09-01 02:30,0.001326
2025-09-01 02:45,0.001601
2025-09-01 03:00,0.0
2025-09-01 03:15,0.004299
2025-09-01 03:30,0.0
2025-09-01 03:45,0.0
2025-09-01 04:00,0.0
2025-09-01 04:15,0.0
2025-09-01 04:30,0.536173
2025-09-01 04:45,0.0
2025-09-01 05:00,0.488864
2025-09-01 05:15,0.05753
2025-09-01 05:30,0.003201
2025-09-01 05:45,0.003201
2025-09-01 06:00,0.0
2025-09-01 06:15,0.0
2025-09-01 06:30,0.049069
2025-09-01 06:45,0.0
2025-09-01 07:00,0.034115
2025-09-01 07:15,0.0
2025-09-01 07:30,0.001326
2025-09-01 07:45,0.0
2025-09-01 08:00,0.0
2025-09-01 08:15,0.0
2025-09-01 08:30,0.0
2025-09-01 08:45,0.002927
2025-09-01 09:00,0.0
2025-09-01 09:15,0.0
2025-09-01 09:30,0.003201
2025-09-01 09:45,0.001601
2025-09-01 10:00,0.0
2025-09-01 10:15,0.0
2025-09-01 10:30,0.00439
2025-09-01 10:45,0.0
2025-09-01 11:00,0.0
2025-09-01 11:15,0.004299
2025-09-01 11:30,0.003201
2025-09-01 11:45,0.013948
2025-09-01 12:00,0.063932
2025-09-01 12:15,0.001326
2025-09-01 12:30,0.0
2025-09-01 12:45,0.0
2025-09-01 13:00,0.036265
2025-09-01 13:15,0.004299
2025-09-01 13:30,0.003201
2025-09-01 13:45,0.0
2025-09-01 14:00,0.0
2025-09-01 14:15,0.0
2025-09-01 14:30,0.001463
2025-09-01 14:45,0.0
2025-09-01 15:00,0.072209
2025-09-01 15:15,0.0
2025-09-01 15:30,0.005282
2025-09-01 15:45,0.174006
2025-09-01 16:00,0.0
2025-09-01 16:15,0.0
2025-09-01 16:30,0.315247
2025-09-01 16:45,0.286322
2025-09-01 17:00,0.315453
2025-09-01 17:15,0.0
2025-09-01 17:30,0.003018
2025-09-01 17:45,0.002149
2025-09-01 18:00,0.0
2025-09-01 18:15,0.001326
2025-09-01 18:30,0.002149
2025-09-01 18:45,0.0
2025-09-01 19:00,0.006128
2025-09-01 19:15,0.0
2025-09-01 19:30,0.0
2025-09-01 19:45,0.0
2025-09-01 20:00,0.031966
2025-09-01 20:15,0.0
2025-09-01 20:30,0.0
2025-09-01 20:45,0.06942
2025-09-01 21:00,0.052522
2025-09-01 21:15,0.0
2025-09-01 21:30,0.001601
2025-09-01 21:45,0.005716
2025-09-01 22:00,0.0
2025-09-01 22:15,0.0
2025-09-01 22:30,0.001326
2025-09-01 22:45,0.0
2025-09-01 23:00,0.001601
2025-09-01 23:15,0.004299
2025-09-01 23:30,0.065075
2025-09-01 23:45,0.0
2025-09-02 00:00,0.0
2025-09-02 00:15,0.001784
2025-09-02 00:30,0.004093
2025-09-02 00:45,0.0
2025-09-02 01:00,0.002149
2025-09-02 01:15,0.033567
2025-09-02 01:30,0.031966
2025-09-02 01:45,0.0
2025-09-02 02:00,0.002035
2025-09-02 02:15,0.006402
2025-09-02 02:30,0.0
2025-09-02 02:45,0.0
2025-09-02 03:00,0.0
2025-09-02 03:15,0.0
2025-09-02 03:30,0.0
2025-09-02 03:45,0.0
2025-09-02 04:00,0.006631
2025-09-02 04:15,0.00718
2025-09-02 04:30,0.063932
2025-09-02 04:45,0.280217
2025-09-02 05:00,0.350025
2025-09-02 05:15,0.003201
2025-09-02 05:30,0.0
2025-09-02 05:45,0.011318
2025-09-02 06:00,0.0
2025-09-02 06:15,0.0
2025-09-02 06:30,0.005351
2025-09-02 06:45,0.002149
2025-09-02 07:00,0.0
2025-09-02 07:15,0.0
2025-09-02 07:30,0.025838
2025-09-02 07:45,0.005351
2025-09-02 08:00,0.0
2025-09-02 08:15,0.003018
2025-09-02 08:30,0.007431
2025-09-02 08:45,0.002309
2025-09-02 09:00,0.001601
2025-09-02 09:15,0.003727
2025-09-02 09:30,0.002218
2025-09-02 09:45,0.0
2025-09-02 10:00,0.015
2025-09-02 10:15,0.022637
2025-09-02 10:30,0.0
2025-09-02 10:45,0.011021
2025-09-02 11:00,0.005533
2025-09-02 11:15,0.031966
2025-09-02 11:30,0.0
2025-09-02 11:45,0.041089
2025-09-02 12:00,0.152399
2025-09-02 12:15,0.035167
2025-09-02 12:30,0.065533
2025-09-02 12:45,0.268738
2025-09-02 13:00,0.821375
2025-09-02 13:15,0.198404
2025-09-02 13:30,0.196095
2025-09-02 13:45,0.199296
2025-09-02 14:00,0.226391
2025-09-02 14:15,0.153039
2025-09-02 14:30,0.036493
2025-09-02 14:45,0.145219
2025-09-02 15:00,0.374103
2025-09-02 15:15,0.151415
2025-09-02 15:30,0.324004
2025-09-02 15:45,0.376343
2025-09-02 16:00,0.374514
2025-09-02 16:15,0.509192
2025-09-02 16:30,0.326176
2025-09-02 16:45,0.390863
2025-09-02 17:00,0.317259
2025-09-02 17:15,0.201216
2025-09-02 17:30,0.299378
2025-09-02 17:45,0.348333
2025-09-02 18:00,0.193328
2025-09-02 18:15,0.205218
2025-09-02 18:30,0.346664
2025-09-02 18:45,0.20332
2025-09-02 19:00,0.446426
2025-09-02 19:15,0.271162
2025-09-02 19:30,0.243815
2025-09-02 19:45,0.259501
2025-09-02 20:00,0.04038
2025-09-02 20:15,0.352517
2025-09-02 20:30,0.04788
2025-09-02 20:45,0.174327
2025-09-02 21:00,0.113276
2025-09-02 21:15,0.118901
2025-09-02 21:30,0.072438
2025-09-02 21:45,0.05195
2025-09-02 22:00,0.072118
2025-09-02 22:15,0.0
2025-09-02 22:30,0.0
2025-09-02 22:45,0.003567
2025-09-02 23:00,0.001463
2025-09-02 23:15,0.149861
2025-09-02 23:30,0.004665
2025-09-02 23:45,0.027256
2025-09-03 00:00,0.015
2025-09-03 00:00,0.006739
2025-09-03 00:15,0.030118
2025-09-03 00:30,0.0
2025-09-03 00:45,0.012614
2025-09-03 01:00,0.0
2025-09-03 01:15,0.002876
2025-09-03 01:30,0.022537
2025-09-03 01:45,0.004499
2025-09-03 02:00,0.038418
2025-09-03 02:15,0.015264
2025-09-03 02:30,0.00415
2025-09-03 02:45,0.018757
2025-09-03 03:00,0.004931
2025-09-03 03:15,0.005567
2025-09-03 03:30,0.002804
2025-09-03 03:45,0.001315
2025-09-03 04:00,0.032604
2025-09-03 04:15,0.012522
2025-09-03 04:30,0.002691
2025-09-03 04:45,0.165936
2025-09-03 05:00,0.209099
2025-09-03 05:15,0.001315
2025-09-03 05:30,0.018223
2025-09-03 05:45,0.005331
2025-09-03 06:00,0.004951
2025-09-03 06:15,0.032254
2025-09-03 06:30,0.015614
2025-09-03 06:45,0.0
2025-09-03 07:00,0.007375
2025-09-03 07:15,0.009748
2025-09-03 07:30,0.002157
2025-09-03 07:45,0.020729
2025-09-03 08:00,0.006595
2025-09-03 08:15,0.004746
2025-09-03 08:30,0.002126
2025-09-03 08:45,0.009717
2025-09-03 09:00,0.003924
2025-09-03 09:15,0.011238
2025-09-03 09:30,0.007488
2025-09-03 09:45,0.006862
2025-09-03 10:00,0.004232
2025-09-03 10:15,0.0
2025-09-03 10:30,0.001109
2025-09-03 10:45,0.00717
2025-09-03 11:00,0.002568
2025-09-03 11:15,0.01586
2025-09-03 11:30,0.015901
2025-09-03 11:45,0.052377
2025-09-03 12:00,0.059476
2025-09-03 12:15,0.03964
2025-09-03 12:30,0.06039
2025-09-03 12:45,0.165617
2025-09-03 13:00,0.176126
2025-09-03 13:15,0.147733
2025-09-03 13:30,0.22082
2025-09-03 13:45,0.080595
2025-09-03 14:00,0.205042
2025-09-03 14:15,0.152613
2025-09-03 14:30,0.141293
2025-09-03 14:45,0.085978
2025-09-03 15:00,0.056599
2025-09-03 15:15,0.186716
2025-09-03 15:30,0.266304
2025-09-03 15:45,0.204281
2025-09-03 16:00,0.082988
2025-09-03 16:15,0.077144
2025-09-03 16:30,0.077421
2025-09-03 16:45,1.0
2025-09-03 17:00,0.083081
2025-09-03 17:15,0.065094
2025-09-03 17:30,0.155551
2025-09-03 17:45,0.12081
2025-09-03 18:00,0.141601
2025-09-03 18:15,0.08267
2025-09-03 18:30,0.166326
2025-09-03 18:45,0.167384
2025-09-03 19:00,0.304753
2025-09-03 19:15,0.18421
2025-09-03 19:30,0.089306
2025-09-03 19:45,0.342975
2025-09-03 20:00,0.162197
2025-09-03 20:15,0.169849
2025-09-03 20:30,0.069727
2025-09-03 20:45,0.068166
2025-09-03 21:00,0.107323
2025-09-03 21:15,0.019075
2025-09-03 21:30,0.028721
2025-09-03 21:45,0.045012
2025-09-03 22:00,0.002671
2025-09-03 22:15,0.0
2025-09-03 22:30,0.074555
2025-09-03 22:45,0.044314
2025-09-03 23:00,0.01436
2025-09-03 23:15,0.004438
2025-09-03 23:30,0.015018
2025-09-03 23:45,0.007581
2025-09-04 00:00,0.017647
2025-09-04 00:15,0.014884
2025-09-04 00:30,0.005896
2025-09-04 00:45,0.02944
2025-09-04 01:00,0.0
2025-09-04 01:15,0.0
2025-09-04 01:30,0.00263
2025-09-04 01:45,0.050148
2025-09-04 02:00,0.0249
2025-09-04 02:15,0.037206
2025-09-04 02:30,0.003225
2025-09-04 02:45,0.001746
2025-09-04 03:00,0.003246
2025-09-04 03:15,0.000657
2025-09-04 03:30,0.0
2025-09-04 03:45,0.004931
2025-09-04 04:00,0.002753
2025-09-04 04:15,0.006739
2025-09-04 04:30,0.039527
2025-09-04 04:45,0.01436
2025-09-04 05:00,0.015891
2025-09-04 05:15,0.0
2025-09-04 05:30,0.015295
2025-09-04 05:45,0.003493
2025-09-04 06:00,0.028721
2025-09-04 06:15,0.0
2025-09-04 06:30,0.001438
2025-09-04 06:45,0.0
2025-09-04 07:00,0.01245
2025-09-04 07:15,0.0
2025-09-04 07:30,0.000596
2025-09-04 07:45,0.0
2025-09-04 08:00,0.0
2025-09-04 08:15,0.028721
2025-09-04 08:30,0.0
2025-09-04 08:45,0.0
2025-09-04 09:00,0.0
2025-09-04 09:15,0.000719
2025-09-04 09:30,0.0
2025-09-04 09:45,0.015716
2025-09-04 10:00,0.0
2025-09-04 10:15,0.0
2025-09-04 10:30,0.001171
2025-09-04 10:45,0.004458
2025-09-04 11:00,0.037842
2025-09-04 11:15,0.014956
2025-09-04 11:30,0.0
2025-09-04 11:45,0.047457
2025-09-04 12:00,0.108155
2025-09-04 12:15,0.055839
2025-09-04 12:30,0.058818
2025-09-04 12:45,0.085094
2025-09-04 13:00,0.055356
2025-09-04 13:15,0.052583
2025-09-04 13:30,0.118016
2025-09-04 13:45,0.154184
2025-09-04 14:00,0.054535
2025-09-04 14:15,0.119424
2025-09-04 14:30,0.292221
2025-09-04 14:45,0.151719
2025-09-04 15:00,0.102588
2025-09-04 15:15,0.232376
2025-09-04 15:30,0.164015
2025-09-04 15:45,0.184631
2025-09-04 16:00,0.216813
2025-09-04 16:15,0.041253
2025-09-04 16:30,0.116968
2025-09-04 16:45,0.177584
2025-09-04 17:00,0.187122
2025-09-04 17:15,0.052357
2025-09-04 17:30,0.050508
2025-09-04 17:45,0.176511
2025-09-04 18:00,0.182279
2025-09-04 18:15,0.128812
2025-09-04 18:30,0.274101
2025-09-04 18:45,0.21705
2025-09-04 19:00,0.14458
2025-09-04 19:15,0.133779
2025-09-04 19:30,0.073815
2025-09-04 19:45,0.110579
2025-09-04 20:00,0.02038
2025-09-04 20:15,0.129285
2025-09-04 20:30,0.044499
2025-09-04 20:45,0.184559
2025-09-04 21:00,0.048341
2025-09-04 21:15,0.001931
2025-09-04 21:30,0.039578
2025-09-04 21:45,0.020318
2025-09-04 22:00,0.032224
2025-09-04 22:15,0.063708
2025-09-04 22:30,0.003482
2025-09-04 22:45,0.0
2025-09-04 23:00,0.006841
2025-09-04 23:15,0.0
2025-09-04 23:30,0.012881
2025-09-04 23:45,0.003123
2025-09-05 00:00,0.0
2025-09-05 00:15,0.007057
2025-09-05 00:30,0.0
2025-09-05 00:45,0.002157
2025-09-05 01:00,0.007098
2025-09-05 01:15,0.000596
2025-09-05 01:30,0.0
2025-09-05 01:45,0.0
2025-09-05 02:00,0.0
2025-09-05 02:15,0.030652
2025-09-05 02:30,0.000596
2025-09-05 02:45,0.0
2025-09-05 03:00,0.0
2025-09-05 03:15,0.002404
2025-09-05 03:30,0.0
2025-09-05 03:45,0.007406
2025-09-05 04:00,0.033117
2025-09-05 04:15,0.0
2025-09-05 04:30,0.014771
2025-09-05 04:45,0.0
2025-09-05 05:00,0.000719
2025-09-05 05:15,0.001993
2025-09-05 05:30,0.0
2025-09-05 05:45,0.0
2025-09-05 06:00,0.0
2025-09-05 06:15,0.0
2025-09-05 06:30,0.0
2025-09-05 06:45,0.000719
2025-09-05 07:00,0.0
2025-09-05 07:15,0.003677
2025-09-05 07:30,0.001243
2025-09-05 07:45,0.001489
2025-09-05 08:00,0.0
2025-09-05 08:15,0.0
2025-09-05 08:30,0.0
2025-09-05 08:45,0.003369
2025-09-05 09:00,0.0
2025-09-05 09:15,0.000719
2025-09-05 09:30,0.0
2025-09-05 09:45,0.000966
2025-09-05 10:00,0.004088
2025-09-05 10:15,0.001376
2025-09-05 10:30,0.001438
2025-09-05 10:45,0.0
2025-09-05 11:00,0.008772
2025-09-05 11:15,0.000657
2025-09-05 11:30,0.026225
2025-09-05 11:45,0.0
2025-09-05 12:00,0.001315
2025-09-05 12:15,0.017966
2025-09-05 12:30,0.032563
2025-09-05 12:45,0.103933
2025-09-05 13:00,0.117431
2025-09-05 13:15,0.132582
2025-09-05 13:30,0.179289
2025-09-05 13:45,0.030693
2025-09-05 14:00,0.1076
2025-09-05 14:15,0.099485
2025-09-05 14:30,0.255262
2025-09-05 14:45,0.262339
2025-09-05 15:00,0.096743
2025-09-05 15:15,0.153928
2025-09-05 15:30,0.064139
2025-09-05 15:45,0.1106
2025-09-05 16:00,0.138334
2025-09-05 16:15,0.125844
2025-09-05 16:30,0.197584
2025-09-05 16:45,0.060195
2025-09-05 17:00,0.309642
2025-09-05 17:15,0.061253
2025-09-05 17:30,0.015675
2025-09-05 17:45,0.08079
2025-09-05 18:00,0.271184
2025-09-05 18:15,0.152274
2025-09-05 18:30,0.085402
2025-09-05 18:45,0.143789
2025-09-05 19:00,0.268677
2025-09-05 19:15,0.090097
2025-09-05 19:30,0.142926
2025-09-05 19:45,0.290331
2025-09-05 20:00,0.080883
2025-09-05 20:15,0.131483
2025-09-05 20:30,0.024345
2025-09-05 20:45,0.01775
2025-09-05 21:00,0.067303
2025-09-05 21:15,0.001315
2025-09-05 21:30,0.0
2025-09-05 21:45,0.003862
2025-09-05 22:00,0.029686
2025-09-05 22:15,0.0
2025-09-05 22:30,0.001376
2025-09-05 22:45,0.0
2025-09-05 23:00,0.029543
2025-09-05 23:15,0.03057
2025-09-05 23:30,0.015018
2025-09-05 23:45,0.0
2025-09-06 00:00,0.00527
2025-09-06 00:15,0.0
2025-09-06 00:30,0.031186
2025-09-06 00:45,0.0
2025-09-06 01:00,0.001438
2025-09-06 01:15,0.028721
2025-09-06 01:30,0.000657
2025-09-06 01:45,0.0
2025-09-06 02:00,0.000719
2025-09-06 02:15,0.0
2025-09-06 02:30,0.002188
2025-09-06 02:45,0.0
2025-09-06 03:00,0.0
2025-09-06 03:15,0.0
2025-09-06 03:30,0.0
2025-09-06 03:45,0.0
2025-09-06 04:00,0.015593
2025-09-06 04:15,0.008269
2025-09-06 04:30,0.000719
2025-09-06 04:45,0.0
2025-09-06 05:00,0.002876
2025-09-06 05:15,0.0
2025-09-06 05:30,0.000966
2025-09-06 05:45,0.002671
2025-09-06 06:00,0.037575
2025-09-06 06:15,0.0
2025-09-06 06:30,0.001438
2025-09-06 06:45,0.0
2025-09-06 07:00,0.0
2025-09-06 07:15,0.015285
2025-09-06 07:30,0.076794
2025-09-06 07:45,0.028639
2025-09-06 08:00,0.078479
2025-09-06 08:15,0.0
2025-09-06 08:30,0.0
2025-09-06 08:45,0.000935
2025-09-06 09:00,0.003534
2025-09-06 09:15,0.0
2025-09-06 09:30,0.0
2025-09-06 09:45,0.000719
2025-09-06 10:00,0.0
2025-09-06 10:15,0.0
2025-09-06 10:30,0.0
2025-09-06 10:45,0.0
2025-09-06 11:00,0.000719
2025-09-06 11:15,0.001931
2025-09-06 11:30,0.000596
2025-09-06 11:45,0.0
2025-09-06 12:00,0.0
2025-09-06 12:15,0.0
2025-09-06 12:30,0.002013
2025-09-06 12:45,0.001849
2025-09-06 13:00,0.006739
2025-09-06 13:15,0.0
2025-09-06 13:30,0.0
2025-09-06 13:45,0.019003
2025-09-06 14:00,0.0
2025-09-06 14:15,0.0
2025-09-06 14:30,0.000801
2025-09-06 14:45,0.0
2025-09-06 15:00,0.0
2025-09-06 15:15,0.0
2025-09-06 15:30,0.002897
2025-09-06 15:45,0.064201
2025-09-06 16:00,0.0
2025-09-06 16:15,0.0
2025-09-06 16:30,0.0
2025-09-06 16:45,0.01549
2025-09-06 17:00,0.000883
2025-09-06 17:15,0.001438
2025-09-06 17:30,0.001315
2025-09-06 17:45,0.0
2025-09-06 18:00,0.0
2025-09-06 18:15,0.0
2025-09-06 18:30,0.0
2025-09-06 18:45,0.0
2025-09-06 19:00,0.00301
2025-09-06 19:15,0.003862
2025-09-06 19:30,0.0
2025-09-06 19:45,0.0
2025-09-06 20:00,0.0
2025-09-06 20:15,0.001438
2025-09-06 20:30,0.001305
2025-09-06 20:45,0.003236
2025-09-06 21:00,0.0
2025-09-06 21:15,0.0
2025-09-06 21:30,0.0
2025-09-06 21:45,0.0
2025-09-06 22:00,0.0
2025-09-06 22:15,0.001931
2025-09-06 22:30,0.017031
2025-09-06 22:45,0.003164
2025-09-06 23:00,0.0
2025-09-06 23:15,0.003472
2025-09-06 23:30,0.0
2025-09-06 23:45,0.0
2025-09-07 00:00,0.0
2025-09-07 00:15,0.0
2025-09-07 00:30,0.001438
2025-09-07 00:45,0.0
2025-09-07 01:00,0.001931
2025-09-07 01:15,0.0
2025-09-07 01:30,0.004828
2025-09-07 01:45,0.0
2025-09-07 02:00,0.0
2025-09-07 02:15,0.000719
2025-09-07 02:30,0.0
2025-09-07 02:45,0.0
2025-09-07 03:00,0.0
2025-09-07 03:15,0.0
2025-09-07 03:30,0.001243
2025-09-07 03:45,0.002404
2025-09-07 04:00,0.062372
2025-09-07 04:15,0.000966
2025-09-07 04:30,0.0
2025-09-07 04:45,0.0
2025-09-07 05:00,0.002753
2025-09-07 05:15,0.001438
2025-09-07 05:30,0.00265
2025-09-07 05:45,0.001438
2025-09-07 06:00,0.001027
2025-09-07 06:15,0.0
2025-09-07 06:30,0.000966
2025-09-07 06:45,0.0
2025-09-07 07:00,0.000719
2025-09-07 07:15,0.003041
2025-09-07 07:30,0.001243
2025-09-07 07:45,0.0
2025-09-07 08:00,0.000966
2025-09-07 08:15,0.002157
2025-09-07 08:30,0.0
2025-09-07 08:45,0.0
2025-09-07 09:00,0.0
2025-09-07 09:15,0.00489
2025-09-07 09:30,0.0
2025-09-07 09:45,0.0
2025-09-07 10:00,0.0
2025-09-07 10:15,0.001438
2025-09-07 10:30,0.003225
2025-09-07 10:45,0.001685
2025-09-07 11:00,0.0
2025-09-07 11:15,0.000596
2025-09-07 11:30,0.001931
2025-09-07 11:45,0.003862
2025-09-07 12:00,0.0
2025-09-07 12:15,0.0
2025-09-07 12:30,0.002527
2025-09-07 12:45,0.0
2025-09-07 13:00,0.0
2025-09-07 13:15,0.000966
2025-09-07 13:30,0.0
2025-09-07 13:45,0.0
2025-09-07 14:00,0.000966
2025-09-07 14:15,0.0
2025-09-07 14:30,0.0
2025-09-07 14:45,0.0
2025-09-07 15:00,0.0
2025-09-07 15:15,0.004314
2025-09-07 15:30,0.001489
2025-09-07 15:45,0.032624
2025-09-07 16:00,0.001602
2025-09-07 16:15,0.0
2025-09-07 16:30,0.001489
2025-09-07 16:45,0.0
2025-09-07 17:00,0.0
2025-09-07 17:15,0.0
2025-09-07 17:30,0.0
2025-09-07 17:45,0.0
2025-09-07 18:00,0.0
2025-09-07 18:15,0.003554
2025-09-07 18:30,0.0
2025-09-07 18:45,0.0
2025-09-07 19:00,0.01436
2025-09-07 19:15,0.0
2025-09-07 19:30,0.0
2025-09-07 19:45,0.001972
2025-09-07 20:00,0.000801
2025-09-07 20:15,0.002876
2025-09-07 20:30,0.000719
2025-09-07 20:45,0.007889
2025-09-07 21:00,0.003369
2025-09-07 21:15,0.00452
2025-09-07 21:30,0.012799
2025-09-07 21:45,0.0
2025-09-07 22:00,0.00187
2025-09-07 22:15,0.000719
2025-09-07 22:30,0.001027
2025-09-07 22:45,0.000596
2025-09-07 23:00,0.005023
2025-09-07 23:15,0.0
2025-09-07 23:30,0.0
2025-09-07 23:45,0.0
2025-09-08 00:00,0.000966
2025-09-08 00:15,0.0
2025-09-08 00:30,0.0
2025-09-08 00:45,0.0
2025-09-08 01:00,0.0
2025-09-08 01:15,0.0
2025-09-08 01:30,0.0
2025-09-08 01:45,0.001931
2025-09-08 02:00,0.000955
2025-09-08 02:15,0.0
2025-09-08 02:30,0.000657
2025-09-08 02:45,0.0
2025-09-08 03:00,0.0
2025-09-08 03:15,0.0
2025-09-08 03:30,0.002198
2025-09-08 03:45,0.0
2025-09-08 04:00,0.020349
2025-09-08 04:15,0.0
2025-09-08 04:30,0.0
2025-09-08 04:45,0.002486
2025-09-08 05:00,0.0
2025-09-08 05:15,0.001438
2025-09-08 05:30,0.000719
2025-09-08 05:45,0.031186
2025-09-08 06:00,0.0
2025-09-08 06:15,0.0
2025-09-08 06:30,0.0
2025-09-08 06:45,0.0
2025-09-08 07:00,0.015624
2025-09-08 07:15,0.0
2025-09-08 07:30,0.000719
2025-09-08 07:45,0.000719
2025-09-08 08:00,0.0
2025-09-08 08:15,0.001931
2025-09-08 08:30,0.0
2025-09-08 08:45,0.0
2025-09-08 09:00,0.0
2025-09-08 09:15,0.003667
2025-09-08 09:30,0.0
2025-09-08 09:45,0.0
2025-09-08 10:00,0.0
2025-09-08 10:15,0.0
2025-09-08 10:30,0.001757
2025-09-08 10:45,0.0
2025-09-08 11:00,0.029317
2025-09-08 11:15,0.036096
2025-09-08 11:30,0.042917
2025-09-08 11:45,0.003698
2025-09-08 12:00,0.018623
2025-09-08 12:15,0.043081
2025-09-08 12:30,0.042105
2025-09-08 12:45,0.090949
2025-09-08 13:00,0.018223
2025-09-08 13:15,0.102403
2025-09-08 13:30,0.090282
2025-09-08 13:45,0.090487
2025-09-08 14:00,0.134832
2025-09-08 14:15,0.12157
2025-09-08 14:30,0.109788
2025-09-08 14:45,0.123625
2025-09-08 15:00,0.166911
2025-09-08 15:15,0.086984
2025-09-08 15:30,0.115263
2025-09-08 15:45,0.240624
2025-09-08 16:00,0.030066
2025-09-08 16:15,0.075808
2025-09-08 16:30,0.017791
2025-09-08 16:45,0.124611
2025-09-08 17:00,0.065639
2025-09-08 17:15,0.128473
2025-09-08 17:30,0.083512
2025-09-08 17:45,0.11099
2025-09-08 18:00,0.074165
2025-09-08 18:15,0.149223
2025-09-08 18:30,0.130774
2025-09-08 18:45,0.065464
2025-09-08 19:00,0.094555
2025-09-08 19:15,0.129593
2025-09-08 19:30,0.231646
2025-09-08 19:45,0.19405
2025-09-08 20:00,0.10229
2025-09-08 20:15,0.170137
2025-09-08 20:30,0.081252
2025-09-08 20:45,0.048289
2025-09-08 21:00,0.06004
2025-09-08 21:15,0.050385
2025-09-08 21:30,0.02944
2025-09-08 21:45,0.0
2025-09-08 22:00,0.008485
2025-09-08 22:15,0.015675
2025-09-08 22:30,0.050508
2025-09-08 22:45,0.016887
2025-09-08 23:00,0.004314
2025-09-08 23:15,0.01625
2025-09-08 23:30,0.0
2025-09-08 23:45,0.0
2025-09-09 00:00,0.007375
2025-09-09 00:15,0.014237
2025-09-09 00:30,0.002897
2025-09-09 00:45,0.003369
2025-09-09 01:00,0.028721
2025-09-09 01:15,0.000996
2025-09-09 01:30,0.004088
2025-09-09 01:45,0.002404
2025-09-09 02:00,0.0
2025-09-09 02:15,0.000914
2025-09-09 02:30,0.011607
2025-09-09 02:45,0.002979
2025-09-09 03:00,0.0
2025-09-09 03:15,0.0
2025-09-09 03:30,0.002938
2025-09-09 03:45,0.0
2025-09-09 04:00,0.006605
2025-09-09 04:15,0.0
2025-09-09 04:30,0.001633
2025-09-09 04:45,0.0
2025-09-09 05:00,0.0
2025-09-09 05:15,0.0
2025-09-09 05:30,0.006369
2025-09-09 05:45,0.0
2025-09-09 06:00,0.0
2025-09-09 06:15,0.0
2025-09-09 06:30,0.0
2025-09-09 06:45,0.0
2025-09-09 07:00,0.000657
2025-09-09 07:15,0.001633
2025-09-09 07:30,0.0
2025-09-09 07:45,0.0
2025-09-09 08:00,0.001315
2025-09-09 08:15,0.0
2025-09-09 08:30,0.001438
2025-09-09 08:45,0.001602
2025-09-09 09:00,0.0
2025-09-09 09:15,0.0
2025-09-09 09:30,0.0
2025-09-09 09:45,0.01436
2025-09-09 10:00,0.000596
2025-09-09 10:15,0.028721
2025-09-09 10:30,0.0
2025-09-09 10:45,0.016127
2025-09-09 11:00,0.006708
2025-09-09 11:15,0.016209
2025-09-09 11:30,0.002876
2025-09-09 11:45,0.003739
2025-09-09 12:00,0.008341
2025-09-09 12:15,0.044519
2025-09-09 12:30,0.108967
2025-09-09 12:45,0.046122
2025-09-09 13:00,0.096167
2025-09-09 13:15,0.078171
2025-09-09 13:30,0.054298
2025-09-09 13:45,0.166675
2025-09-09 14:00,0.078325
2025-09-09 14:15,0.118663
2025-09-09 14:30,0.076342
2025-09-09 14:45,0.05397
2025-09-09 15:00,0.199048
2025-09-09 15:15,0.076733
2025-09-09 15:30,0.073024
2025-09-09 15:45,0.135849
2025-09-09 16:00,0.040472
2025-09-09 16:15,0.134154
2025-09-09 16:30,0.091627
2025-09-09 16:45,0.1125
2025-09-09 17:00,0.088361
2025-09-09 17:15,0.200871
2025-09-09 17:30,0.12041
2025-09-09 17:45,0.130939
2025-09-09 18:00,0.028063
2025-09-09 18:15,0.116578
2025-09-09 18:30,0.016867
2025-09-09 18:45,0.048197
2025-09-09 19:00,0.059003
2025-09-09 19:15,0.056363
2025-09-09 19:30,0.169634
2025-09-09 19:45,0.204446
2025-09-09 20:00,0.181662
2025-09-09 20:15,0.091227
2025-09-09 20:30,0.093867
2025-09-09 20:45,0.090764
2025-09-09 21:00,0.066337
2025-09-09 21:15,0.082834
2025-09-09 21:30,0.036528
2025-09-09 21:45,0.092439
2025-09-09 22:00,0.010334
2025-09-09 22:15,0.03587
2025-09-09 22:30,0.001489
2025-09-09 22:45,0.015018
2025-09-09 23:00,0.01436
2025-09-09 23:15,0.001315
2025-09-09 23:30,0.002311
2025-09-09 23:45,0.0
2025-09-10 00:00,0.016312
2025-09-10 00:00,0.013782
2025-09-10 00:15,0.000555
2025-09-10 00:30,0.001632
2025-09-10 00:45,0.000555
2025-09-10 01:00,0.001606
2025-09-10 01:15,0.001423
2025-09-10 01:30,0.001588
2025-09-10 01:45,0.002691
2025-09-10 02:00,0.0
2025-09-10 02:15,0.004253
2025-09-10 02:30,0.000746
2025-09-10 02:45,0.014312
2025-09-10 03:00,0.001718
2025-09-10 03:15,0.063462
2025-09-10 03:30,0.006327
2025-09-10 03:45,0.0
2025-09-10 04:00,0.025569
2025-09-10 04:15,0.001215
2025-09-10 04:30,0.0
2025-09-10 04:45,0.001111
2025-09-10 05:00,0.0
2025-09-10 05:15,0.00217
2025-09-10 05:30,0.0
2025-09-10 05:45,0.0
2025-09-10 06:00,0.000555
2025-09-10 06:15,0.001215
2025-09-10 06:30,0.0
2025-09-10 06:45,0.013878
2025-09-10 07:00,0.000555
2025-09-10 07:15,0.0
2025-09-10 07:30,0.000816
2025-09-10 07:45,0.001285
2025-09-10 08:00,0.024822
2025-09-10 08:15,0.000555
2025-09-10 08:30,0.003489
2025-09-10 08:45,0.0
2025-09-10 09:00,0.0
2025-09-10 09:15,0.013348
2025-09-10 09:30,0.026419
2025-09-10 09:45,0.0
2025-09-10 10:00,0.0
2025-09-10 10:15,0.0
2025-09-10 10:30,0.0
2025-09-10 10:45,0.0
2025-09-10 11:00,0.000608
2025-09-10 11:15,0.02477
2025-09-10 11:30,0.004409
2025-09-10 11:45,1.0
2025-09-10 12:00,0.014043
2025-09-10 12:15,0.0272
2025-09-10 12:30,0.036956
2025-09-10 12:45,0.284016
2025-09-10 13:00,0.058211
2025-09-10 13:15,0.081627
2025-09-10 13:30,0.040558
2025-09-10 13:45,0.164712
2025-09-10 14:00,0.127644
2025-09-10 14:15,0.123747
2025-09-10 14:30,0.20501
2025-09-10 14:45,0.128251
2025-09-10 15:00,0.080508
2025-09-10 15:15,0.131246
2025-09-10 15:30,0.066378
2025-09-10 15:45,0.121334
2025-09-10 16:00,0.062785
2025-09-10 16:15,0.116257
2025-09-10 16:30,0.034716
2025-09-10 16:45,0.053559
2025-09-10 17:00,0.088987
2025-09-10 17:15,0.114052
2025-09-10 17:30,0.078381
2025-09-10 17:45,0.062082
2025-09-10 18:00,0.040323
2025-09-10 18:15,0.08522
2025-09-10 18:30,0.063792
2025-09-10 18:45,0.126802
2025-09-10 19:00,0.066326
2025-09-10 19:15,0.127661
2025-09-10 19:30,0.054132
2025-09-10 19:45,0.12274
2025-09-10 20:00,0.063835
2025-09-10 20:15,0.028042
2025-09-10 20:30,0.055408
2025-09-10 20:45,0.013244
2025-09-10 21:00,0.031288
2025-09-10 21:15,0.018799
2025-09-10 21:30,0.014338
2025-09-10 21:45,0.0
2025-09-10 22:00,0.025447
2025-09-10 22:15,0.002743
2025-09-10 22:30,0.01439
2025-09-10 22:45,0.007073
2025-09-10 23:00,0.0
2025-09-10 23:15,0.0
2025-09-10 23:30,0.000816
2025-09-10 23:45,0.004461
2025-09-11 00:00,0.062438
2025-09-11 00:15,0.0
2025-09-11 00:30,0.024267
2025-09-11 00:45,0.0
2025-09-11 01:00,0.0
2025-09-11 01:15,0.00795
2025-09-11 01:30,0.019103
2025-09-11 01:45,0.019146
2025-09-11 02:00,0.000503
2025-09-11 02:15,0.013175
2025-09-11 02:30,0.0
2025-09-11 02:45,0.0
2025-09-11 03:00,0.0
2025-09-11 03:15,0.0
2025-09-11 03:30,0.0
2025-09-11 03:45,0.0
2025-09-11 04:00,0.003402
2025-09-11 04:15,0.0
2025-09-11 04:30,0.000842
2025-09-11 04:45,0.001215
2025-09-11 05:00,0.012133
2025-09-11 05:15,0.0
2025-09-11 05:30,0.0
2025-09-11 05:45,0.000816
2025-09-11 06:00,0.0
2025-09-11 06:15,0.0
2025-09-11 06:30,0.001614
2025-09-11 06:45,0.0
2025-09-11 07:00,0.024267
2025-09-11 07:15,0.0
2025-09-11 07:30,0.001215
2025-09-11 07:45,0.001215
2025-09-11 08:00,0.0
2025-09-11 08:15,0.002144
2025-09-11 08:30,0.0
2025-09-11 08:45,0.00105
2025-09-11 09:00,0.005928
2025-09-11 09:15,0.0
2025-09-11 09:30,0.001545
2025-09-11 09:45,0.0
2025-09-11 10:00,0.001684
2025-09-11 10:15,0.00309
2025-09-11 10:30,0.000555
2025-09-11 10:45,0.0
2025-09-11 11:00,0.021559
2025-09-11 11:15,0.026124
2025-09-11 11:30,0.123669
2025-09-11 11:45,0.030863
2025-09-11 12:00,0.039802
2025-09-11 12:15,0.025621
2025-09-11 12:30,0.133884
2025-09-11 12:45,0.068461
2025-09-11 13:00,0.134405
2025-09-11 13:15,0.086045
2025-09-11 13:30,0.081879
2025-09-11 13:45,0.076506
2025-09-11 14:00,0.040636
2025-09-11 14:15,0.140637
2025-09-11 14:30,0.082
2025-09-11 14:45,0.062585
2025-09-11 15:00,0.075265
2025-09-11 15:15,0.100617
2025-09-11 15:30,0.171187
2025-09-11 15:45,0.148283
2025-09-11 16:00,0.16578
2025-09-11 16:15,0.064139
2025-09-11 16:30,0.152761
2025-09-11 16:45,0.160963
2025-09-11 17:00,0.073547
2025-09-11 17:15,0.174459
2025-09-11 17:30,0.118678
2025-09-11 17:45,0.063097
2025-09-11 18:00,0.12944
2025-09-11 18:15,0.056258
2025-09-11 18:30,0.075873
2025-09-11 18:45,0.137356
2025-09-11 19:00,0.218966
2025-09-11 19:15,0.142181
2025-09-11 19:30,0.079449
2025-09-11 19:45,0.125335
2025-09-11 20:00,0.04889
2025-09-11 20:15,0.13043
2025-09-11 20:30,0.120249
2025-09-11 20:45,0.027513
2025-09-11 21:00,0.049645
2025-09-11 21:15,0.064981
2025-09-11 21:30,0.038119
2025-09-11 21:45,0.0
2025-09-11 22:00,0.0
2025-09-11 22:15,0.002717
2025-09-11 22:30,0.001111
2025-09-11 22:45,0.001658
2025-09-11 23:00,0.0
2025-09-11 23:15,0.002014
2025-09-11 23:30,0.0
2025-09-11 23:45,0.001215
2025-09-12 00:00,0.0
2025-09-12 00:15,0.000608
2025-09-12 00:30,0.012133
2025-09-12 00:45,0.000816
2025-09-12 01:00,0.013487
2025-09-12 01:15,0.024874
2025-09-12 01:30,0.0
2025-09-12 01:45,0.000555
2025-09-12 02:00,0.030672
2025-09-12 02:15,0.0
2025-09-12 02:30,0.0
2025-09-12 02:45,0.0
2025-09-12 03:00,0.005355
2025-09-12 03:15,0.001024
2025-09-12 03:30,0.007846
2025-09-12 03:45,0.001258
2025-09-12 04:00,0.000608
2025-09-12 04:15,0.0
2025-09-12 04:30,0.0
2025-09-12 04:45,0.001823
2025-09-12 05:00,0.0
2025-09-12 05:15,0.0
2025-09-12 05:30,0.000555
2025-09-12 05:45,0.000816
2025-09-12 06:00,0.0
2025-09-12 06:15,0.001736
2025-09-12 06:30,0.0
2025-09-12 06:45,0.0025
2025-09-12 07:00,0.0
2025-09-12 07:15,0.0
2025-09-12 07:30,0.004296
2025-09-12 07:45,0.0
2025-09-12 08:00,0.02635
2025-09-12 08:15,0.0
2025-09-12 08:30,0.001632
2025-09-12 08:45,0.0
2025-09-12 09:00,0.0
2025-09-12 09:15,0.0
2025-09-12 09:30,0.0
2025-09-12 09:45,0.0
2025-09-12 10:00,0.005607
2025-09-12 10:15,0.0
2025-09-12 10:30,0.000608
2025-09-12 10:45,0.0
2025-09-12 11:00,0.001753
2025-09-12 11:15,0.0
2025-09-12 11:30,0.0
2025-09-12 11:45,0.0
2025-09-12 12:00,0.035984
2025-09-12 12:15,0.077817
2025-09-12 12:30,0.048056
2025-09-12 12:45,0.072089
2025-09-12 13:00,0.066031
2025-09-12 13:15,0.066065
2025-09-12 13:30,0.146972
2025-09-12 13:45,0.094412
2025-09-12 14:00,0.195428
2025-09-12 14:15,0.21677
2025-09-12 14:30,0.059105
2025-09-12 14:45,0.091973
2025-09-12 15:00,0.086323
2025-09-12 15:15,0.102292
2025-09-12 15:30,0.153369
2025-09-12 15:45,0.172107
2025-09-12 16:00,0.100773
2025-09-12 16:15,0.080785
2025-09-12 16:30,0.071854
2025-09-12 16:45,0.106068
2025-09-12 17:00,0.100817
2025-09-12 17:15,0.016855
2025-09-12 17:30,0.102986
2025-09-12 17:45,0.093925
2025-09-12 18:00,0.054635
2025-09-12 18:15,0.109183
2025-09-12 18:30,0.149758
2025-09-12 18:45,0.167281
2025-09-12 19:00,0.090914
2025-09-12 19:15,0.200878
2025-09-12 19:30,0.077183
2025-09-12 19:45,0.062333
2025-09-12 20:00,0.124719
2025-09-12 20:15,0.031418
2025-09-12 20:30,0.001614
2025-09-12 20:45,0.058645
2025-09-12 21:00,0.017983
2025-09-12 21:15,0.008141
2025-09-12 21:30,0.014755
2025-09-12 21:45,0.001319
2025-09-12 22:00,0.000816
2025-09-12 22:15,0.006292
2025-09-12 22:30,0.002977
2025-09-12 22:45,0.0
2025-09-12 23:00,0.0
2025-09-12 23:15,0.0
2025-09-12 23:30,0.012133
2025-09-12 23:45,0.0
2025-09-13 00:00,0.0
2025-09-13 00:15,0.027981
2025-09-13 00:30,0.0
2025-09-13 00:45,0.0
2025-09-13 01:00,0.022948
2025-09-13 01:15,0.003263
2025-09-13 01:30,0.0
2025-09-13 01:45,0.0
2025-09-13 02:00,0.001215
2025-09-13 02:15,0.0
2025-09-13 02:30,0.001771
2025-09-13 02:45,0.0
2025-09-13 03:00,0.0
2025-09-13 03:15,0.000877
2025-09-13 03:30,0.0
2025-09-13 03:45,0.0
2025-09-13 04:00,0.0
2025-09-13 04:15,0.0
2025-09-13 04:30,0.0
2025-09-13 04:45,0.0
2025-09-13 05:00,0.000677
2025-09-13 05:15,0.003107
2025-09-13 05:30,0.001007
2025-09-13 05:45,0.0
2025-09-13 06:00,0.0
2025-09-13 06:15,0.0
2025-09-13 06:30,0.000816
2025-09-13 06:45,0.001215
2025-09-13 07:00,0.04074
2025-09-13 07:15,0.0
2025-09-13 07:30,0.0
2025-09-13 07:45,0.000816
2025-09-13 08:00,0.0
2025-09-13 08:15,0.00729
2025-09-13 08:30,0.001215
2025-09-13 08:45,0.0
2025-09-13 09:00,0.0
2025-09-13 09:15,0.0
2025-09-13 09:30,0.0
2025-09-13 09:45,0.0
2025-09-13 10:00,0.001319
2025-09-13 10:15,0.0
2025-09-13 10:30,0.004374
2025-09-13 10:45,0.076342
2025-09-13 11:00,0.0
2025-09-13 11:15,0.0
2025-09-13 11:30,0.0
2025-09-13 11:45,0.000608
2025-09-13 12:00,0.002057
2025-09-13 12:15,0.024961
2025-09-13 12:30,0.000608
2025-09-13 12:45,0.000503
2025-09-13 13:00,0.0
2025-09-13 13:15,0.0
2025-09-13 13:30,0.0
2025-09-13 13:45,0.0
2025-09-13 14:00,0.0
2025-09-13 14:15,0.0
2025-09-13 14:30,0.0
2025-09-13 14:45,0.000608
2025-09-13 15:00,0.0
2025-09-13 15:15,0.0
2025-09-13 15:30,0.0
2025-09-13 15:45,0.041139
2025-09-13 16:00,0.0
2025-09-13 16:15,0.0
2025-09-13 16:30,0.002656
2025-09-13 16:45,0.0
2025-09-13 17:00,0.0
2025-09-13 17:15,0.003116
2025-09-13 17:30,0.0
2025-09-13 17:45,0.004834
2025-09-13 18:00,0.003706
2025-09-13 18:15,0.000608
2025-09-13 18:30,0.0
2025-09-13 18:45,0.0
2025-09-13 19:00,0.0
2025-09-13 19:15,0.001753
2025-09-13 19:30,0.0
2025-09-13 19:45,0.000868
2025-09-13 20:00,0.0
2025-09-13 20:15,0.001632
2025-09-13 20:30,0.001007
2025-09-13 20:45,0.0
2025-09-13 21:00,0.0
2025-09-13 21:15,0.027738
2025-09-13 21:30,0.000608
2025-09-13 21:45,0.0
2025-09-13 22:00,0.000746
2025-09-13 22:15,0.001632
2025-09-13 22:30,0.0
2025-09-13 22:45,0.0
2025-09-13 23:00,0.0
2025-09-13 23:15,0.0
2025-09-13 23:30,0.0
2025-09-13 23:45,0.001215
2025-09-14 00:00,0.02635
2025-09-14 00:15,0.000877
2025-09-14 00:30,0.0
2025-09-14 00:45,0.006318
2025-09-14 01:00,0.005832
2025-09-14 01:15,0.001875
2025-09-14 01:30,0.0
2025-09-14 01:45,0.001215
2025-09-14 02:00,0.0
2025-09-14 02:15,0.001354
2025-09-14 02:30,0.000816
2025-09-14 02:45,0.0
2025-09-14 03:00,0.0
2025-09-14 03:15,0.0
2025-09-14 03:30,0.000608
2025-09-14 03:45,0.0
2025-09-14 04:00,0.013175
2025-09-14 04:15,0.001632
2025-09-14 04:30,0.0
2025-09-14 04:45,0.010545
2025-09-14 05:00,0.001215
2025-09-14 05:15,0.005694
2025-09-14 05:30,0.003003
2025-09-14 05:45,0.0
2025-09-14 06:00,0.0
2025-09-14 06:15,0.000503
2025-09-14 06:30,0.0
2025-09-14 06:45,0.000555
2025-09-14 07:00,0.0
2025-09-14 07:15,0.010042
2025-09-14 07:30,0.0
2025-09-14 07:45,0.004296
2025-09-14 08:00,0.0
2025-09-14 08:15,0.0
2025-09-14 08:30,0.0
2025-09-14 08:45,0.0
2025-09-14 09:00,0.0
2025-09-14 09:15,0.0
2025-09-14 09:30,0.0
2025-09-14 09:45,0.001632
2025-09-14 10:00,0.0
2025-09-14 10:15,0.0
2025-09-14 10:30,0.0
2025-09-14 10:45,0.020136
2025-09-14 11:00,0.019615
2025-09-14 11:15,0.0021
2025-09-14 11:30,0.0
2025-09-14 11:45,0.0
2025-09-14 12:00,0.0
2025-09-14 12:15,0.013175
2025-09-14 12:30,0.0
2025-09-14 12:45,0.0
2025-09-14 13:00,0.0
2025-09-14 13:15,0.0
2025-09-14 13:30,0.001632
2025-09-14 13:45,0.0
2025-09-14 14:00,0.0
2025-09-14 14:15,0.006197
2025-09-14 14:30,0.0
2025-09-14 14:45,0.002135
2025-09-14 15:00,0.001753
2025-09-14 15:15,0.0
2025-09-14 15:30,0.0
2025-09-14 15:45,0.026957
2025-09-14 16:00,0.0
2025-09-14 16:15,0.0
2025-09-14 16:30,0.024822
2025-09-14 16:45,0.0
2025-09-14 17:00,0.0
2025-09-14 17:15,0.024267
2025-09-14 17:30,0.001632
2025-09-14 17:45,0.000608
2025-09-14 18:00,0.018547
2025-09-14 18:15,0.0
2025-09-14 18:30,0.0
2025-09-14 18:45,0.001007
2025-09-14 19:00,0.0
2025-09-14 19:15,0.0
2025-09-14 19:30,0.000942
2025-09-14 19:45,0.001632
2025-09-14 20:00,0.0
2025-09-14 20:15,0.0
2025-09-14 20:30,0.0
2025-09-14 20:45,0.037442
2025-09-14 21:00,0.0
2025-09-14 21:15,0.012481
2025-09-14 21:30,0.001215
2025-09-14 21:45,0.00105
2025-09-14 22:00,0.012133
2025-09-14 22:15,0.001927
2025-09-14 22:30,0.002343
2025-09-14 22:45,0.0
2025-09-14 23:00,0.013123
2025-09-14 23:15,0.000503
2025-09-14 23:30,0.003645
2025-09-14 23:45,0.0
2025-09-15 00:00,0.013175
2025-09-15 00:15,0.0
2025-09-15 00:30,0.001215
2025-09-15 00:45,0.0
2025-09-15 01:00,0.000503
2025-09-15 01:15,0.000555
2025-09-15 01:30,0.0
2025-09-15 01:45,0.0
2025-09-15 02:00,0.001007
2025-09-15 02:15,0.02635
2025-09-15 02:30,0.000608
2025-09-15 02:45,0.002517
2025-09-15 03:00,0.0
2025-09-15 03:15,0.000807
2025-09-15 03:30,0.0
2025-09-15 03:45,0.0
2025-09-15 04:00,0.000503
2025-09-15 04:15,0.0
2025-09-15 04:30,0.0
2025-09-15 04:45,0.0
2025-09-15 05:00,0.0
2025-09-15 05:15,0.0
2025-09-15 05:30,0.0
2025-09-15 05:45,0.001111
2025-09-15 06:00,0.0
2025-09-15 06:15,0.0
2025-09-15 06:30,0.0
2025-09-15 06:45,0.0
2025-09-15 07:00,0.0
2025-09-15 07:15,0.002638
2025-09-15 07:30,0.003454
2025-09-15 07:45,0.002777
2025-09-15 08:00,0.0
2025-09-15 08:15,0.001215
2025-09-15 08:30,0.0
2025-09-15 08:45,0.0
2025-09-15 09:00,0.000677
2025-09-15 09:15,0.0
2025-09-15 09:30,0.00217
2025-09-15 09:45,0.012654
2025-09-15 10:00,0.001215
2025-09-15 10:15,0.001718
2025-09-15 10:30,0.0
2025-09-15 10:45,0.0
2025-09-15 11:00,0.002873
2025-09-15 11:15,0.001111
2025-09-15 11:30,0.012637
2025-09-15 11:45,0.003116
2025-09-15 12:00,0.014702
2025-09-15 12:15,0.024848
2025-09-15 12:30,0.019025
2025-09-15 12:45,0.062889
2025-09-15 13:00,0.055086
2025-09-15 13:15,0.140098
2025-09-15 13:30,0.161553
2025-09-15 13:45,0.088544
2025-09-15 14:00,0.160928
2025-09-15 14:15,0.128303
2025-09-15 14:30,0.069728
2025-09-15 14:45,0.015362
2025-09-15 15:00,0.100053
2025-09-15 15:15,0.203734
2025-09-15 15:30,0.127548
2025-09-15 15:45,0.099688
2025-09-15 16:00,0.103906
2025-09-15 16:15,0.067038
2025-09-15 16:30,0.113827
2025-09-15 16:45,0.050929
2025-09-15 17:00,0.00611
2025-09-15 17:15,0.062212
2025-09-15 17:30,0.130656
2025-09-15 17:45,0.190325
2025-09-15 18:00,0.193952
2025-09-15 18:15,0.181901
2025-09-15 18:30,0.198752
2025-09-15 18:45,0.182097
2025-09-15 19:00,0.119416
2025-09-15 19:15,0.092641
2025-09-15 19:30,0.11604
2025-09-15 19:45,0.146642
2025-09-15 20:00,0.082591
2025-09-15 20:15,0.02313
2025-09-15 20:30,0.034144
2025-09-15 20:45,0.021168
2025-09-15 21:00,0.009807
2025-09-15 21:15,0.07077
2025-09-15 21:30,0.014564
2025-09-15 21:45,0.015084
2025-09-15 22:00,0.001267
2025-09-15 22:15,0.003854
2025-09-15 22:30,0.0
2025-09-15 22:45,0.0
2025-09-15 23:00,0.013782
2025-09-15 23:15,0.0
2025-09-15 23:30,0.001215
2025-09-15 23:45,0.005095
2025-09-16 00:00,0.012741
2025-09-16 00:15,0.0
2025-09-16 00:30,0.068548
2025-09-16 00:45,0.0
2025-09-16 01:00,0.0
2025-09-16 01:15,0.0
2025-09-16 01:30,0.001727
2025-09-16 01:45,0.007473
2025-09-16 02:00,0.003827
2025-09-16 02:15,0.02635
2025-09-16 02:30,0.0
2025-09-16 02:45,0.001666
2025-09-16 03:00,0.0
2025-09-16 03:15,0.0
2025-09-16 03:30,0.000608
2025-09-16 03:45,0.0
2025-09-16 04:00,0.02635
2025-09-16 04:15,0.000816
2025-09-16 04:30,0.000608
2025-09-16 04:45,0.00217
2025-09-16 05:00,0.000555
2025-09-16 05:15,0.0
2025-09-16 05:30,0.0
2025-09-16 05:45,0.003315
2025-09-16 06:00,0.000503
2025-09-16 06:15,0.0
2025-09-16 06:30,0.000608
2025-09-16 06:45,0.002517
2025-09-16 07:00,0.0
2025-09-16 07:15,0.001007
2025-09-16 07:30,0.000816
2025-09-16 07:45,0.0
2025-09-16 08:00,0.0
2025-09-16 08:15,0.0
2025-09-16 08:30,0.0
2025-09-16 08:45,0.0
2025-09-16 09:00,0.006232
2025-09-16 09:15,0.000677
2025-09-16 09:30,0.000816
2025-09-16 09:45,0.0
2025-09-16 10:00,0.00105
2025-09-16 10:15,0.0
2025-09-16 10:30,0.0
2025-09-16 10:45,0.002265
2025-09-16 11:00,0.022817
2025-09-16 11:15,0.001007
2025-09-16 11:30,0.004478
2025-09-16 11:45,0.042675
2025-09-16 12:00,0.015102
2025-09-16 12:15,0.03548
2025-09-16 12:30,0.040271
2025-09-16 12:45,0.110251
2025-09-16 13:00,0.050721
2025-09-16 13:15,0.118158
2025-09-16 13:30,0.248926
2025-09-16 13:45,0.187764
2025-09-16 14:00,0.109574
2025-09-16 14:15,0.100478
2025-09-16 14:30,0.109149
2025-09-16 14:45,0.080629
2025-09-16 15:00,0.311016
2025-09-16 15:15,0.251148
2025-09-16 15:30,0.115398
2025-09-16 15:45,0.046867
2025-09-16 16:00,0.05
2025-09-16 16:15,0.091452
2025-09-16 16:30,0.044671
2025-09-16 16:45,0.040861
2025-09-16 17:00,0.064712
2025-09-16 17:15,0.086869
2025-09-16 17:30,0.070509
2025-09-16 17:45,0.095271
2025-09-16 18:00,0.171786
2025-09-16 18:15,0.116083
2025-09-16 18:30,0.15796
2025-09-16 18:45,0.071707
2025-09-16 19:00,0.132851
2025-09-16 19:15,0.075543
2025-09-16 19:30,0.049783
2025-09-16 19:45,0.095661
2025-09-16 20:00,0.127323
2025-09-16 20:15,0.02753
2025-09-16 20:30,0.01314
2025-09-16 20:45,0.000807
2025-09-16 21:00,0.037216
2025-09-16 21:15,0.012133
2025-09-16 21:30,0.011318
2025-09-16 21:45,0.00151
2025-09-16 22:00,0.012133
2025-09-16 22:15,0.004947
2025-09-16 22:30,0.002274
2025-09-16 22:45,0.026975
2025-09-16 23:00,0.001718
2025-09-16 23:15,0.01564
2025-09-16 23:30,0.00243
2025-09-16 23:45,0.0
2025-09-17 00:00,0.017775
2025-09-17 00:00,0.051027
2025-09-17 00:15,0.0
2025-09-17 00:30,0.0
2025-09-17 00:45,0.01759
2025-09-17 01:00,0.016544
2025-09-17 01:15,0.037199
2025-09-17 01:30,0.0
2025-09-17 01:45,0.005232
2025-09-17 02:00,0.080676
2025-09-17 02:15,0.041011
2025-09-17 02:30,0.007774
2025-09-17 02:45,0.073301
2025-09-17 03:00,0.0
2025-09-17 03:15,0.043801
2025-09-17 03:30,0.0
2025-09-17 03:45,0.0
2025-09-17 04:00,0.001744
2025-09-17 04:15,0.0
2025-09-17 04:30,0.0
2025-09-17 04:45,0.001744
2025-09-17 05:00,0.015821
2025-09-17 05:15,0.0
2025-09-17 05:30,0.0
2025-09-17 05:45,0.00289
2025-09-17 06:00,0.003887
2025-09-17 06:15,0.0
2025-09-17 06:30,0.0
2025-09-17 06:45,0.0
2025-09-17 07:00,0.0
2025-09-17 07:15,0.0
2025-09-17 07:30,0.0
2025-09-17 07:45,0.006428
2025-09-17 08:00,0.0
2025-09-17 08:15,0.001744
2025-09-17 08:30,0.0
2025-09-17 08:45,0.007823
2025-09-17 09:00,0.0
2025-09-17 09:15,0.001943
2025-09-17 09:30,0.0
2025-09-17 09:45,0.0
2025-09-17 10:00,0.001445
2025-09-17 10:15,0.006104
2025-09-17 10:30,0.0
2025-09-17 10:45,0.0
2025-09-17 11:00,0.011959
2025-09-17 11:15,0.0
2025-09-17 11:30,0.0
2025-09-17 11:45,0.040612
2025-09-17 12:00,0.077013
2025-09-17 12:15,0.170371
2025-09-17 12:30,0.161576
2025-09-17 12:45,0.04268
2025-09-17 13:00,0.095675
2025-09-17 13:15,0.114012
2025-09-17 13:30,0.440079
2025-09-17 13:45,0.085684
2025-09-17 14:00,0.374253
2025-09-17 14:15,0.185806
2025-09-17 14:30,0.440178
2025-09-17 14:45,0.367725
2025-09-17 15:00,0.280098
2025-09-17 15:15,0.331622
2025-09-17 15:30,0.40729
2025-09-17 15:45,0.167555
2025-09-17 16:00,0.331049
2025-09-17 16:15,0.220725
2025-09-17 16:30,0.11015
2025-09-17 16:45,0.253787
2025-09-17 17:00,0.129584
2025-09-17 17:15,0.310569
2025-09-17 17:30,0.2941
2025-09-17 17:45,0.160704
2025-09-17 18:00,0.285529
2025-09-17 18:15,0.304216
2025-09-17 18:30,0.243186
2025-09-17 18:45,0.256802
2025-09-17 19:00,0.318592
2025-09-17 19:15,0.257537
2025-09-17 19:30,0.267378
2025-09-17 19:45,0.341339
2025-09-17 20:00,0.26688
2025-09-17 20:15,0.345164
2025-09-17 20:30,0.047613
2025-09-17 20:45,0.111371
2025-09-17 21:00,0.037622
2025-09-17 21:15,0.185121
2025-09-17 21:30,0.087403
2025-09-17 21:45,0.106089
2025-09-17 22:00,0.020032
2025-09-17 22:15,0.002342
2025-09-17 22:30,0.008172
2025-09-17 22:45,0.072553
2025-09-17 23:00,0.036326
2025-09-17 23:15,0.060071
2025-09-17 23:30,0.0442
2025-09-17 23:45,0.002417
2025-09-18 00:00,0.004983
2025-09-18 00:15,0.0
2025-09-18 00:30,0.012682
2025-09-18 00:45,0.0
2025-09-18 01:00,0.0
2025-09-18 01:15,0.0
2025-09-18 01:30,0.004933
2025-09-18 01:45,0.041808
2025-09-18 02:00,0.0
2025-09-18 02:15,0.0
2025-09-18 02:30,0.0
2025-09-18 02:45,0.0
2025-09-18 03:00,0.003937
2025-09-18 03:15,0.0
2025-09-18 03:30,0.0
2025-09-18 03:45,0.0
2025-09-18 04:00,0.03832
2025-09-18 04:15,0.0
2025-09-18 04:30,0.002342
2025-09-18 04:45,0.006029
2025-09-18 05:00,0.037821
2025-09-18 05:15,0.0
2025-09-18 05:30,0.0
2025-09-18 05:45,0.0
2025-09-18 06:00,0.044598
2025-09-18 06:15,0.026983
2025-09-18 06:30,0.006428
2025-09-18 06:45,0.0
2025-09-18 07:00,0.006478
2025-09-18 07:15,0.009268
2025-09-18 07:30,0.007724
2025-09-18 07:45,0.0
2025-09-18 08:00,0.0
2025-09-18 08:15,0.0
2025-09-18 08:30,0.0
2025-09-18 08:45,0.0
2025-09-18 09:00,0.0
2025-09-18 09:15,0.0
2025-09-18 09:30,0.0
2025-09-18 09:45,0.006328
2025-09-18 10:00,0.001445
2025-09-18 10:15,0.0
2025-09-18 10:30,0.007823
2025-09-18 10:45,0.0
2025-09-18 11:00,0.004933
2025-09-18 11:15,0.044972
2025-09-18 11:30,0.004385
2025-09-18 11:45,0.107086
2025-09-18 12:00,0.152581
2025-09-18 12:15,0.181782
2025-09-18 12:30,0.15141
2025-09-18 12:45,0.195211
2025-09-18 13:00,0.078259
2025-09-18 13:15,0.217187
2025-09-18 13:30,0.298809
2025-09-18 13:45,0.354844
2025-09-18 14:00,0.328832
2025-09-18 14:15,0.387582
2025-09-18 14:30,0.120241
2025-09-18 14:45,0.102626
2025-09-18 15:00,0.418701
2025-09-18 15:15,0.257574
2025-09-18 15:30,0.215717
2025-09-18 15:45,0.382225
2025-09-18 16:00,0.127766
2025-09-18 16:15,0.319563
2025-09-18 16:30,0.198824
2025-09-18 16:45,0.349885
2025-09-18 17:00,0.38686
2025-09-18 17:15,0.157016
2025-09-18 17:30,0.6325
2025-09-18 17:45,0.485325
2025-09-18 18:00,0.108755
2025-09-18 18:15,0.175603
2025-09-18 18:30,0.064182
2025-09-18 18:45,0.188858
2025-09-18 19:00,0.291908
2025-09-18 19:15,0.330601
2025-09-18 19:30,0.411875
2025-09-18 19:45,0.267715
2025-09-18 20:00,0.081921
2025-09-18 20:15,0.357933
2025-09-18 20:30,0.01186
2025-09-18 20:45,0.110923
2025-09-18 21:00,0.069663
2025-09-18 21:15,0.0
2025-09-18 21:30,0.0
2025-09-18 21:45,0.008571
2025-09-18 22:00,0.021377
2025-09-18 22:15,0.034832
2025-09-18 22:30,0.0
2025-09-18 22:45,0.003488
2025-09-18 23:00,0.007823
2025-09-18 23:15,0.0
2025-09-18 23:30,0.001744
2025-09-18 23:45,0.0
2025-09-19 00:00,0.150787
2025-09-19 00:15,0.0
2025-09-19 00:30,0.034832
2025-09-19 00:45,0.0
2025-09-19 01:00,0.0
2025-09-19 01:15,0.027905
2025-09-19 01:30,0.0
2025-09-19 01:45,0.0
2025-09-19 02:00,0.0
2025-09-19 02:15,0.005531
2025-09-19 02:30,0.004385
2025-09-19 02:45,0.0
2025-09-19 03:00,0.0
2025-09-19 03:15,0.003787
2025-09-19 03:30,0.003488
2025-09-19 03:45,0.116554
2025-09-19 04:00,0.159508
2025-09-19 04:15,0.003937
2025-09-19 04:30,0.0
2025-09-19 04:45,0.013654
2025-09-19 05:00,0.075643
2025-09-19 05:15,0.002516
2025-09-19 05:30,0.0
2025-09-19 05:45,0.00583
2025-09-19 06:00,0.0
2025-09-19 06:15,0.0
2025-09-19 06:30,0.041359
2025-09-19 06:45,0.0
2025-09-19 07:00,0.0
2025-09-19 07:15,0.0
2025-09-19 07:30,0.0
2025-09-19 07:45,0.077985
2025-09-19 08:00,0.00294
2025-09-19 08:15,0.003488
2025-09-19 08:30,0.0
2025-09-19 08:45,0.0
2025-09-19 09:00,0.0
2025-09-19 09:15,0.0
2025-09-19 09:30,0.001595
2025-09-19 09:45,0.00289
2025-09-19 10:00,0.0
2025-09-19 10:15,0.002342
2025-09-19 10:30,0.008671
2025-09-19 10:45,0.004485
2025-09-19 11:00,0.003887
2025-09-19 11:15,0.003015
2025-09-19 11:30,0.029649
2025-09-19 11:45,0.026884
2025-09-19 12:00,0.041758
2025-09-19 12:15,0.042406
2025-09-19 12:30,0.04425
2025-09-19 12:45,0.41312
2025-09-19 13:00,0.037871
2025-09-19 13:15,0.665961
2025-09-19 13:30,0.286526
2025-09-19 13:45,0.282739
2025-09-19 14:00,0.112318
2025-09-19 14:15,0.23099
2025-09-19 14:30,0.308003
2025-09-19 14:45,0.09849
2025-09-19 15:00,0.181084
2025-09-19 15:15,0.191026
2025-09-19 15:30,0.310395
2025-09-19 15:45,0.206224
2025-09-19 16:00,0.463773
2025-09-19 16:15,0.567246
2025-09-19 16:30,0.370316
2025-09-19 16:45,0.362094
2025-09-19 17:00,0.338848
2025-09-19 17:15,0.08536
2025-09-19 17:30,0.184572
2025-09-19 17:45,0.108332
2025-09-19 18:00,0.270256
2025-09-19 18:15,0.243622
2025-09-19 18:30,0.087627
2025-09-19 18:45,0.329903
2025-09-19 19:00,0.180387
2025-09-19 19:15,0.130008
2025-09-19 19:30,0.110549
2025-09-19 19:45,0.292107
2025-09-19 20:00,0.256802
2025-09-19 20:15,0.209363
2025-09-19 20:30,0.071258
2025-09-19 20:45,0.0
2025-09-19 21:00,0.069663
2025-09-19 21:15,0.034832
2025-09-19 21:30,0.0
2025-09-19 21:45,0.029799
2025-09-19 22:00,0.017989
2025-09-19 22:15,0.07208
2025-09-19 22:30,0.008122
2025-09-19 22:45,0.060968
2025-09-19 23:00,0.0
2025-09-19 23:15,0.0
2025-09-19 23:30,0.0
2025-09-19 23:45,0.0
2025-09-20 00:00,0.0
2025-09-20 00:15,0.036102
2025-09-20 00:30,0.019135
2025-09-20 00:45,0.080202
2025-09-20 01:00,0.0
2025-09-20 01:15,0.001943
2025-09-20 01:30,0.002342
2025-09-20 01:45,0.0
2025-09-20 02:00,0.075643
2025-09-20 02:15,0.004684
2025-09-20 02:30,0.002342
2025-09-20 02:45,0.0
2025-09-20 03:00,0.004086
2025-09-20 03:15,0.001445
2025-09-20 03:30,0.003189
2025-09-20 03:45,0.004659
2025-09-20 04:00,0.090243
2025-09-20 04:15,0.0
2025-09-20 04:30,0.002342
2025-09-20 04:45,0.005232
2025-09-20 05:00,0.0
2025-09-20 05:15,0.004634
2025-09-20 05:30,0.0
2025-09-20 05:45,0.001595
2025-09-20 06:00,0.0
2025-09-20 06:15,0.005681
2025-09-20 06:30,0.0
2025-09-20 06:45,0.001744
2025-09-20 07:00,0.0
2025-09-20 07:15,0.0
2025-09-20 07:30,0.002516
2025-09-20 07:45,0.0
2025-09-20 08:00,0.001744
2025-09-20 08:15,0.001744
2025-09-20 08:30,0.0
2025-09-20 08:45,0.0
2025-09-20 09:00,0.0
2025-09-20 09:15,0.001595
2025-09-20 09:30,0.001744
2025-09-20 09:45,0.006627
2025-09-20 10:00,0.0
2025-09-20 10:15,0.002043
2025-09-20 10:30,0.003189
2025-09-20 10:45,0.0
2025-09-20 11:00,0.069663
2025-09-20 11:15,0.001744
2025-09-20 11:30,0.0
2025-09-20 11:45,0.0
2025-09-20 12:00,0.001943
2025-09-20 12:15,0.004834
2025-09-20 12:30,0.0
2025-09-20 12:45,0.0
2025-09-20 13:00,0.012333
2025-09-20 13:15,0.0
2025-09-20 13:30,0.002392
2025-09-20 13:45,0.0
2025-09-20 14:00,0.0
2025-09-20 14:15,0.0
2025-09-20 14:30,0.001595
2025-09-20 14:45,0.001744
2025-09-20 15:00,0.0
2025-09-20 15:15,0.0
2025-09-20 15:30,0.006428
2025-09-20 15:45,0.077387
2025-09-20 16:00,0.006279
2025-09-20 16:15,0.003189
2025-09-20 16:30,0.0
2025-09-20 16:45,0.098565
2025-09-20 17:00,0.0
2025-09-20 17:15,0.0
2025-09-20 17:30,0.002342
2025-09-20 17:45,0.004684
2025-09-20 18:00,0.0
2025-09-20 18:15,0.001744
2025-09-20 18:30,0.001744
2025-09-20 18:45,0.002342
2025-09-20 19:00,0.0
2025-09-20 19:15,0.013828
2025-09-20 19:30,0.0
2025-09-20 19:45,0.003339
2025-09-20 20:00,0.0
2025-09-20 20:15,0.051724
2025-09-20 20:30,0.001744
2025-09-20 20:45,0.0
2025-09-20 21:00,0.020356
2025-09-20 21:15,0.0
2025-09-20 21:30,0.0
2025-09-20 21:45,0.0
2025-09-20 22:00,0.075643
2025-09-20 22:15,0.075643
2025-09-20 22:30,0.0
2025-09-20 22:45,0.057803
2025-09-20 23:00,0.001744
2025-09-20 23:15,0.004684
2025-09-20 23:30,0.0
2025-09-20 23:45,0.0
2025-09-21 00:00,0.151286
2025-09-21 00:15,0.001595
2025-09-21 00:30,0.0
2025-09-21 00:45,0.0
2025-09-21 01:00,0.0
2025-09-21 01:15,0.008172
2025-09-21 01:30,0.002342
2025-09-21 01:45,0.0
2025-09-21 02:00,0.016594
2025-09-21 02:15,0.039565
2025-09-21 02:30,0.0
2025-09-21 02:45,0.0
2025-09-21 03:00,0.015647
2025-09-21 03:15,0.021029
2025-09-21 03:30,0.002217
2025-09-21 03:45,0.0
2025-09-21 04:00,0.080875
2025-09-21 04:15,0.0
2025-09-21 04:30,0.0
2025-09-21 04:45,0.0
2025-09-21 05:00,0.040462
2025-09-21 05:15,0.0
2025-09-21 05:30,0.0
2025-09-21 05:45,0.0
2025-09-21 06:00,0.0
2025-09-21 06:15,0.001744
2025-09-21 06:30,0.0
2025-09-21 06:45,0.0
2025-09-21 07:00,0.002342
2025-09-21 07:15,0.0
2025-09-21 07:30,0.003887
2025-09-21 07:45,0.001744
2025-09-21 08:00,0.008172
2025-09-21 08:15,0.0
2025-09-21 08:30,0.016594
2025-09-21 08:45,0.002342
2025-09-21 09:00,0.0
2025-09-21 09:15,0.015572
2025-09-21 09:30,0.003488
2025-09-21 09:45,0.003488
2025-09-21 10:00,0.002417
2025-09-21 10:15,0.0
2025-09-21 10:30,0.015572
2025-09-21 10:45,0.007823
2025-09-21 11:00,0.001744
2025-09-21 11:15,0.0
2025-09-21 11:30,0.001595
2025-09-21 11:45,0.0
2025-09-21 12:00,0.0
2025-09-21 12:15,0.0
2025-09-21 12:30,0.077088
2025-09-21 12:45,0.0
2025-09-21 13:00,0.00745
2025-09-21 13:15,0.013479
2025-09-21 13:30,0.0
2025-09-21 13:45,0.0
2025-09-21 14:00,0.004161
2025-09-21 14:15,0.001744
2025-09-21 14:30,0.0
2025-09-21 14:45,0.0
2025-09-21 15:00,0.009567
2025-09-21 15:15,0.0
2025-09-21 15:30,0.037821
2025-09-21 15:45,0.002516
2025-09-21 16:00,0.0
2025-09-21 16:15,0.003488
2025-09-21 16:30,0.072653
2025-09-21 16:45,0.0
2025-09-21 17:00,0.0
2025-09-21 17:15,0.0
2025-09-21 17:30,0.0
2025-09-21 17:45,0.0
2025-09-21 18:00,0.004933
2025-09-21 18:15,0.001595
2025-09-21 18:30,0.0
2025-09-21 18:45,0.004933
2025-09-21 19:00,0.0
2025-09-21 19:15,0.037821
2025-09-21 19:30,0.0
2025-09-21 19:45,0.042032
2025-09-21 20:00,0.0
2025-09-21 20:15,0.010863
2025-09-21 20:30,0.0
2025-09-21 20:45,0.0
2025-09-21 21:00,0.005357
2025-09-21 21:15,0.0
2025-09-21 21:30,0.0
2025-09-21 21:45,0.0
2025-09-21 22:00,0.0
2025-09-21 22:15,0.066723
2025-09-21 22:30,0.005133
2025-09-21 22:45,0.034832
2025-09-21 23:00,0.077985
2025-09-21 23:15,0.037821
2025-09-21 23:30,0.075643
2025-09-21 23:45,0.0
2025-09-22 00:00,0.07953
2025-09-22 00:15,0.003488
2025-09-22 00:30,0.034832
2025-09-22 00:45,0.036326
2025-09-22 01:00,0.002342
2025-09-22 01:15,0.104495
2025-09-22 01:30,0.0
2025-09-22 01:45,0.016843
2025-09-22 02:00,0.0
2025-09-22 02:15,0.0
2025-09-22 02:30,0.0
2025-09-22 02:45,0.003887
2025-09-22 03:00,0.022623
2025-09-22 03:15,0.075643
2025-09-22 03:30,0.001595
2025-09-22 03:45,0.019833
2025-09-22 04:00,0.103299
2025-09-22 04:15,0.0
2025-09-22 04:30,0.0
2025-09-22 04:45,0.066773
2025-09-22 05:00,0.001744
2025-09-22 05:15,0.004161
2025-09-22 05:30,0.007101
2025-09-22 05:45,0.003189
2025-09-22 06:00,0.0
2025-09-22 06:15,0.0
2025-09-22 06:30,0.0
2025-09-22 06:45,0.0
2025-09-22 07:00,0.0
2025-09-22 07:15,0.0
2025-09-22 07:30,0.0
2025-09-22 07:45,0.001744
2025-09-22 08:00,0.005033
2025-09-22 08:15,0.0
2025-09-22 08:30,0.045246
2025-09-22 08:45,0.011287
2025-09-22 09:00,0.003737
2025-09-22 09:15,0.0
2025-09-22 09:30,0.0
2025-09-22 09:45,0.003488
2025-09-22 10:00,0.0
2025-09-22 10:15,0.0
2025-09-22 10:30,0.0
2025-09-22 10:45,0.0
2025-09-22 11:00,0.041409
2025-09-22 11:15,0.042481
2025-09-22 11:30,0.003488
2025-09-22 11:45,0.072678
2025-09-22 12:00,0.033262
2025-09-22 12:15,0.006951
2025-09-22 12:30,0.107833
2025-09-22 12:45,0.121612
2025-09-22 13:00,0.072105
2025-09-22 13:15,0.359528
2025-09-22 13:30,0.582121
2025-09-22 13:45,0.212079
2025-09-22 14:00,0.099661
2025-09-22 14:15,0.190801
2025-09-22 14:30,0.298037
2025-09-22 14:45,0.425603
2025-09-22 15:00,0.336257
2025-09-22 15:15,0.287298
2025-09-22 15:30,0.449771
2025-09-22 15:45,0.158287
2025-09-22 16:00,0.102551
2025-09-22 16:15,0.194514
2025-09-22 16:30,0.048136
2025-09-22 16:45,0.220774
2025-09-22 17:00,0.152581
2025-09-22 17:15,0.25284
2025-09-22 17:30,0.127342
2025-09-22 17:45,0.283287
2025-09-22 18:00,0.539815
2025-09-22 18:15,0.47501
2025-09-22 18:30,0.181807
2025-09-22 18:45,0.010938
2025-09-22 19:00,0.155671
2025-09-22 19:15,0.117725
2025-09-22 19:30,0.120764
2025-09-22 19:45,0.731762
2025-09-22 20:00,1.0
2025-09-22 20:15,0.200294
2025-09-22 20:30,0.264077
2025-09-22 20:45,0.178643
2025-09-22 21:00,0.215368
2025-09-22 21:15,0.106089
2025-09-22 21:30,0.0
2025-09-22 21:45,0.097817
2025-09-22 22:00,0.077536
2025-09-22 22:15,0.09707
2025-09-22 22:30,0.001595
2025-09-22 22:45,0.0
2025-09-22 23:00,0.006154
2025-09-22 23:15,0.0
2025-09-22 23:30,0.004784
2025-09-22 23:45,0.0
2025-09-23 00:00,0.078832
2025-09-23 00:15,0.056309
2025-09-23 00:30,0.041359
2025-09-23 00:45,0.020331
2025-09-23 01:00,0.019932
2025-09-23 01:15,0.037821
2025-09-23 01:30,0.014052
2025-09-23 01:45,0.036924
2025-09-23 02:00,0.010091
2025-09-23 02:15,0.118323
2025-09-23 02:30,0.0
2025-09-23 02:45,0.0
2025-09-23 03:00,0.0
2025-09-23 03:15,0.050877
2025-09-23 03:30,0.0
2025-09-23 03:45,0.034832
2025-09-23 04:00,0.037821
2025-09-23 04:15,0.114859
2025-09-23 04:30,0.028379
2025-09-23 04:45,0.053692
2025-09-23 05:00,0.0
2025-09-23 05:15,0.0
2025-09-23 05:30,0.003488
2025-09-23 05:45,0.074297
2025-09-23 06:00,0.0
2025-09-23 06:15,0.016594
2025-09-23 06:30,0.001744
2025-09-23 06:45,0.0
2025-09-23 07:00,0.039516
2025-09-23 07:15,0.007151
2025-09-23 07:30,0.0
2025-09-23 07:45,0.0
2025-09-23 08:00,0.0
2025-09-23 08:15,0.006677
2025-09-23 08:30,0.0
2025-09-23 08:45,0.049083
2025-09-23 09:00,0.0
2025-09-23 09:15,0.0
2025-09-23 09:30,0.010714
2025-09-23 09:45,0.003887
2025-09-23 10:00,0.110474
2025-09-23 10:15,0.0
2025-09-23 10:30,0.211207
2025-09-23 10:45,0.101231
2025-09-23 11:00,0.048012
2025-09-23 11:15,0.182081
2025-09-23 11:30,0.147499
2025-09-23 11:45,0.041808
2025-09-23 12:00,0.075668
2025-09-23 12:15,0.111023
2025-09-23 12:30,0.22344
2025-09-23 12:45,0.159433
2025-09-23 13:00,0.256578
2025-09-23 13:15,0.147324
2025-09-23 13:30,0.42797
2025-09-23 13:45,0.712552
2025-09-23 14:00,0.333541
2025-09-23 14:15,0.142864
2025-09-23 14:30,0.398121
2025-09-23 14:45,0.259592
2025-09-23 15:00,0.286476
2025-09-23 15:15,0.288494
2025-09-23 15:30,0.239598
2025-09-23 15:45,0.392042
2025-09-23 16:00,0.046367
2025-09-23 16:15,0.374651
2025-09-23 16:30,0.117401
2025-09-23 16:45,0.35437
2025-09-23 17:00,0.51039
2025-09-23 17:15,0.32644
2025-09-23 17:30,0.194962
2025-09-23 17:45,0.154251
2025-09-23 18:00,0.135763
2025-09-23 18:15,0.228349
2025-09-23 18:30,0.692446
2025-09-23 18:45,0.197678
2025-09-23 19:00,0.1324
2025-09-23 19:15,0.323276
2025-09-23 19:30,0.265572
2025-09-23 19:45,0.228249
2025-09-23 20:00,0.702786
2025-09-23 20:15,0.290537
2025-09-23 20:30,0.35442
2025-09-23 20:45,0.437637
2025-09-23 21:00,0.073998
2025-09-23 21:15,0.003488
2025-09-23 21:30,0.009219
2025-09-23 21:45,0.002217
2025-09-23 22:00,0.039715
2025-09-23 22:15,0.040612
2025-09-23 22:30,0.010265
2025-09-23 22:45,0.001445
2025-09-23 23:00,0.0
2025-09-23 23:15,0.0
2025-09-23 23:30,0.00872
2025-09-23 23:45,0.023072
2025-09-24 00:00,0.037772
2025-09-24 00:00,0.031391
2025-09-24 00:15,0.002899
2025-09-24 00:30,0.0
2025-09-24 00:45,0.004845
2025-09-24 01:00,0.039467
2025-09-24 01:15,0.013128
2025-09-24 01:30,0.00265
2025-09-24 01:45,0.006543
2025-09-24 02:00,0.057895
2025-09-24 02:15,0.0
2025-09-24 02:30,0.07181
2025-09-24 02:45,0.001325
2025-09-24 03:00,0.014826
2025-09-24 03:15,0.0
2025-09-24 03:30,0.0
2025-09-24 03:45,0.007413
2025-09-24 04:00,0.002402
2025-09-24 04:15,0.001946
2025-09-24 04:30,0.001946
2025-09-24 04:45,0.062865
2025-09-24 05:00,0.001201
2025-09-24 05:15,0.0
2025-09-24 05:30,0.0
2025-09-24 05:45,0.0
2025-09-24 06:00,0.017145
2025-09-24 06:15,0.0
2025-09-24 06:30,0.003893
2025-09-24 06:45,0.0
2025-09-24 07:00,0.003893
2025-09-24 07:15,0.064956
2025-09-24 07:30,0.0
2025-09-24 07:45,0.001946
2025-09-24 08:00,0.0
2025-09-24 08:15,0.0
2025-09-24 08:30,0.0
2025-09-24 08:45,0.048702
2025-09-24 09:00,0.0
2025-09-24 09:15,0.0
2025-09-24 09:30,0.001615
2025-09-24 09:45,0.002899
2025-09-24 10:00,0.0
2025-09-24 10:15,0.012155
2025-09-24 10:30,0.060939
2025-09-24 10:45,0.031432
2025-09-24 11:00,0.068663
2025-09-24 11:15,0.003292
2025-09-24 11:30,0.0
2025-09-24 11:45,0.04278
2025-09-24 12:00,0.035905
2025-09-24 12:15,0.031474
2025-09-24 12:30,0.077981
2025-09-24 12:45,0.340229
2025-09-24 13:00,0.119518
2025-09-24 13:15,0.080755
2025-09-24 13:30,0.178573
2025-09-24 13:45,0.24736
2025-09-24 14:00,0.184205
2025-09-24 14:15,0.105976
2025-09-24 14:30,0.339525
2025-09-24 14:45,0.359216
2025-09-24 15:00,0.068994
2025-09-24 15:15,0.374249
2025-09-24 15:30,0.278751
2025-09-24 15:45,0.307554
2025-09-24 16:00,0.176585
2025-09-24 16:15,0.129333
2025-09-24 16:30,0.162712
2025-09-24 16:45,0.202033
2025-09-24 17:00,0.329772
2025-09-24 17:15,0.173106
2025-09-24 17:30,0.181782
2025-09-24 17:45,0.257879
2025-09-24 18:00,0.248271
2025-09-24 18:15,0.237131
2025-09-24 18:30,0.199859
2025-09-24 18:45,0.195283
2025-09-24 19:00,0.200087
2025-09-24 19:15,0.412846
2025-09-24 19:30,0.206672
2025-09-24 19:45,0.312151
2025-09-24 20:00,0.273077
2025-09-24 20:15,0.216445
2025-09-24 20:30,0.056156
2025-09-24 20:45,0.08088
2025-09-24 21:00,0.002899
2025-09-24 21:15,0.0
2025-09-24 21:30,0.0
2025-09-24 21:45,0.089328
2025-09-24 22:00,0.093531
2025-09-24 22:15,0.076386
2025-09-24 22:30,0.007372
2025-09-24 22:45,0.0
2025-09-24 23:00,0.0
2025-09-24 23:15,0.086843
2025-09-24 23:30,0.006792
2025-09-24 23:45,0.001946
2025-09-25 00:00,0.095623
2025-09-25 00:15,0.0
2025-09-25 00:30,0.033979
2025-09-25 00:45,0.005591
2025-09-25 01:00,0.0
2025-09-25 01:15,0.0
2025-09-25 01:30,0.028948
2025-09-25 01:45,0.003893
2025-09-25 02:00,0.001449
2025-09-25 02:15,0.0
2025-09-25 02:30,0.031432
2025-09-25 02:45,0.0
2025-09-25 03:00,0.0
2025-09-25 03:15,0.0
2025-09-25 03:30,0.0
2025-09-25 03:45,0.006067
2025-09-25 04:00,0.004203
2025-09-25 04:15,0.057895
2025-09-25 04:30,0.059221
2025-09-25 04:45,0.0
2025-09-25 05:00,0.0
2025-09-25 05:15,0.001449
2025-09-25 05:30,0.030397
2025-09-25 05:45,0.0
2025-09-25 06:00,0.001449
2025-09-25 06:15,0.001201
2025-09-25 06:30,0.0
2025-09-25 06:45,0.0
2025-09-25 07:00,0.033379
2025-09-25 07:15,0.0
2025-09-25 07:30,0.0
2025-09-25 07:45,0.00265
2025-09-25 08:00,0.004742
2025-09-25 08:15,0.0
2025-09-25 08:30,0.004017
2025-09-25 08:45,0.001946
2025-09-25 09:00,0.001988
2025-09-25 09:15,0.004928
2025-09-25 09:30,0.0
2025-09-25 09:45,0.001449
2025-09-25 10:00,0.005218
2025-09-25 10:15,0.059552
2025-09-25 10:30,0.0
2025-09-25 10:45,0.044229
2025-09-25 11:00,0.059096
2025-09-25 11:15,0.077277
2025-09-25 11:30,0.063362
2025-09-25 11:45,0.0
2025-09-25 12:00,0.031847
2025-09-25 12:15,0.138009
2025-09-25 12:30,0.323394
2025-09-25 12:45,0.065578
2025-09-25 13:00,0.154471
2025-09-25 13:15,0.173293
2025-09-25 13:30,0.492898
2025-09-25 13:45,0.20574
2025-09-25 14:00,0.220814
2025-09-25 14:15,0.061126
2025-09-25 14:30,0.374871
2025-09-25 14:45,0.303702
2025-09-25 15:00,0.315257
2025-09-25 15:15,0.360148
2025-09-25 15:30,0.229573
2025-09-25 15:45,0.163416
2025-09-25 16:00,0.304427
2025-09-25 16:15,0.179898
2025-09-25 16:30,0.176337
2025-09-25 16:45,0.298319
2025-09-25 17:00,0.398621
2025-09-25 17:15,0.490268
2025-09-25 17:30,0.44169
2025-09-25 17:45,0.471011
2025-09-25 18:00,0.162898
2025-09-25 18:15,0.27492
2025-09-25 18:30,0.323995
2025-09-25 18:45,0.223506
2025-09-25 19:00,0.158736
2025-09-25 19:15,0.244068
2025-09-25 19:30,0.219903
2025-09-25 19:45,0.129271
2025-09-25 20:00,0.158301
2025-09-25 20:15,0.131631
2025-09-25 20:30,0.236882
2025-09-25 20:45,0.003644
2025-09-25 21:00,0.071437
2025-09-25 21:15,0.0
2025-09-25 21:30,0.0
2025-09-25 21:45,0.03019
2025-09-25 22:00,0.006543
2025-09-25 22:15,0.030894
2025-09-25 22:30,0.029776
2025-09-25 22:45,0.0
2025-09-25 23:00,0.0
2025-09-25 23:15,0.0
2025-09-25 23:30,0.060794
2025-09-25 23:45,0.015385
2025-09-26 00:00,0.0
2025-09-26 00:15,0.0
2025-09-26 00:30,0.001325
2025-09-26 00:45,0.098584
2025-09-26 01:00,0.0
2025-09-26 01:15,0.0
2025-09-26 01:30,0.002278
2025-09-26 01:45,0.003893
2025-09-26 02:00,0.059552
2025-09-26 02:15,0.001615
2025-09-26 02:30,0.031432
2025-09-26 02:45,0.0
2025-09-26 03:00,0.0
2025-09-26 03:15,0.0
2025-09-26 03:30,0.0
2025-09-26 03:45,0.0
2025-09-26 04:00,0.002899
2025-09-26 04:15,0.001946
2025-09-26 04:30,0.001449
2025-09-26 04:45,0.0
2025-09-26 05:00,0.0
2025-09-26 05:15,0.0
2025-09-26 05:30,0.0
2025-09-26 05:45,0.0
2025-09-26 06:00,0.001201
2025-09-26 06:15,0.001946
2025-09-26 06:30,0.01025
2025-09-26 06:45,0.0
2025-09-26 07:00,0.002071
2025-09-26 07:15,0.0
2025-09-26 07:30,0.002402
2025-09-26 07:45,0.0
2025-09-26 08:00,0.003893
2025-09-26 08:15,0.0
2025-09-26 08:30,0.002899
2025-09-26 08:45,0.0
2025-09-26 09:00,0.00265
2025-09-26 09:15,0.031225
2025-09-26 09:30,0.0
2025-09-26 09:45,0.004845
2025-09-26 10:00,0.0
2025-09-26 10:15,0.0
2025-09-26 10:30,0.062865
2025-09-26 10:45,0.059096
2025-09-26 11:00,0.024309
2025-09-26 11:15,0.079617
2025-09-26 11:30,0.030149
2025-09-26 11:45,0.035822
2025-09-26 12:00,0.045927
2025-09-26 12:15,0.042096
2025-09-26 12:30,0.375968
2025-09-26 12:45,0.219572
2025-09-26 13:00,0.311944
2025-09-26 13:15,0.136228
2025-09-26 13:30,0.166045
2025-09-26 13:45,0.270386
2025-09-26 14:00,0.102249
2025-09-26 14:15,0.389862
2025-09-26 14:30,0.13041
2025-09-26 14:45,0.03781
2025-09-26 15:00,0.160082
2025-09-26 15:15,0.070816
2025-09-26 15:30,0.194248
2025-09-26 15:45,0.062658
2025-09-26 16:00,0.075931
2025-09-26 16:15,0.081439
2025-09-26 16:30,0.236634
2025-09-26 16:45,0.131445
2025-09-26 17:00,0.205305
2025-09-26 17:15,0.139665
2025-09-26 17:30,0.156479
2025-09-26 17:45,0.197871
2025-09-26 18:00,0.118586
2025-09-26 18:15,0.219945
2025-09-26 18:30,0.233632
2025-09-26 18:45,0.021804
2025-09-26 19:00,0.07355
2025-09-26 19:15,0.03663
2025-09-26 19:30,0.069553
2025-09-26 19:45,0.057895
2025-09-26 20:00,0.124343
2025-09-26 20:15,0.065412
2025-09-26 20:30,0.100075
2025-09-26 20:45,0.068497
2025-09-26 21:00,0.215244
2025-09-26 21:15,0.002899
2025-09-26 21:30,0.004017
2025-09-26 21:45,0.02961
2025-09-26 22:00,0.0
2025-09-26 22:15,0.002899
2025-09-26 22:30,0.002091
2025-09-26 22:45,0.012258
2025-09-26 23:00,0.0
2025-09-26 23:15,0.0
2025-09-26 23:30,0.0
2025-09-26 23:45,0.002899
2025-09-27 00:00,0.001615
2025-09-27 00:15,0.0
2025-09-27 00:30,0.007247
2025-09-27 00:45,0.04456
2025-09-27 01:00,0.0
2025-09-27 01:15,0.001946
2025-09-27 01:30,0.013583
2025-09-27 01:45,0.0
2025-09-27 02:00,0.0
2025-09-27 02:15,0.0
2025-09-27 02:30,0.035325
2025-09-27 02:45,0.0
2025-09-27 03:00,0.0
2025-09-27 03:15,0.002257
2025-09-27 03:30,0.0
2025-09-27 03:45,0.002899
2025-09-27 04:00,0.0
2025-09-27 04:15,0.0
2025-09-27 04:30,0.0
2025-09-27 04:45,0.0
2025-09-27 05:00,0.0
2025-09-27 05:15,0.002899
2025-09-27 05:30,0.0
2025-09-27 05:45,0.0
2025-09-27 06:00,0.0
2025-09-27 06:15,0.001946
2025-09-27 06:30,0.0
2025-09-27 06:45,0.001946
2025-09-27 07:00,0.019174
2025-09-27 07:15,0.0
2025-09-27 07:30,0.0
2025-09-27 07:45,0.0
2025-09-27 08:00,0.003396
2025-09-27 08:15,0.0
2025-09-27 08:30,0.0
2025-09-27 08:45,0.0
2025-09-27 09:00,0.006046
2025-09-27 09:15,0.002899
2025-09-27 09:30,0.006315
2025-09-27 09:45,0.0
2025-09-27 10:00,0.0
2025-09-27 10:15,0.001449
2025-09-27 10:30,0.0
2025-09-27 10:45,0.005467
2025-09-27 11:00,0.002899
2025-09-27 11:15,0.0
2025-09-27 11:30,0.0
2025-09-27 11:45,0.008531
2025-09-27 12:00,0.00265
2025-09-27 12:15,0.0
2025-09-27 12:30,0.0
2025-09-27 12:45,0.002899
2025-09-27 13:00,0.0
2025-09-27 13:15,0.0
2025-09-27 13:30,0.001449
2025-09-27 13:45,0.002402
2025-09-27 14:00,0.0
2025-09-27 14:15,0.0
2025-09-27 14:30,0.0
2025-09-27 14:45,0.029362
2025-09-27 15:00,0.0
2025-09-27 15:15,0.001449
2025-09-27 15:30,0.0
2025-09-27 15:45,0.031432
2025-09-27 16:00,0.0
2025-09-27 16:15,0.0
2025-09-27 16:30,0.0
2025-09-27 16:45,0.064314
2025-09-27 17:00,0.0
2025-09-27 17:15,0.0
2025-09-27 17:30,0.0
2025-09-27 17:45,0.009049
2025-09-27 18:00,0.001449
2025-09-27 18:15,0.006336
2025-09-27 18:30,0.0
2025-09-27 18:45,0.0
2025-09-27 19:00,0.031432
2025-09-27 19:15,0.064397
2025-09-27 19:30,0.0
2025-09-27 19:45,0.001946
2025-09-27 20:00,0.0
2025-09-27 20:15,0.0
2025-09-27 20:30,0.0
2025-09-27 20:45,0.037437
2025-09-27 21:00,0.0
2025-09-27 21:15,0.005963
2025-09-27 21:30,0.0
2025-09-27 21:45,0.0
2025-09-27 22:00,0.0
2025-09-27 22:15,0.004845
2025-09-27 22:30,0.0
2025-09-27 22:45,0.070216
2025-09-27 23:00,0.003065
2025-09-27 23:15,0.0
2025-09-27 23:30,0.001449
2025-09-27 23:45,0.0
2025-09-28 00:00,0.031432
2025-09-28 00:15,0.0
2025-09-28 00:30,0.014101
2025-09-28 00:45,0.016979
2025-09-28 01:00,0.0
2025-09-28 01:15,0.00323
2025-09-28 01:30,0.0
2025-09-28 01:45,0.001449
2025-09-28 02:00,0.0
2025-09-28 02:15,0.001615
2025-09-28 02:30,0.032882
2025-09-28 02:45,0.0
2025-09-28 03:00,0.0
2025-09-28 03:15,0.0
2025-09-28 03:30,0.0
2025-09-28 03:45,0.0
2025-09-28 04:00,0.066261
2025-09-28 04:15,0.011016
2025-09-28 04:30,0.0
2025-09-28 04:45,0.005963
2025-09-28 05:00,0.0
2025-09-28 05:15,0.0
2025-09-28 05:30,0.001449
2025-09-28 05:45,0.0
2025-09-28 06:00,0.0
2025-09-28 06:15,0.0
2025-09-28 06:30,0.0
2025-09-28 06:45,0.0
2025-09-28 07:00,0.0
2025-09-28 07:15,0.0
2025-09-28 07:30,0.001946
2025-09-28 07:45,0.007951
2025-09-28 08:00,0.0
2025-09-28 08:15,0.003002
2025-09-28 08:30,0.0
2025-09-28 08:45,0.0
2025-09-28 09:00,0.0
2025-09-28 09:15,0.0
2025-09-28 09:30,0.0
2025-09-28 09:45,0.001449
2025-09-28 10:00,0.0
2025-09-28 10:15,0.0
2025-09-28 10:30,0.0
2025-09-28 10:45,0.0
2025-09-28 11:00,0.002899
2025-09-28 11:15,0.0
2025-09-28 11:30,0.003893
2025-09-28 11:45,0.0
2025-09-28 12:00,0.0
2025-09-28 12:15,0.0
2025-09-28 12:30,0.0
2025-09-28 12:45,0.006792
2025-09-28 13:00,0.062865
2025-09-28 13:15,0.0
2025-09-28 13:30,0.0
2025-09-28 13:45,0.0
2025-09-28 14:00,0.0
2025-09-28 14:15,0.0
2025-09-28 14:30,0.0
2025-09-28 14:45,0.001201
2025-09-28 15:00,0.001449
2025-09-28 15:15,0.0
2025-09-28 15:30,0.057895
2025-09-28 15:45,0.09819
2025-09-28 16:00,0.00439
2025-09-28 16:15,0.0
2025-09-28 16:30,0.0
2025-09-28 16:45,0.0
2025-09-28 17:00,0.003002
2025-09-28 17:15,0.0
2025-09-28 17:30,0.001449
2025-09-28 17:45,0.0
2025-09-28 18:00,0.0
2025-09-28 18:15,0.0
2025-09-28 18:30,0.004804
2025-09-28 18:45,0.0
2025-09-28 19:00,0.0
2025-09-28 19:15,0.0
2025-09-28 19:30,0.0
2025-09-28 19:45,0.001449
2025-09-28 20:00,0.003106
2025-09-28 20:15,0.0
2025-09-28 20:30,0.0
2025-09-28 20:45,0.0
2025-09-28 21:00,0.001843
2025-09-28 21:15,0.008904
2025-09-28 21:30,0.0
2025-09-28 21:45,0.002899
2025-09-28 22:00,0.031225
2025-09-28 22:15,0.029776
2025-09-28 22:30,0.001325
2025-09-28 22:45,0.0
2025-09-28 23:00,0.013998
2025-09-28 23:15,0.004348
2025-09-28 23:30,0.002071
2025-09-28 23:45,0.001946
2025-09-29 00:00,0.001946
2025-09-29 00:15,0.0
2025-09-29 00:30,0.0
2025-09-29 00:45,0.0
2025-09-29 01:00,0.002216
2025-09-29 01:15,0.015385
2025-09-29 01:30,0.0
2025-09-29 01:45,0.0
2025-09-29 02:00,0.0
2025-09-29 02:15,0.0
2025-09-29 02:30,0.0
2025-09-29 02:45,0.001449
2025-09-29 03:00,0.0
2025-09-29 03:15,0.013583
2025-09-29 03:30,0.0
2025-09-29 03:45,0.0
2025-09-29 04:00,0.127676
2025-09-29 04:15,0.001449
2025-09-29 04:30,0.0
2025-09-29 04:45,0.006502
2025-09-29 05:00,0.004845
2025-09-29 05:15,0.08324
2025-09-29 05:30,0.001946
2025-09-29 05:45,0.0
2025-09-29 06:00,0.0
2025-09-29 06:15,0.0
2025-09-29 06:30,0.005011
2025-09-29 06:45,0.0
2025-09-29 07:00,0.003893
2025-09-29 07:15,0.0
2025-09-29 07:30,0.001946
2025-09-29 07:45,0.002091
2025-09-29 08:00,0.013583
2025-09-29 08:15,0.001449
2025-09-29 08:30,0.001449
2025-09-29 08:45,0.062865
2025-09-29 09:00,0.0
2025-09-29 09:15,0.0
2025-09-29 09:30,0.0
2025-09-29 09:45,0.001615
2025-09-29 10:00,0.0
2025-09-29 10:15,0.0
2025-09-29 10:30,0.003893
2025-09-29 10:45,0.002713
2025-09-29 11:00,0.057895
2025-09-29 11:15,0.003893
2025-09-29 11:30,0.059221
2025-09-29 11:45,0.002899
2025-09-29 12:00,0.028948
2025-09-29 12:15,0.006502
2025-09-29 12:30,0.081832
2025-09-29 12:45,0.01965
2025-09-29 13:00,0.103015
2025-09-29 13:15,0.103367
2025-09-29 13:30,0.299582
2025-09-29 13:45,0.267176
2025-09-29 14:00,0.15298
2025-09-29 14:15,0.088272
2025-09-29 14:30,0.209384
2025-09-29 14:45,0.101814
2025-09-29 15:00,0.186897
2025-09-29 15:15,0.248457
2025-09-29 15:30,0.047211
2025-09-29 15:45,0.250694
2025-09-29 16:00,0.107322
2025-09-29 16:15,0.214519
2025-09-29 16:30,0.68288
2025-09-29 16:45,0.228579
2025-09-29 17:00,0.148238
2025-09-29 17:15,0.135731
2025-09-29 17:30,0.154429
2025-09-29 17:45,0.333271
2025-09-29 18:00,0.216093
2025-09-29 18:15,0.397441
2025-09-29 18:30,0.200128
2025-09-29 18:45,0.245952
2025-09-29 19:00,0.219178
2025-09-29 19:15,0.200149
2025-09-29 19:30,0.140846
2025-09-29 19:45,0.056342
2025-09-29 20:00,0.452499
2025-09-29 20:15,0.062948
2025-09-29 20:30,0.025883
2025-09-29 20:45,0.059345
2025-09-29 21:00,0.00265
2025-09-29 21:15,0.045119
2025-09-29 21:30,1.0
2025-09-29 21:45,0.138858
2025-09-29 22:00,0.086843
2025-09-29 22:15,0.086843
2025-09-29 22:30,0.006585
2025-09-29 22:45,0.00265
2025-09-29 23:00,0.0
2025-09-29 23:15,0.0
2025-09-29 23:30,0.0
2025-09-29 23:45,0.0
2025-09-30 00:00,0.062865
2025-09-30 00:15,0.032882
2025-09-30 00:30,0.0
2025-09-30 00:45,0.00499
2025-09-30 01:00,0.0
2025-09-30 01:15,0.001988
2025-09-30 01:30,0.0
2025-09-30 01:45,0.0
2025-09-30 02:00,0.016192
2025-09-30 02:15,0.032882
2025-09-30 02:30,0.103988
2025-09-30 02:45,0.003893
2025-09-30 03:00,0.002899
2025-09-30 03:15,0.0
2025-09-30 03:30,0.0
2025-09-30 03:45,0.03253
2025-09-30 04:00,0.031432
2025-09-30 04:15,0.0
2025-09-30 04:30,0.0
2025-09-30 04:45,0.032882
2025-09-30 05:00,0.0
2025-09-30 05:15,0.0
2025-09-30 05:30,0.0
2025-09-30 05:45,0.0
2025-09-30 06:00,0.003396
2025-09-30 06:15,0.001946
2025-09-30 06:30,0.021245
2025-09-30 06:45,0.0
2025-09-30 07:00,0.0
2025-09-30 07:15,0.0
2025-09-30 07:30,0.002899
2025-09-30 07:45,0.001843
2025-09-30 08:00,0.0
2025-09-30 08:15,0.001449
2025-09-30 08:30,0.002899
2025-09-30 08:45,0.002899
2025-09-30 09:00,0.0
2025-09-30 09:15,0.0
2025-09-30 09:30,0.0
2025-09-30 09:45,0.031432
2025-09-30 10:00,0.0
2025-09-30 10:15,0.0
2025-09-30 10:30,0.0
2025-09-30 10:45,0.001449
2025-09-30 11:00,0.001449
2025-09-30 11:15,0.0
2025-09-30 11:30,0.0
2025-09-30 11:45,0.0
2025-09-30 12:00,0.0
2025-09-30 12:15,0.094297
2025-09-30 12:30,0.005839
2025-09-30 12:45,0.031722
2025-09-30 13:00,0.034373
2025-09-30 13:15,0.009484
2025-09-30 13:30,0.016234
2025-09-30 13:45,0.290802
2025-09-30 14:00,0.218536
2025-09-30 14:15,0.178428
2025-09-30 14:30,0.144821
2025-09-30 14:45,0.152524
2025-09-30 15:00,0.16414
2025-09-30 15:15,0.093552
2025-09-30 15:30,0.167764
2025-09-30 15:45,0.32503
2025-09-30 16:00,0.088293
2025-09-30 16:15,0.293577
2025-09-30 16:30,0.06038
2025-09-30 16:45,0.029569
2025-09-30 17:00,0.12428
2025-09-30 17:15,0.008717
2025-09-30 17:30,0.002402
2025-09-30 17:45,0.261834
2025-09-30 18:00,0.099598
2025-09-30 18:15,0.034663
2025-09-30 18:30,0.0
2025-09-30 18:45,0.057978
2025-09-30 19:00,0.086657
2025-09-30 19:15,0.227751
2025-09-30 19:30,0.0
2025-09-30 19:45,0.086843
2025-09-30 20:00,0.059221
2025-09-30 20:15,0.059345
2025-09-30 20:30,0.041144
2025-09-30 20:45,0.0
2025-09-30 21:00,0.055245
2025-09-30 21:15,0.028948
2025-09-30 21:30,0.0
2025-09-30 21:45,0.019236
2025-09-30 22:00,0.0258
2025-09-30 22:15,0.023771
2025-09-30 22:30,0.001946
2025-09-30 22:45,0.005135
2025-09-30 23:00,0.0
2025-09-30 23:15,0.002899
2025-09-30 23:30,0.0
2025-09-30 23:45,0.0
2025-10-01 00:00,0.0
2025-10-01 00:00,0.0
2025-10-01 00:15,0.030878
2025-10-01 00:30,0.009516
2025-10-01 00:45,0.0
2025-10-01 01:00,0.001586
2025-10-01 01:15,0.0
2025-10-01 01:30,0.0
2025-10-01 01:45,0.003172
2025-10-01 02:00,0.006047
2025-10-01 02:15,0.0
2025-10-01 02:30,0.012267
2025-10-01 02:45,0.077268
2025-10-01 03:00,0.003668
2025-10-01 03:15,0.12237
2025-10-01 03:30,0.007781
2025-10-01 03:45,0.075236
2025-10-01 04:00,0.0
2025-10-01 04:15,0.016257
2025-10-01 04:30,0.0
2025-10-01 04:45,0.0
2025-10-01 05:00,0.0
2025-10-01 05:15,0.0
2025-10-01 05:30,0.004659
2025-10-01 05:45,0.0
2025-10-01 06:00,0.061755
2025-10-01 06:15,0.0
2025-10-01 06:30,0.0
2025-10-01 06:45,0.0
2025-10-01 07:00,0.003593
2025-10-01 07:15,0.0
2025-10-01 07:30,0.020023
2025-10-01 07:45,0.0
2025-10-01 08:00,0.0
2025-10-01 08:15,0.0
2025-10-01 08:30,0.0
2025-10-01 08:45,0.0
2025-10-01 09:00,0.034644
2025-10-01 09:15,0.0
2025-10-01 09:30,0.058533
2025-10-01 09:45,0.0
2025-10-01 10:00,0.030729
2025-10-01 10:15,0.0
2025-10-01 10:30,0.0
2025-10-01 10:45,0.0
2025-10-01 11:00,0.013679
2025-10-01 11:15,0.092038
2025-10-01 11:30,0.040394
2025-10-01 11:45,0.002999
2025-10-01 12:00,0.064184
2025-10-01 12:15,0.085768
2025-10-01 12:30,0.415186
2025-10-01 12:45,0.120165
2025-10-01 13:00,0.300201
2025-10-01 13:15,0.152256
2025-10-01 13:30,0.421431
2025-10-01 13:45,0.205214
2025-10-01 14:00,0.524001
2025-10-01 14:15,0.845439
2025-10-01 14:30,0.284688
2025-10-01 14:45,0.169058
2025-10-01 15:00,0.247887
2025-10-01 15:15,0.616658
2025-10-01 15:30,0.170396
2025-10-01 15:45,0.432632
2025-10-01 16:00,0.325825
2025-10-01 16:15,0.557109
2025-10-01 16:30,0.20628
2025-10-01 16:45,0.485565
2025-10-01 17:00,0.36322
2025-10-01 17:15,0.267365
2025-10-01 17:30,0.355909
2025-10-01 17:45,0.207915
2025-10-01 18:00,0.025723
2025-10-01 18:15,0.366466
2025-10-01 18:30,0.432979
2025-10-01 18:45,0.121701
2025-10-01 19:00,0.335167
2025-10-01 19:15,0.231829
2025-10-01 19:30,0.443362
2025-10-01 19:45,0.19778
2025-10-01 20:00,0.483359
2025-10-01 20:15,0.232498
2025-10-01 20:30,0.043417
2025-10-01 20:45,0.141452
2025-10-01 21:00,0.037222
2025-10-01 21:15,0.04079
2025-10-01 21:30,0.125765
2025-10-01 21:45,0.11786
2025-10-01 22:00,0.200035
2025-10-01 22:15,0.149084
2025-10-01 22:30,0.288801
2025-10-01 22:45,0.039204
2025-10-01 23:00,0.076673
2025-10-01 23:15,0.191683
2025-10-01 23:30,0.079994
2025-10-01 23:45,0.006071
2025-10-02 00:00,0.001586
2025-10-02 00:15,0.049959
2025-10-02 00:30,0.0
2025-10-02 00:45,0.003172
2025-10-02 01:00,0.002999
2025-10-02 01:15,0.003593
2025-10-02 01:30,0.006096
2025-10-02 01:45,0.074022
2025-10-02 02:00,0.07474
2025-10-02 02:15,0.007781
2025-10-02 02:30,0.004064
2025-10-02 02:45,0.001735
2025-10-02 03:00,0.0
2025-10-02 03:15,0.034644
2025-10-02 03:30,0.0
2025-10-02 03:45,0.002329
2025-10-02 04:00,0.004659
2025-10-02 04:15,0.003469
2025-10-02 04:30,0.001735
2025-10-02 04:45,0.0
2025-10-02 05:00,0.011548
2025-10-02 05:15,0.0
2025-10-02 05:30,0.0
2025-10-02 05:45,0.0
2025-10-02 06:00,0.009268
2025-10-02 06:15,0.016579
2025-10-02 06:30,0.006047
2025-10-02 06:45,0.001735
2025-10-02 07:00,0.0
2025-10-02 07:15,0.0
2025-10-02 07:30,0.0
2025-10-02 07:45,0.001933
2025-10-02 08:00,0.0
2025-10-02 08:15,0.0
2025-10-02 08:30,0.0
2025-10-02 08:45,0.003593
2025-10-02 09:00,0.002329
2025-10-02 09:15,0.0
2025-10-02 09:30,0.004659
2025-10-02 09:45,0.0
2025-10-02 10:00,0.001586
2025-10-02 10:15,0.0
2025-10-02 10:30,0.001437
2025-10-02 10:45,0.0
2025-10-02 11:00,0.0
2025-10-02 11:15,0.002032
2025-10-02 11:30,0.003866
2025-10-02 11:45,0.004758
2025-10-02 12:00,0.069289
2025-10-02 12:15,0.095507
2025-10-02 12:30,0.070652
2025-10-02 12:45,0.314747
2025-10-02 13:00,0.405918
2025-10-02 13:15,0.721433
2025-10-02 13:30,0.373553
2025-10-02 13:45,0.192055
2025-10-02 14:00,0.2068
2025-10-02 14:15,0.229202
2025-10-02 14:30,0.364236
2025-10-02 14:45,0.287414
2025-10-02 15:00,0.513171
2025-10-02 15:15,0.391445
2025-10-02 15:30,0.454514
2025-10-02 15:45,0.654226
2025-10-02 16:00,0.348053
2025-10-02 16:15,0.36483
2025-10-02 16:30,0.358189
2025-10-02 16:45,0.385771
2025-10-02 17:00,0.297277
2025-10-02 17:15,0.285109
2025-10-02 17:30,0.335341
2025-10-02 17:45,0.142939
2025-10-02 18:00,0.633286
2025-10-02 18:15,0.360345
2025-10-02 18:30,0.388769
2025-10-02 18:45,0.279607
2025-10-02 19:00,0.304884
2025-10-02 19:15,0.153768
2025-10-02 19:30,0.418408
2025-10-02 19:45,0.418531
2025-10-02 20:00,0.242361
2025-10-02 20:15,0.321934
2025-10-02 20:30,0.10537
2025-10-02 20:45,0.442396
2025-10-02 21:00,0.196615
2025-10-02 21:15,0.110698
2025-10-02 21:30,0.070875
2025-10-02 21:45,0.037816
2025-10-02 22:00,0.036949
2025-10-02 22:15,0.0
2025-10-02 22:30,0.0
2025-10-02 22:45,0.034644
2025-10-02 23:00,0.001437
2025-10-02 23:15,0.009789
2025-10-02 23:30,0.003717
2025-10-02 23:45,0.010606
2025-10-03 00:00,0.197358
2025-10-03 00:15,0.003023
2025-10-03 00:30,0.004262
2025-10-03 00:45,0.003469
2025-10-03 01:00,0.005303
2025-10-03 01:15,0.048522
2025-10-03 01:30,0.003866
2025-10-03 01:45,0.001735
2025-10-03 02:00,0.0
2025-10-03 02:15,0.0
2025-10-03 02:30,0.001586
2025-10-03 02:45,0.0
2025-10-03 03:00,0.001586
2025-10-03 03:15,0.006641
2025-10-03 03:30,0.0
2025-10-03 03:45,0.0
2025-10-03 04:00,0.075434
2025-10-03 04:15,0.003593
2025-10-03 04:30,0.001437
2025-10-03 04:45,0.003023
2025-10-03 05:00,0.0
2025-10-03 05:15,0.009268
2025-10-03 05:30,0.0
2025-10-03 05:45,0.0
2025-10-03 06:00,0.0
2025-10-03 06:15,0.0
2025-10-03 06:30,0.0
2025-10-03 06:45,0.0
2025-10-03 07:00,0.0
2025-10-03 07:15,0.0
2025-10-03 07:30,0.038114
2025-10-03 07:45,0.003915
2025-10-03 08:00,0.003915
2025-10-03 08:15,0.006592
2025-10-03 08:30,0.0
2025-10-03 08:45,0.001933
2025-10-03 09:00,0.0
2025-10-03 09:15,0.003593
2025-10-03 09:30,0.002503
2025-10-03 09:45,0.0
2025-10-03 10:00,0.002875
2025-10-03 10:15,0.018636
2025-10-03 10:30,0.004659
2025-10-03 10:45,0.004386
2025-10-03 11:00,0.0
2025-10-03 11:15,0.0
2025-10-03 11:30,0.007955
2025-10-03 11:45,0.053899
2025-10-03 12:00,0.016703
2025-10-03 12:15,0.059822
2025-10-03 12:30,0.10029
2025-10-03 12:45,0.231953
2025-10-03 13:00,0.320174
2025-10-03 13:15,0.145516
2025-10-03 13:30,0.197631
2025-10-03 13:45,0.423537
2025-10-03 14:00,0.122221
2025-10-03 14:15,0.214284
2025-10-03 14:30,0.4674
2025-10-03 14:45,0.383739
2025-10-03 15:00,0.434986
2025-10-03 15:15,0.445543
2025-10-03 15:30,0.245806
2025-10-03 15:45,0.498749
2025-10-03 16:00,0.151265
2025-10-03 16:15,0.15632
2025-10-03 16:30,0.290189
2025-10-03 16:45,0.775407
2025-10-03 17:00,0.248804
2025-10-03 17:15,0.49513
2025-10-03 17:30,0.049885
2025-10-03 17:45,0.351201
2025-10-03 18:00,0.530964
2025-10-03 18:15,0.638416
2025-10-03 18:30,0.533913
2025-10-03 18:45,0.284316
2025-10-03 19:00,0.301142
2025-10-03 19:15,0.059698
2025-10-03 19:30,0.287934
2025-10-03 19:45,0.078507
2025-10-03 20:00,0.095705
2025-10-03 20:15,0.27931
2025-10-03 20:30,0.045201
2025-10-03 20:45,0.275072
2025-10-03 21:00,0.149778
2025-10-03 21:15,0.008376
2025-10-03 21:30,0.0
2025-10-03 21:45,0.046564
2025-10-03 22:00,0.0
2025-10-03 22:15,0.003469
2025-10-03 22:30,0.014324
2025-10-03 22:45,0.0
2025-10-03 23:00,0.006344
2025-10-03 23:15,0.004659
2025-10-03 23:30,0.004659
2025-10-03 23:45,0.0
2025-10-04 00:00,0.037618
2025-10-04 00:15,0.075236
2025-10-04 00:30,0.043863
2025-10-04 00:45,0.003469
2025-10-04 01:00,0.0
2025-10-04 01:15,0.075236
2025-10-04 01:30,0.0
2025-10-04 01:45,0.001933
2025-10-04 02:00,0.011449
2025-10-04 02:15,0.019999
2025-10-04 02:30,0.004262
2025-10-04 02:45,0.068694
2025-10-04 03:00,0.0
2025-10-04 03:15,0.0
2025-10-04 03:30,0.0
2025-10-04 03:45,0.0
2025-10-04 04:00,0.035586
2025-10-04 04:15,0.004832
2025-10-04 04:30,0.009095
2025-10-04 04:45,0.006468
2025-10-04 05:00,0.0
2025-10-04 05:15,0.005997
2025-10-04 05:30,0.003469
2025-10-04 05:45,0.002329
2025-10-04 06:00,0.004808
2025-10-04 06:15,0.069289
2025-10-04 06:30,0.004659
2025-10-04 06:45,0.0
2025-10-04 07:00,0.008822
2025-10-04 07:15,0.002999
2025-10-04 07:30,0.0
2025-10-04 07:45,0.061755
2025-10-04 08:00,0.005402
2025-10-04 08:15,0.003469
2025-10-04 08:30,0.021882
2025-10-04 08:45,0.0
2025-10-04 09:00,0.009268
2025-10-04 09:15,0.007781
2025-10-04 09:30,0.0
2025-10-04 09:45,0.0
2025-10-04 10:00,0.001735
2025-10-04 10:15,0.0
2025-10-04 10:30,0.003742
2025-10-04 10:45,0.0
2025-10-04 11:00,0.006195
2025-10-04 11:15,0.004659
2025-10-04 11:30,0.007732
2025-10-04 11:45,0.0
2025-10-04 12:00,0.0
2025-10-04 12:15,0.002305
2025-10-04 12:30,0.0
2025-10-04 12:45,0.002329
2025-10-04 13:00,0.0
2025-10-04 13:15,0.004659
2025-10-04 13:30,0.003866
2025-10-04 13:45,0.00513
2025-10-04 14:00,0.0
2025-10-04 14:15,0.035636
2025-10-04 14:30,0.0
2025-10-04 14:45,0.001735
2025-10-04 15:00,0.008128
2025-10-04 15:15,0.010433
2025-10-04 15:30,0.0
2025-10-04 15:45,0.152207
2025-10-04 16:00,0.074443
2025-10-04 16:15,0.004138
2025-10-04 16:30,0.0
2025-10-04 16:45,0.011647
2025-10-04 17:00,0.005303
2025-10-04 17:15,0.0
2025-10-04 17:30,0.0
2025-10-04 17:45,0.0
2025-10-04 18:00,0.001834
2025-10-04 18:15,0.0
2025-10-04 18:30,0.0
2025-10-04 18:45,0.0
2025-10-04 19:00,0.075236
2025-10-04 19:15,0.075236
2025-10-04 19:30,0.003469
2025-10-04 19:45,0.007187
2025-10-04 20:00,0.0
2025-10-04 20:15,0.0
2025-10-04 20:30,0.0
2025-10-04 20:45,0.002329
2025-10-04 21:00,0.0
2025-10-04 21:15,0.037618
2025-10-04 21:30,0.009318
2025-10-04 21:45,0.0
2025-10-04 22:00,0.0
2025-10-04 22:15,0.075186
2025-10-04 22:30,0.0
2025-10-04 22:45,0.0
2025-10-04 23:00,0.0
2025-10-04 23:15,0.005204
2025-10-04 23:30,0.003172
2025-10-04 23:45,0.0
2025-10-05 00:00,0.075236
2025-10-05 00:15,0.002329
2025-10-05 00:30,0.056799
2025-10-05 00:45,0.004411
2025-10-05 01:00,0.008128
2025-10-05 01:15,0.069289
2025-10-05 01:30,0.001735
2025-10-05 01:45,0.001735
2025-10-05 02:00,0.0
2025-10-05 02:15,0.056873
2025-10-05 02:30,0.002329
2025-10-05 02:45,0.003469
2025-10-05 03:00,0.0
2025-10-05 03:15,0.005204
2025-10-05 03:30,0.0
2025-10-05 03:45,0.0
2025-10-05 04:00,0.0
2025-10-05 04:15,0.004758
2025-10-05 04:30,0.0
2025-10-05 04:45,0.0
2025-10-05 05:00,0.003593
2025-10-05 05:15,0.001586
2025-10-05 05:30,0.0
2025-10-05 05:45,0.0
2025-10-05 06:00,0.008847
2025-10-05 06:15,0.0
2025-10-05 06:30,0.006394
2025-10-05 06:45,0.004362
2025-10-05 07:00,0.034644
2025-10-05 07:15,0.0
2025-10-05 07:30,0.0
2025-10-05 07:45,0.027359
2025-10-05 08:00,0.0
2025-10-05 08:15,0.0
2025-10-05 08:30,0.004659
2025-10-05 08:45,0.0
2025-10-05 09:00,0.001735
2025-10-05 09:15,0.0
2025-10-05 09:30,0.002751
2025-10-05 09:45,0.0
2025-10-05 10:00,0.0
2025-10-05 10:15,0.001735
2025-10-05 10:30,0.0
2025-10-05 10:45,0.006394
2025-10-05 11:00,0.001437
2025-10-05 11:15,0.039353
2025-10-05 11:30,0.0
2025-10-05 11:45,0.002329
2025-10-05 12:00,0.003593
2025-10-05 12:15,0.001437
2025-10-05 12:30,0.0
2025-10-05 12:45,0.035636
2025-10-05 13:00,0.0
2025-10-05 13:15,0.0
2025-10-05 13:30,0.008822
2025-10-05 13:45,0.0
2025-10-05 14:00,0.031671
2025-10-05 14:15,0.0
2025-10-05 14:30,0.002329
2025-10-05 14:45,0.0
2025-10-05 15:00,0.006394
2025-10-05 15:15,0.002329
2025-10-05 15:30,0.0
2025-10-05 15:45,0.039947
2025-10-05 16:00,0.0
2025-10-05 16:15,0.092335
2025-10-05 16:30,0.002875
2025-10-05 16:45,0.001735
2025-10-05 17:00,0.034644
2025-10-05 17:15,0.0
2025-10-05 17:30,0.0
2025-10-05 17:45,0.0
2025-10-05 18:00,0.0
2025-10-05 18:15,0.0
2025-10-05 18:30,0.002875
2025-10-05 18:45,0.0
2025-10-05 19:00,0.0
2025-10-05 19:15,0.039947
2025-10-05 19:30,0.001735
2025-10-05 19:45,0.003469
2025-10-05 20:00,0.016851
2025-10-05 20:15,0.02944
2025-10-05 20:30,0.0
2025-10-05 20:45,0.0
2025-10-05 21:00,0.003469
2025-10-05 21:15,0.034644
2025-10-05 21:30,0.003271
2025-10-05 21:45,0.0
2025-10-05 22:00,0.0
2025-10-05 22:15,0.0
2025-10-05 22:30,0.001586
2025-10-05 22:45,0.084628
2025-10-05 23:00,0.003023
2025-10-05 23:15,0.008376
2025-10-05 23:30,0.0
2025-10-05 23:45,0.0
2025-10-06 00:00,0.10195
2025-10-06 00:15,0.0
2025-10-06 00:30,0.0
2025-10-06 00:45,0.001735
2025-10-06 01:00,0.0
2025-10-06 01:15,0.0
2025-10-06 01:30,0.008673
2025-10-06 01:45,0.029143
2025-10-06 02:00,0.0
2025-10-06 02:15,0.005006
2025-10-06 02:30,0.004659
2025-10-06 02:45,0.004808
2025-10-06 03:00,0.0
2025-10-06 03:15,0.0
2025-10-06 03:30,0.0
2025-10-06 03:45,0.0
2025-10-06 04:00,0.039353
2025-10-06 04:15,0.002329
2025-10-06 04:30,0.004064
2025-10-06 04:45,0.0
2025-10-06 05:00,0.0
2025-10-06 05:15,0.003866
2025-10-06 05:30,0.0
2025-10-06 05:45,0.0
2025-10-06 06:00,0.008128
2025-10-06 06:15,0.0
2025-10-06 06:30,0.0
2025-10-06 06:45,0.0
2025-10-06 07:00,0.003668
2025-10-06 07:15,0.0
2025-10-06 07:30,0.019676
2025-10-06 07:45,0.002032
2025-10-06 08:00,0.0
2025-10-06 08:15,0.0
2025-10-06 08:30,0.003469
2025-10-06 08:45,0.0
2025-10-06 09:00,0.002329
2025-10-06 09:15,0.001735
2025-10-06 09:30,0.0
2025-10-06 09:45,0.001735
2025-10-06 10:00,0.0
2025-10-06 10:15,0.0
2025-10-06 10:30,0.034644
2025-10-06 10:45,0.026962
2025-10-06 11:00,0.003569
2025-10-06 11:15,0.005898
2025-10-06 11:30,0.184472
2025-10-06 11:45,0.037519
2025-10-06 12:00,0.211038
2025-10-06 12:15,0.137586
2025-10-06 12:30,0.179218
2025-10-06 12:45,0.627983
2025-10-06 13:00,0.220157
2025-10-06 13:15,0.24085
2025-10-06 13:30,0.23173
2025-10-06 13:45,0.733626
2025-10-06 14:00,0.520829
2025-10-06 14:15,0.304141
2025-10-06 14:30,0.148713
2025-10-06 14:45,0.42091
2025-10-06 15:00,0.157361
2025-10-06 15:15,0.248854
2025-10-06 15:30,0.369613
2025-10-06 15:45,0.251208
2025-10-06 16:00,0.098555
2025-10-06 16:15,0.335911
2025-10-06 16:30,0.294328
2025-10-06 16:45,0.332169
2025-10-06 17:00,0.416326
2025-10-06 17:15,0.225212
2025-10-06 17:30,0.29066
2025-10-06 17:45,0.223775
2025-10-06 18:00,0.203355
2025-10-06 18:15,0.388422
2025-10-06 18:30,0.086264
2025-10-06 18:45,0.171883
2025-10-06 19:00,0.256288
2025-10-06 19:15,0.32974
2025-10-06 19:30,0.324486
2025-10-06 19:45,0.262236
2025-10-06 20:00,0.139643
2025-10-06 20:15,0.159542
2025-10-06 20:30,0.313384
2025-10-06 20:45,0.242683
2025-10-06 21:00,0.146507
2025-10-06 21:15,0.173221
2025-10-06 21:30,0.029539
2025-10-06 21:45,0.131291
2025-10-06 22:00,0.042723
2025-10-06 22:15,0.002305
2025-10-06 22:30,0.088568
2025-10-06 22:45,0.142691
2025-10-06 23:00,0.0
2025-10-06 23:15,0.010086
2025-10-06 23:30,0.0
2025-10-06 23:45,0.02892
2025-10-07 00:00,0.00793
2025-10-07 00:15,0.0
2025-10-07 00:30,0.005774
2025-10-07 00:45,0.005402
2025-10-07 01:00,0.050009
2025-10-07 01:15,0.005997
2025-10-07 01:30,0.0
2025-10-07 01:45,0.0
2025-10-07 02:00,0.025029
2025-10-07 02:15,0.0
2025-10-07 02:30,0.036131
2025-10-07 02:45,0.0
2025-10-07 03:00,0.0
2025-10-07 03:15,0.002032
2025-10-07 03:30,0.0
2025-10-07 03:45,0.006988
2025-10-07 04:00,0.004733
2025-10-07 04:15,0.0
2025-10-07 04:30,0.0
2025-10-07 04:45,0.042921
2025-10-07 05:00,0.0
2025-10-07 05:15,0.001437
2025-10-07 05:30,0.0
2025-10-07 05:45,0.02488
2025-10-07 06:00,0.0
2025-10-07 06:15,0.003172
2025-10-07 06:30,0.0
2025-10-07 06:45,0.0
2025-10-07 07:00,0.0
2025-10-07 07:15,0.004064
2025-10-07 07:30,0.0
2025-10-07 07:45,0.0
2025-10-07 08:00,0.0
2025-10-07 08:15,0.0
2025-10-07 08:30,0.002875
2025-10-07 08:45,0.0
2025-10-07 09:00,0.005972
2025-10-07 09:15,0.028399
2025-10-07 09:30,0.004659
2025-10-07 09:45,0.029143
2025-10-07 10:00,0.010656
2025-10-07 10:15,0.003965
2025-10-07 10:30,0.081084
2025-10-07 10:45,0.104007
2025-10-07 11:00,0.013431
2025-10-07 11:15,0.114737
2025-10-07 11:30,0.173097
2025-10-07 11:45,0.083265
2025-10-07 12:00,0.078433
2025-10-07 12:15,0.259584
2025-10-07 12:30,0.157237
2025-10-07 12:45,0.272198
2025-10-07 13:00,0.243427
2025-10-07 13:15,0.673754
2025-10-07 13:30,0.50539
2025-10-07 13:45,1.0
2025-10-07 14:00,0.552276
2025-10-07 14:15,0.598642
2025-10-07 14:30,0.601764
2025-10-07 14:45,0.527074
2025-10-07 15:00,0.531881
2025-10-07 15:15,0.32124
2025-10-07 15:30,0.599113
2025-10-07 15:45,0.547716
2025-10-07 16:00,0.334424
2025-10-07 16:15,0.168414
2025-10-07 16:30,0.422298
2025-10-07 16:45,0.353728
2025-10-07 17:00,0.591901
2025-10-07 17:15,0.315664
2025-10-07 17:30,0.445617
2025-10-07 17:45,0.452631
2025-10-07 18:00,0.477412
2025-10-07 18:15,0.602334
2025-10-07 18:30,0.739325
2025-10-07 18:45,0.236513
2025-10-07 19:00,0.288405
2025-10-07 19:15,0.209204
2025-10-07 19:30,0.645082
2025-10-07 19:45,0.365846
2025-10-07 20:00,0.608505
2025-10-07 20:15,0.432186
2025-10-07 20:30,0.438629
2025-10-07 20:45,0.184323
2025-10-07 21:00,0.107278
2025-10-07 21:15,0.08044
2025-10-07 21:30,0.039303
2025-10-07 21:45,0.017991
2025-10-07 22:00,0.039055
2025-10-07 22:15,0.138577
2025-10-07 22:30,0.003172
2025-10-07 22:45,0.030109
2025-10-07 23:00,0.004064
2025-10-07 23:15,0.003915
2025-10-07 23:30,0.041087
2025-10-07 23:45,0.03623
2025-10-08 00:00,0.079647
2025-10-08 00:00,0.04653
2025-10-08 00:15,0.001853
2025-10-08 00:30,0.004054
2025-10-08 00:45,0.0
2025-10-08 01:00,0.080957
2025-10-08 01:15,0.000955
2025-10-08 01:30,0.000927
2025-10-08 01:45,0.015114
2025-10-08 02:00,0.005168
2025-10-08 02:15,0.002027
2025-10-08 02:30,0.020239
2025-10-08 02:45,0.032053
2025-10-08 03:00,0.042563
2025-10-08 03:15,0.002027
2025-10-08 03:30,0.001853
2025-10-08 03:45,0.001679
2025-10-08 04:00,0.001853
2025-10-08 04:15,0.020239
2025-10-08 04:30,0.024032
2025-10-08 04:45,0.0
2025-10-08 05:00,0.0
2025-10-08 05:15,0.007166
2025-10-08 05:30,0.040478
2025-10-08 05:45,0.003156
2025-10-08 06:00,0.008513
2025-10-08 06:15,0.005197
2025-10-08 06:30,0.0
2025-10-08 06:45,0.090352
2025-10-08 07:00,0.002027
2025-10-08 07:15,0.0
2025-10-08 07:30,0.0
2025-10-08 07:45,0.001013
2025-10-08 08:00,0.00304
2025-10-08 08:15,0.00139
2025-10-08 08:30,0.0
2025-10-08 08:45,0.040478
2025-10-08 09:00,0.0
2025-10-08 09:15,0.0
2025-10-08 09:30,0.0
2025-10-08 09:45,0.0
2025-10-08 10:00,0.040478
2025-10-08 10:15,0.020239
2025-10-08 10:30,0.006225
2025-10-08 10:45,0.069722
2025-10-08 11:00,0.005386
2025-10-08 11:15,0.002693
2025-10-08 11:30,0.095521
2025-10-08 11:45,0.202392
2025-10-08 12:00,0.068361
2025-10-08 12:15,0.152749
2025-10-08 12:30,0.106466
2025-10-08 12:45,0.09652
2025-10-08 13:00,0.277167
2025-10-08 13:15,0.330776
2025-10-08 13:30,0.102122
2025-10-08 13:45,0.0
2025-10-08 14:00,0.334221
2025-10-08 14:15,0.47714
2025-10-08 14:30,0.332252
2025-10-08 14:45,0.422981
2025-10-08 15:00,0.17972
2025-10-08 15:15,0.180198
2025-10-08 15:30,0.150795
2025-10-08 15:45,0.293671
2025-10-08 16:00,0.158323
2025-10-08 16:15,0.25781
2025-10-08 16:30,0.19288
2025-10-08 16:45,0.147465
2025-10-08 17:00,0.175478
2025-10-08 17:15,0.273098
2025-10-08 17:30,0.094507
2025-10-08 17:45,0.0972
2025-10-08 18:00,0.370675
2025-10-08 18:15,0.17141
2025-10-08 18:30,0.062571
2025-10-08 18:45,0.16116
2025-10-08 19:00,0.119712
2025-10-08 19:15,0.180473
2025-10-08 19:30,0.103715
2025-10-08 19:45,0.284029
2025-10-08 20:00,0.194342
2025-10-08 20:15,0.495527
2025-10-08 20:30,0.165648
2025-10-08 20:45,0.168544
2025-10-08 21:00,0.153849
2025-10-08 21:15,0.08446
2025-10-08 21:30,0.003706
2025-10-08 21:45,0.0
2025-10-08 22:00,0.020239
2025-10-08 22:15,0.0
2025-10-08 22:30,0.002201
2025-10-08 22:45,0.010062
2025-10-08 23:00,0.004372
2025-10-08 23:15,0.002722
2025-10-08 23:30,0.0
2025-10-08 23:45,0.0
2025-10-09 00:00,0.0
2025-10-09 00:15,0.001013
2025-10-09 00:30,0.002027
2025-10-09 00:45,0.039262
2025-10-09 01:00,0.00084
2025-10-09 01:15,0.011451
2025-10-09 01:30,0.0
2025-10-09 01:45,0.00996
2025-10-09 02:00,0.00278
2025-10-09 02:15,0.003475
2025-10-09 02:30,0.0
2025-10-09 02:45,0.00084
2025-10-09 03:00,0.0
2025-10-09 03:15,0.059241
2025-10-09 03:30,0.009497
2025-10-09 03:45,0.0
2025-10-09 04:00,0.0
2025-10-09 04:15,0.0
2025-10-09 04:30,0.0
2025-10-09 04:45,0.0
2025-10-09 05:00,0.0
2025-10-09 05:15,0.004054
2025-10-09 05:30,0.02383
2025-10-09 05:45,0.001766
2025-10-09 06:00,0.004806
2025-10-09 06:15,0.003547
2025-10-09 06:30,0.008657
2025-10-09 06:45,0.0
2025-10-09 07:00,0.0
2025-10-09 07:15,0.0
2025-10-09 07:30,0.001361
2025-10-09 07:45,0.002027
2025-10-09 08:00,0.005921
2025-10-09 08:15,0.0
2025-10-09 08:30,0.001361
2025-10-09 08:45,0.001013
2025-10-09 09:00,0.0
2025-10-09 09:15,0.057359
2025-10-09 09:30,0.0
2025-10-09 09:45,0.0
2025-10-09 10:00,0.001361
2025-10-09 10:15,0.0
2025-10-09 10:30,0.0551
2025-10-09 10:45,0.0
2025-10-09 11:00,0.001361
2025-10-09 11:15,0.0
2025-10-09 11:30,0.021976
2025-10-09 11:45,0.040478
2025-10-09 12:00,0.031589
2025-10-09 12:15,0.072473
2025-10-09 12:30,0.071923
2025-10-09 12:45,0.065075
2025-10-09 13:00,0.194458
2025-10-09 13:15,0.125474
2025-10-09 13:30,0.254828
2025-10-09 13:45,0.140241
2025-10-09 14:00,0.303819
2025-10-09 14:15,0.343154
2025-10-09 14:30,0.252686
2025-10-09 14:45,0.203448
2025-10-09 15:00,0.194646
2025-10-09 15:15,0.224817
2025-10-09 15:30,0.174885
2025-10-09 15:45,0.409271
2025-10-09 16:00,0.407983
2025-10-09 16:15,0.050279
2025-10-09 16:30,0.250253
2025-10-09 16:45,0.324869
2025-10-09 17:00,0.171917
2025-10-09 17:15,0.218403
2025-10-09 17:30,0.19815
2025-10-09 17:45,0.165952
2025-10-09 18:00,0.038162
2025-10-09 18:15,0.248979
2025-10-09 18:30,0.181602
2025-10-09 18:45,0.074847
2025-10-09 19:00,0.050699
2025-10-09 19:15,0.796595
2025-10-09 19:30,1.0
2025-10-09 19:45,0.19178
2025-10-09 20:00,0.184599
2025-10-09 20:15,0.127211
2025-10-09 20:30,0.029519
2025-10-09 20:45,0.021368
2025-10-09 21:00,0.099531
2025-10-09 21:15,0.089556
2025-10-09 21:30,0.021166
2025-10-09 21:45,0.005197
2025-10-09 22:00,0.029186
2025-10-09 22:15,0.00304
2025-10-09 22:30,0.021976
2025-10-09 22:45,0.0
2025-10-09 23:00,0.082636
2025-10-09 23:15,0.002722
2025-10-09 23:30,0.021976
2025-10-09 23:45,0.0
2025-10-10 00:00,0.089643
2025-10-10 00:15,0.024322
2025-10-10 00:30,0.003909
2025-10-10 00:45,0.000927
2025-10-10 01:00,0.000927
2025-10-10 01:15,0.025972
2025-10-10 01:30,0.040478
2025-10-10 01:45,0.003417
2025-10-10 02:00,0.0
2025-10-10 02:15,0.040073
2025-10-10 02:30,0.0
2025-10-10 02:45,0.013695
2025-10-10 03:00,0.0
2025-10-10 03:15,0.0
2025-10-10 03:30,0.0
2025-10-10 03:45,0.010945
2025-10-10 04:00,0.024351
2025-10-10 04:15,0.0
2025-10-10 04:30,0.021108
2025-10-10 04:45,0.023279
2025-10-10 05:00,0.001013
2025-10-10 05:15,0.0
2025-10-10 05:30,0.021976
2025-10-10 05:45,0.0
2025-10-10 06:00,0.0
2025-10-10 06:15,0.0
2025-10-10 06:30,0.0
2025-10-10 06:45,0.001013
2025-10-10 07:00,0.007166
2025-10-10 07:15,0.001679
2025-10-10 07:30,0.002027
2025-10-10 07:45,0.001679
2025-10-10 08:00,0.004633
2025-10-10 08:15,0.0
2025-10-10 08:30,0.001013
2025-10-10 08:45,0.103049
2025-10-10 09:00,0.0
2025-10-10 09:15,0.0
2025-10-10 09:30,0.021976
2025-10-10 09:45,0.0
2025-10-10 10:00,0.003026
2025-10-10 10:15,0.0
2025-10-10 10:30,0.004083
2025-10-10 10:45,0.00084
2025-10-10 11:00,0.03366
2025-10-10 11:15,0.02742
2025-10-10 11:30,0.104178
2025-10-10 11:45,0.001013
2025-10-10 12:00,0.032357
2025-10-10 12:15,0.003532
2025-10-10 12:30,0.012711
2025-10-10 12:45,0.164693
2025-10-10 13:00,0.213047
2025-10-10 13:15,0.396039
2025-10-10 13:30,0.367215
2025-10-10 13:45,0.470133
2025-10-10 14:00,0.49586
2025-10-10 14:15,0.221892
2025-10-10 14:30,0.196007
2025-10-10 14:45,0.175421
2025-10-10 15:00,0.343487
2025-10-10 15:15,0.131149
2025-10-10 15:30,0.292686
2025-10-10 15:45,0.313562
2025-10-10 16:00,0.279237
2025-10-10 16:15,0.196847
2025-10-10 16:30,0.293164
2025-10-10 16:45,0.057865
2025-10-10 17:00,0.168225
2025-10-10 17:15,0.21448
2025-10-10 17:30,0.300431
2025-10-10 17:45,0.15398
2025-10-10 18:00,0.287764
2025-10-10 18:15,0.418015
2025-10-10 18:30,0.145496
2025-10-10 18:45,0.078886
2025-10-10 19:00,0.042505
2025-10-10 19:15,0.147856
2025-10-10 19:30,0.291065
2025-10-10 19:45,0.027449
2025-10-10 20:00,0.109622
2025-10-10 20:15,0.120465
2025-10-10 20:30,0.087746
2025-10-10 20:45,0.02299
2025-10-10 21:00,0.020239
2025-10-10 21:15,0.023743
2025-10-10 21:30,0.010293
2025-10-10 21:45,0.0
2025-10-10 22:00,0.024003
2025-10-10 22:15,0.002287
2025-10-10 22:30,0.002027
2025-10-10 22:45,0.045806
2025-10-10 23:00,0.024047
2025-10-10 23:15,0.0
2025-10-10 23:30,0.001346
2025-10-10 23:45,0.001361
2025-10-11 00:00,0.044966
2025-10-11 00:15,0.0
2025-10-11 00:30,0.004546
2025-10-11 00:45,0.005443
2025-10-11 01:00,0.0
2025-10-11 01:15,0.0
2025-10-11 01:30,0.020239
2025-10-11 01:45,0.001766
2025-10-11 02:00,0.023685
2025-10-11 02:15,0.040478
2025-10-11 02:30,0.019675
2025-10-11 02:45,0.0
2025-10-11 03:00,0.006906
2025-10-11 03:15,0.002186
2025-10-11 03:30,0.0
2025-10-11 03:45,0.001129
2025-10-11 04:00,0.001361
2025-10-11 04:15,0.0
2025-10-11 04:30,0.001013
2025-10-11 04:45,0.041057
2025-10-11 05:00,0.0
2025-10-11 05:15,0.0
2025-10-11 05:30,0.001752
2025-10-11 05:45,0.002027
2025-10-11 06:00,0.0
2025-10-11 06:15,0.01759
2025-10-11 06:30,0.009888
2025-10-11 06:45,0.0
2025-10-11 07:00,0.0
2025-10-11 07:15,0.002765
2025-10-11 07:30,0.0
2025-10-11 07:45,0.0
2025-10-11 08:00,0.003214
2025-10-11 08:15,0.002027
2025-10-11 08:30,0.005197
2025-10-11 08:45,0.0
2025-10-11 09:00,0.001013
2025-10-11 09:15,0.0
2025-10-11 09:30,0.03405
2025-10-11 09:45,0.0
2025-10-11 10:00,0.0
2025-10-11 10:15,0.0
2025-10-11 10:30,0.0
2025-10-11 10:45,0.0
2025-10-11 11:00,0.0
2025-10-11 11:15,0.0
2025-10-11 11:30,0.021976
2025-10-11 11:45,0.0
2025-10-11 12:00,0.0
2025-10-11 12:15,0.0
2025-10-11 12:30,0.000927
2025-10-11 12:45,0.0
2025-10-11 13:00,0.002027
2025-10-11 13:15,0.0
2025-10-11 13:30,0.001013
2025-10-11 13:45,0.003417
2025-10-11 14:00,0.0
2025-10-11 14:15,0.005559
2025-10-11 14:30,0.001361
2025-10-11 14:45,0.003055
2025-10-11 15:00,0.001013
2025-10-11 15:15,0.001361
2025-10-11 15:30,0.0
2025-10-11 15:45,0.134783
2025-10-11 16:00,0.003156
2025-10-11 16:15,0.0
2025-10-11 16:30,0.0
2025-10-11 16:45,0.0
2025-10-11 17:00,0.005443
2025-10-11 17:15,0.021976
2025-10-11 17:30,0.002143
2025-10-11 17:45,0.0
2025-10-11 18:00,0.019704
2025-10-11 18:15,0.0
2025-10-11 18:30,0.0
2025-10-11 18:45,0.001129
2025-10-11 19:00,0.0
2025-10-11 19:15,0.00747
2025-10-11 19:30,0.002722
2025-10-11 19:45,0.001752
2025-10-11 20:00,0.0
2025-10-11 20:15,0.0
2025-10-11 20:30,0.001361
2025-10-11 20:45,0.0
2025-10-11 21:00,0.002722
2025-10-11 21:15,0.0
2025-10-11 21:30,0.0
2025-10-11 21:45,0.0
2025-10-11 22:00,0.001013
2025-10-11 22:15,0.0
2025-10-11 22:30,0.0
2025-10-11 22:45,0.0
2025-10-11 23:00,0.0
2025-10-11 23:15,0.001129
2025-10-11 23:30,0.0
2025-10-11 23:45,0.001361
2025-10-12 00:00,0.02299
2025-10-12 00:15,0.007268
2025-10-12 00:30,0.009092
2025-10-12 00:45,0.0
2025-10-12 01:00,0.001013
2025-10-12 01:15,0.0
2025-10-12 01:30,0.0
2025-10-12 01:45,0.012349
2025-10-12 02:00,0.0
2025-10-12 02:15,0.0
2025-10-12 02:30,0.0
2025-10-12 02:45,0.001013
2025-10-12 03:00,0.00084
2025-10-12 03:15,0.021976
2025-10-12 03:30,0.0
2025-10-12 03:45,0.0
2025-10-12 04:00,0.00304
2025-10-12 04:15,0.001013
2025-10-12 04:30,0.0
2025-10-12 04:45,0.0
2025-10-12 05:00,0.0
2025-10-12 05:15,0.002722
2025-10-12 05:30,0.0
2025-10-12 05:45,0.001361
2025-10-12 06:00,0.002027
2025-10-12 06:15,0.0
2025-10-12 06:30,0.013695
2025-10-12 06:45,0.0
2025-10-12 07:00,0.0
2025-10-12 07:15,0.0
2025-10-12 07:30,0.0
2025-10-12 07:45,0.0
2025-10-12 08:00,0.0
2025-10-12 08:15,0.0
2025-10-12 08:30,0.003735
2025-10-12 08:45,0.0
2025-10-12 09:00,0.043953
2025-10-12 09:15,0.004054
2025-10-12 09:30,0.0
2025-10-12 09:45,0.0
2025-10-12 10:00,0.0
2025-10-12 10:15,0.0
2025-10-12 10:30,0.001013
2025-10-12 10:45,0.0
2025-10-12 11:00,0.0
2025-10-12 11:15,0.0
2025-10-12 11:30,0.001013
2025-10-12 11:45,0.002722
2025-10-12 12:00,0.0
2025-10-12 12:15,0.0
2025-10-12 12:30,0.0
2025-10-12 12:45,0.002027
2025-10-12 13:00,0.0
2025-10-12 13:15,0.001679
2025-10-12 13:30,0.0
2025-10-12 13:45,0.0
2025-10-12 14:00,0.002374
2025-10-12 14:15,0.001911
2025-10-12 14:30,0.0
2025-10-12 14:45,0.001013
2025-10-12 15:00,0.002461
2025-10-12 15:15,0.003923
2025-10-12 15:30,0.0
2025-10-12 15:45,0.221791
2025-10-12 16:00,0.001361
2025-10-12 16:15,0.0
2025-10-12 16:30,0.002722
2025-10-12 16:45,0.001361
2025-10-12 17:00,0.0
2025-10-12 17:15,0.0
2025-10-12 17:30,0.025943
2025-10-12 17:45,0.0
2025-10-12 18:00,0.0
2025-10-12 18:15,0.008238
2025-10-12 18:30,0.0
2025-10-12 18:45,0.0
2025-10-12 19:00,0.0
2025-10-12 19:15,0.0
2025-10-12 19:30,0.002027
2025-10-12 19:45,0.001013
2025-10-12 20:00,0.001462
2025-10-12 20:15,0.019399
2025-10-12 20:30,0.0
2025-10-12 20:45,0.0
2025-10-12 21:00,0.0
2025-10-12 21:15,0.0
2025-10-12 21:30,0.0
2025-10-12 21:45,0.0
2025-10-12 22:00,0.0
2025-10-12 22:15,0.003503
2025-10-12 22:30,0.0
2025-10-12 22:45,0.002765
2025-10-12 23:00,0.0
2025-10-12 23:15,0.001129
2025-10-12 23:30,0.002027
2025-10-12 23:45,0.0
2025-10-13 00:00,0.043953
2025-10-13 00:15,0.003272
2025-10-13 00:30,0.0
2025-10-13 00:45,0.002027
2025-10-13 01:00,0.002722
2025-10-13 01:15,0.0
2025-10-13 01:30,0.0
2025-10-13 01:45,0.002027
2025-10-13 02:00,0.004054
2025-10-13 02:15,0.015693
2025-10-13 02:30,0.020818
2025-10-13 02:45,0.021976
2025-10-13 03:00,0.002027
2025-10-13 03:15,0.0
2025-10-13 03:30,0.0
2025-10-13 03:45,0.002027
2025-10-13 04:00,0.030214
2025-10-13 04:15,0.0
2025-10-13 04:30,0.0
2025-10-13 04:45,0.002722
2025-10-13 05:00,0.001361
2025-10-13 05:15,0.001679
2025-10-13 05:30,0.0
2025-10-13 05:45,0.001013
2025-10-13 06:00,0.0
2025-10-13 06:15,0.0
2025-10-13 06:30,0.0
2025-10-13 06:45,0.004546
2025-10-13 07:00,0.025697
2025-10-13 07:15,0.0
2025-10-13 07:30,0.0
2025-10-13 07:45,0.0
2025-10-13 08:00,0.0
2025-10-13 08:15,0.001129
2025-10-13 08:30,0.000927
2025-10-13 08:45,0.0
2025-10-13 09:00,0.0
2025-10-13 09:15,0.0
2025-10-13 09:30,0.0
2025-10-13 09:45,0.0
2025-10-13 10:00,0.0
2025-10-13 10:15,0.0
2025-10-13 10:30,0.020818
2025-10-13 10:45,0.020818
2025-10-13 11:00,0.005805
2025-10-13 11:15,0.001129
2025-10-13 11:30,0.002895
2025-10-13 11:45,0.0
2025-10-13 12:00,0.001245
2025-10-13 12:15,0.0
2025-10-13 12:30,0.004864
2025-10-13 12:45,0.001013
2025-10-13 13:00,0.0
2025-10-13 13:15,0.00498
2025-10-13 13:30,0.0
2025-10-13 13:45,0.043953
2025-10-13 14:00,0.0
2025-10-13 14:15,0.0
2025-10-13 14:30,0.021976
2025-10-13 14:45,0.0
2025-10-13 15:00,0.0
2025-10-13 15:15,0.001013
2025-10-13 15:30,0.0
2025-10-13 15:45,0.002374
2025-10-13 16:00,0.004546
2025-10-13 16:15,0.0
2025-10-13 16:30,0.043953
2025-10-13 16:45,0.001013
2025-10-13 17:00,0.00084
2025-10-13 17:15,0.024611
2025-10-13 17:30,0.0
2025-10-13 17:45,0.0
2025-10-13 18:00,0.0
2025-10-13 18:15,0.002027
2025-10-13 18:30,0.009497
2025-10-13 18:45,0.002027
2025-10-13 19:00,0.002027
2025-10-13 19:15,0.04611
2025-10-13 19:30,0.0
2025-10-13 19:45,0.003199
2025-10-13 20:00,0.001361
2025-10-13 20:15,0.0
2025-10-13 20:30,0.001462
2025-10-13 20:45,0.001361
2025-10-13 21:00,0.0
2025-10-13 21:15,0.001361
2025-10-13 21:30,0.0
2025-10-13 21:45,0.0
2025-10-13 22:00,0.048151
2025-10-13 22:15,0.0
2025-10-13 22:30,0.02076
2025-10-13 22:45,0.0
2025-10-13 23:00,0.010206
2025-10-13 23:15,0.009092
2025-10-13 23:30,0.0
2025-10-13 23:45,0.012132
2025-10-14 00:00,0.0
2025-10-14 00:15,0.0
2025-10-14 00:30,0.002027
2025-10-14 00:45,0.001361
2025-10-14 01:00,0.009294
2025-10-14 01:15,0.002027
2025-10-14 01:30,0.0
2025-10-14 01:45,0.011437
2025-10-14 02:00,0.004054
2025-10-14 02:15,0.0
2025-10-14 02:30,0.002056
2025-10-14 02:45,0.0
2025-10-14 03:00,0.005878
2025-10-14 03:15,0.0
2025-10-14 03:30,0.0
2025-10-14 03:45,0.0
2025-10-14 04:00,0.0
2025-10-14 04:15,0.0
2025-10-14 04:30,0.003359
2025-10-14 04:45,0.083056
2025-10-14 05:00,0.0
2025-10-14 05:15,0.0
2025-10-14 05:30,0.021976
2025-10-14 05:45,0.0
2025-10-14 06:00,0.0
2025-10-14 06:15,0.0
2025-10-14 06:30,0.0
2025-10-14 06:45,0.001013
2025-10-14 07:00,0.0
2025-10-14 07:15,0.005443
2025-10-14 07:30,0.0
2025-10-14 07:45,0.0
2025-10-14 08:00,0.0
2025-10-14 08:15,0.005386
2025-10-14 08:30,0.007007
2025-10-14 08:45,0.060399
2025-10-14 09:00,0.005443
2025-10-14 09:15,0.0
2025-10-14 09:30,0.001013
2025-10-14 09:45,0.020818
2025-10-14 10:00,0.0
2025-10-14 10:15,0.004083
2025-10-14 10:30,0.0
2025-10-14 10:45,0.044793
2025-10-14 11:00,0.026045
2025-10-14 11:15,0.033804
2025-10-14 11:30,0.000927
2025-10-14 11:45,0.014188
2025-10-14 12:00,0.003938
2025-10-14 12:15,0.051206
2025-10-14 12:30,0.103411
2025-10-14 12:45,0.20368
2025-10-14 13:00,0.142514
2025-10-14 13:15,0.168095
2025-10-14 13:30,0.284709
2025-10-14 13:45,0.169253
2025-10-14 14:00,0.200481
2025-10-14 14:15,0.25396
2025-10-14 14:30,0.118424
2025-10-14 14:45,0.130903
2025-10-14 15:00,0.286041
2025-10-14 15:15,0.380852
2025-10-14 15:30,0.482381
2025-10-14 15:45,0.386556
2025-10-14 16:00,0.115355
2025-10-14 16:15,0.373512
2025-10-14 16:30,0.034485
2025-10-14 16:45,0.474954
2025-10-14 17:00,0.053016
2025-10-14 17:15,0.125547
2025-10-14 17:30,0.14289
2025-10-14 17:45,0.128341
2025-10-14 18:00,0.172453
2025-10-14 18:15,0.286924
2025-10-14 18:30,0.355054
2025-10-14 18:45,0.086632
2025-10-14 19:00,0.567811
2025-10-14 19:15,0.117772
2025-10-14 19:30,0.211831
2025-10-14 19:45,0.226047
2025-10-14 20:00,0.140632
2025-10-14 20:15,0.243797
2025-10-14 20:30,0.178924
2025-10-14 20:45,0.028969
2025-10-14 21:00,0.015114
2025-10-14 21:15,0.101196
2025-10-14 21:30,0.123172
2025-10-14 21:45,0.0
2025-10-14 22:00,0.0
2025-10-14 22:15,0.0
2025-10-14 22:30,0.0
2025-10-14 22:45,0.0
2025-10-14 23:00,0.001013
2025-10-14 23:15,0.003706
2025-10-14 23:30,0.00084
2025-10-14 23:45,0.001013
2025-10-15 00:00,0.008715
2025-10-15 00:00,0.002685
2025-10-15 00:15,0.021538
2025-10-15 00:30,0.000384
2025-10-15 00:45,0.006771
2025-10-15 01:00,0.0
2025-10-15 01:15,0.006235
2025-10-15 01:30,0.001677
2025-10-15 01:45,0.0
2025-10-15 02:00,0.0
2025-10-15 02:15,0.005878
2025-10-15 02:30,0.00719
2025-10-15 02:45,0.0
2025-10-15 03:00,0.0
2025-10-15 03:15,0.0
2025-10-15 03:30,0.027082
2025-10-15 03:45,0.033853
2025-10-15 04:00,0.027082
2025-10-15 04:15,0.0
2025-10-15 04:30,0.000312
2025-10-15 04:45,0.000312
2025-10-15 05:00,0.000312
2025-10-15 05:15,0.0
2025-10-15 05:30,0.007083
2025-10-15 05:45,0.0
2025-10-15 06:00,0.0
2025-10-15 06:15,0.0
2025-10-15 06:30,0.0
2025-10-15 06:45,0.0
2025-10-15 07:00,0.0
2025-10-15 07:15,0.0
2025-10-15 07:30,0.0
2025-10-15 07:45,0.000285
2025-10-15 08:00,0.0
2025-10-15 08:15,0.000714
2025-10-15 08:30,0.0
2025-10-15 08:45,0.0
2025-10-15 09:00,0.0
2025-10-15 09:15,0.0
2025-10-15 09:30,0.0
2025-10-15 09:45,0.0
2025-10-15 10:00,0.0
2025-10-15 10:15,0.0
2025-10-15 10:30,0.001628
2025-10-15 10:45,0.0
2025-10-15 11:00,0.001699
2025-10-15 11:15,0.019562
2025-10-15 11:30,0.001508
2025-10-15 11:45,0.006771
2025-10-15 12:00,0.011605
2025-10-15 12:15,0.020695
2025-10-15 12:30,0.018068
2025-10-15 12:45,0.122672
2025-10-15 13:00,0.116709
2025-10-15 13:15,0.139518
2025-10-15 13:30,1.0
2025-10-15 13:45,0.127891
2025-10-15 14:00,0.087147
2025-10-15 14:15,0.084016
2025-10-15 14:30,0.080399
2025-10-15 14:45,0.206238
2025-10-15 15:00,0.02747
2025-10-15 15:15,0.111767
2025-10-15 15:30,0.109461
2025-10-15 15:45,0.097379
2025-10-15 16:00,0.245844
2025-10-15 16:15,0.16037
2025-10-15 16:30,0.137404
2025-10-15 16:45,0.096728
2025-10-15 17:00,0.107106
2025-10-15 17:15,0.062857
2025-10-15 17:30,0.141129
2025-10-15 17:45,0.118078
2025-10-15 18:00,0.115451
2025-10-15 18:15,0.071523
2025-10-15 18:30,0.119077
2025-10-15 18:45,0.047153
2025-10-15 19:00,0.110501
2025-10-15 19:15,0.076875
2025-10-15 19:30,0.102147
2025-10-15 19:45,0.052996
2025-10-15 20:00,0.028777
2025-10-15 20:15,0.021525
2025-10-15 20:30,0.013657
2025-10-15 20:45,0.033014
2025-10-15 21:00,0.099966
2025-10-15 21:15,0.006806
2025-10-15 21:30,0.0
2025-10-15 21:45,0.002841
2025-10-15 22:00,0.034562
2025-10-15 22:15,0.013719
2025-10-15 22:30,0.002217
2025-10-15 22:45,0.0
2025-10-15 23:00,0.007547
2025-10-15 23:15,0.002351
2025-10-15 23:30,0.0
2025-10-15 23:45,0.006771
2025-10-16 00:00,0.006771
2025-10-16 00:15,0.003011
2025-10-16 00:30,0.005852
2025-10-16 00:45,0.0
2025-10-16 01:00,0.0
2025-10-16 01:15,0.001392
2025-10-16 01:30,0.000312
2025-10-16 01:45,0.0
2025-10-16 02:00,0.007894
2025-10-16 02:15,0.053522
2025-10-16 02:30,0.0
2025-10-16 02:45,0.0
2025-10-16 03:00,0.0
2025-10-16 03:15,0.006235
2025-10-16 03:30,0.000259
2025-10-16 03:45,0.000696
2025-10-16 04:00,0.000285
2025-10-16 04:15,0.000433
2025-10-16 04:30,0.0
2025-10-16 04:45,0.0
2025-10-16 05:00,0.0
2025-10-16 05:15,0.003916
2025-10-16 05:30,0.0
2025-10-16 05:45,0.000767
2025-10-16 06:00,0.0
2025-10-16 06:15,0.000312
2025-10-16 06:30,0.0
2025-10-16 06:45,0.0
2025-10-16 07:00,0.0
2025-10-16 07:15,0.0
2025-10-16 07:30,0.0
2025-10-16 07:45,0.000384
2025-10-16 08:00,0.0
2025-10-16 08:15,0.000259
2025-10-16 08:30,0.0
2025-10-16 08:45,0.0
2025-10-16 09:00,0.000937
2025-10-16 09:15,0.005852
2025-10-16 09:30,0.000312
2025-10-16 09:45,0.000705
2025-10-16 10:00,0.0
2025-10-16 10:15,0.0
2025-10-16 10:30,0.0
2025-10-16 10:45,0.000312
2025-10-16 11:00,0.005352
2025-10-16 11:15,0.01661
2025-10-16 11:30,0.003225
2025-10-16 11:45,0.013764
2025-10-16 12:00,0.039637
2025-10-16 12:15,0.059699
2025-10-16 12:30,0.018706
2025-10-16 12:45,0.064659
2025-10-16 13:00,0.132605
2025-10-16 13:15,0.053625
2025-10-16 13:30,0.05552
2025-10-16 13:45,0.10005
2025-10-16 14:00,0.16132
2025-10-16 14:15,0.042777
2025-10-16 14:30,0.078691
2025-10-16 14:45,0.097941
2025-10-16 15:00,0.080109
2025-10-16 15:15,0.162033
2025-10-16 15:30,0.106683
2025-10-16 15:45,0.130228
2025-10-16 16:00,0.04486
2025-10-16 16:15,0.06192
2025-10-16 16:30,0.038951
2025-10-16 16:45,0.064744
2025-10-16 17:00,0.076233
2025-10-16 17:15,0.063276
2025-10-16 17:30,0.076907
2025-10-16 17:45,0.128604
2025-10-16 18:00,0.108716
2025-10-16 18:15,0.161021
2025-10-16 18:30,0.081692
2025-10-16 18:45,0.034183
2025-10-16 19:00,0.03784
2025-10-16 19:15,0.163915
2025-10-16 19:30,0.04152
2025-10-16 19:45,0.197755
2025-10-16 20:00,0.099613
2025-10-16 20:15,0.038103
2025-10-16 20:30,0.015646
2025-10-16 20:45,0.047322
2025-10-16 21:00,0.008412
2025-10-16 21:15,0.049624
2025-10-16 21:30,0.000285
2025-10-16 21:45,0.00091
2025-10-16 22:00,0.0
2025-10-16 22:15,0.001115
2025-10-16 22:30,0.0
2025-10-16 22:45,0.0
2025-10-16 23:00,0.000259
2025-10-16 23:15,0.027082
2025-10-16 23:30,0.0
2025-10-16 23:45,0.008314
2025-10-17 00:00,0.0
2025-10-17 00:15,0.000633
2025-10-17 00:30,0.003996
2025-10-17 00:45,0.007239
2025-10-17 01:00,0.00054
2025-10-17 01:15,0.006378
2025-10-17 01:30,0.0
2025-10-17 01:45,0.001392
2025-10-17 02:00,0.0
2025-10-17 02:15,0.0
2025-10-17 02:30,0.000285
2025-10-17 02:45,0.005299
2025-10-17 03:00,0.001249
2025-10-17 03:15,0.0
2025-10-17 03:30,0.00719
2025-10-17 03:45,0.000312
2025-10-17 04:00,0.0
2025-10-17 04:15,0.000571
2025-10-17 04:30,0.0
2025-10-17 04:45,0.007083
2025-10-17 05:00,0.0
2025-10-17 05:15,0.000705
2025-10-17 05:30,0.0
2025-10-17 05:45,0.0
2025-10-17 06:00,0.002096
2025-10-17 06:15,0.000285
2025-10-17 06:30,0.00149
2025-10-17 06:45,0.0
2025-10-17 07:00,0.0
2025-10-17 07:15,0.0
2025-10-17 07:30,0.0
2025-10-17 07:45,0.001601
2025-10-17 08:00,0.0
2025-10-17 08:15,0.0
2025-10-17 08:30,0.0
2025-10-17 08:45,0.0
2025-10-17 09:00,0.001392
2025-10-17 09:15,0.001677
2025-10-17 09:30,0.0014
2025-10-17 09:45,0.0014
2025-10-17 10:00,0.000714
2025-10-17 10:15,0.000624
2025-10-17 10:30,0.0
2025-10-17 10:45,0.00153
2025-10-17 11:00,0.001508
2025-10-17 11:15,0.012698
2025-10-17 11:30,0.0
2025-10-17 11:45,0.025227
2025-10-17 12:00,0.055061
2025-10-17 12:15,0.007065
2025-10-17 12:30,0.05056
2025-10-17 12:45,0.066782
2025-10-17 13:00,0.096175
2025-10-17 13:15,0.105657
2025-10-17 13:30,0.145941
2025-10-17 13:45,0.2189
2025-10-17 14:00,0.106451
2025-10-17 14:15,0.139527
2025-10-17 14:30,0.06829
2025-10-17 14:45,0.069891
2025-10-17 15:00,0.014892
2025-10-17 15:15,0.040793
2025-10-17 15:30,0.176524
2025-10-17 15:45,0.0744
2025-10-17 16:00,0.056421
2025-10-17 16:15,0.037644
2025-10-17 16:30,0.057273
2025-10-17 16:45,0.042804
2025-10-17 17:00,0.118738
2025-10-17 17:15,0.006494
2025-10-17 17:30,0.053335
2025-10-17 17:45,0.046354
2025-10-17 18:00,0.04057
2025-10-17 18:15,0.005571
2025-10-17 18:30,0.154772
2025-10-17 18:45,0.013122
2025-10-17 19:00,0.045329
2025-10-17 19:15,0.073218
2025-10-17 19:30,0.076643
2025-10-17 19:45,0.043041
2025-10-17 20:00,0.102512
2025-10-17 20:15,0.07089
2025-10-17 20:30,0.018706
2025-10-17 20:45,0.000259
2025-10-17 21:00,0.007894
2025-10-17 21:15,0.020133
2025-10-17 21:30,0.027225
2025-10-17 21:45,0.031177
2025-10-17 22:00,0.001802
2025-10-17 22:15,0.292373
2025-10-17 22:30,0.000285
2025-10-17 22:45,0.0
2025-10-17 23:00,0.0
2025-10-17 23:15,0.0
2025-10-17 23:30,0.0
2025-10-17 23:45,0.0
2025-10-18 00:00,0.0
2025-10-18 00:15,0.006378
2025-10-18 00:30,0.0
2025-10-18 00:45,0.0
2025-10-18 01:00,0.02669
2025-10-18 01:15,0.0
2025-10-18 01:30,0.0
2025-10-18 01:45,0.0
2025-10-18 02:00,0.000312
2025-10-18 02:15,0.0
2025-10-18 02:30,0.000259
2025-10-18 02:45,0.0
2025-10-18 03:00,0.001561
2025-10-18 03:15,0.023416
2025-10-18 03:30,0.006414
2025-10-18 03:45,0.000419
2025-10-18 04:00,0.0
2025-10-18 04:15,0.0
2025-10-18 04:30,0.0
2025-10-18 04:45,0.0
2025-10-18 05:00,0.001271
2025-10-18 05:15,0.0
2025-10-18 05:30,0.0
2025-10-18 05:45,0.000312
2025-10-18 06:00,0.005852
2025-10-18 06:15,0.0
2025-10-18 06:30,0.001249
2025-10-18 06:45,0.0
2025-10-18 07:00,0.0
2025-10-18 07:15,0.00157
2025-10-18 07:30,0.0
2025-10-18 07:45,0.0
2025-10-18 08:00,0.002721
2025-10-18 08:15,0.0
2025-10-18 08:30,0.000419
2025-10-18 08:45,0.0
2025-10-18 09:00,0.000312
2025-10-18 09:15,0.0
2025-10-18 09:30,0.0
2025-10-18 09:45,0.00194
2025-10-18 10:00,0.0
2025-10-18 10:15,0.0
2025-10-18 10:30,0.00054
2025-10-18 10:45,0.0
2025-10-18 11:00,0.000419
2025-10-18 11:15,0.0
2025-10-18 11:30,0.0
2025-10-18 11:45,0.000312
2025-10-18 12:00,0.000285
2025-10-18 12:15,0.0014
2025-10-18 12:30,0.006771
2025-10-18 12:45,0.0
2025-10-18 13:00,0.000312
2025-10-18 13:15,0.00632
2025-10-18 13:30,0.0
2025-10-18 13:45,0.0
2025-10-18 14:00,0.027533
2025-10-18 14:15,0.005245
2025-10-18 14:30,0.001945
2025-10-18 14:45,0.0
2025-10-18 15:00,0.0
2025-10-18 15:15,0.000312
2025-10-18 15:30,0.000419
2025-10-18 15:45,0.054476
2025-10-18 16:00,0.0
2025-10-18 16:15,0.0
2025-10-18 16:30,0.001597
2025-10-18 16:45,0.000419
2025-10-18 17:00,0.000312
2025-10-18 17:15,0.0
2025-10-18 17:30,0.0
2025-10-18 17:45,0.0
2025-10-18 18:00,0.0
2025-10-18 18:15,0.001249
2025-10-18 18:30,0.000419
2025-10-18 18:45,0.0
2025-10-18 19:00,0.006414
2025-10-18 19:15,0.002498
2025-10-18 19:30,0.0
2025-10-18 19:45,0.0
2025-10-18 20:00,0.0
2025-10-18 20:15,0.0
2025-10-18 20:30,0.0
2025-10-18 20:45,0.000419
2025-10-18 21:00,0.0
2025-10-18 21:15,0.002065
2025-10-18 21:30,0.000285
2025-10-18 21:45,0.000459
2025-10-18 22:00,0.002065
2025-10-18 22:15,0.000731
2025-10-18 22:30,0.006463
2025-10-18 22:45,0.006846
2025-10-18 23:00,0.0
2025-10-18 23:15,0.0
2025-10-18 23:30,0.0
2025-10-18 23:45,0.001646
2025-10-19 00:00,0.00066
2025-10-19 00:15,0.012596
2025-10-19 00:30,0.0
2025-10-19 00:45,0.0
2025-10-19 01:00,0.000312
2025-10-19 01:15,0.000419
2025-10-19 01:30,0.0
2025-10-19 01:45,0.0
2025-10-19 02:00,0.0
2025-10-19 02:15,0.0
2025-10-19 02:30,0.000419
2025-10-19 02:45,0.0
2025-10-19 03:00,0.0
2025-10-19 03:15,0.0
2025-10-19 03:30,0.000366
2025-10-19 03:45,0.000419
2025-10-19 04:00,0.020312
2025-10-19 04:15,0.0
2025-10-19 04:30,0.0
2025-10-19 04:45,0.000259
2025-10-19 05:00,0.000312
2025-10-19 05:15,0.0
2025-10-19 05:30,0.0
2025-10-19 05:45,0.0
2025-10-19 06:00,0.001249
2025-10-19 06:15,0.0
2025-10-19 06:30,0.0
2025-10-19 06:45,0.0
2025-10-19 07:00,0.0
2025-10-19 07:15,0.0
2025-10-19 07:30,0.001989
2025-10-19 07:45,0.0
2025-10-19 08:00,0.0
2025-10-19 08:15,0.0
2025-10-19 08:30,0.000731
2025-10-19 08:45,0.0
2025-10-19 09:00,0.000959
2025-10-19 09:15,0.0
2025-10-19 09:30,0.006771
2025-10-19 09:45,0.0
2025-10-19 10:00,0.0
2025-10-19 10:15,0.0
2025-10-19 10:30,0.0
2025-10-19 10:45,0.001668
2025-10-19 11:00,0.0
2025-10-19 11:15,0.000312
2025-10-19 11:30,0.0
2025-10-19 11:45,0.001735
2025-10-19 12:00,0.000419
2025-10-19 12:15,0.025655
2025-10-19 12:30,0.0
2025-10-19 12:45,0.000348
2025-10-19 13:00,0.0
2025-10-19 13:15,0.0
2025-10-19 13:30,0.0
2025-10-19 13:45,0.0
2025-10-19 14:00,0.0
2025-10-19 14:15,0.007029
2025-10-19 14:30,0.001989
2025-10-19 14:45,0.0
2025-10-19 15:00,0.006771
2025-10-19 15:15,0.005111
2025-10-19 15:30,0.000419
2025-10-19 15:45,0.027082
2025-10-19 16:00,0.00083
2025-10-19 16:15,0.006503
2025-10-19 16:30,0.0
2025-10-19 16:45,0.000446
2025-10-19 17:00,0.00231
2025-10-19 17:15,0.000839
2025-10-19 17:30,0.0
2025-10-19 17:45,0.0
2025-10-19 18:00,0.006771
2025-10-19 18:15,0.0
2025-10-19 18:30,0.0
2025-10-19 18:45,0.001392
2025-10-19 19:00,0.002266
2025-10-19 19:15,0.000285
2025-10-19 19:30,0.0
2025-10-19 19:45,0.000312
2025-10-19 20:00,0.0
2025-10-19 20:15,0.0
2025-10-19 20:30,0.007029
2025-10-19 20:45,0.0
2025-10-19 21:00,0.000312
2025-10-19 21:15,0.020445
2025-10-19 21:30,0.014148
2025-10-19 21:45,0.006463
2025-10-19 22:00,0.042398
2025-10-19 22:15,0.0
2025-10-19 22:30,0.000348
2025-10-19 22:45,0.002533
2025-10-19 23:00,0.001677
2025-10-19 23:15,0.0
2025-10-19 23:30,0.000647
2025-10-19 23:45,0.0
2025-10-20 00:00,0.0
2025-10-20 00:15,0.0
2025-10-20 00:30,0.0
2025-10-20 00:45,0.0
2025-10-20 01:00,0.000419
2025-10-20 01:15,0.0
2025-10-20 01:30,0.000312
2025-10-20 01:45,0.0
2025-10-20 02:00,0.0
2025-10-20 02:15,0.0
2025-10-20 02:30,0.0
2025-10-20 02:45,0.001962
2025-10-20 03:00,0.000348
2025-10-20 03:15,0.0
2025-10-20 03:30,0.000424
2025-10-20 03:45,0.0
2025-10-20 04:00,0.000312
2025-10-20 04:15,0.025851
2025-10-20 04:30,0.0
2025-10-20 04:45,0.0
2025-10-20 05:00,0.0
2025-10-20 05:15,0.0
2025-10-20 05:30,0.0
2025-10-20 05:45,0.0
2025-10-20 06:00,0.0
2025-10-20 06:15,0.0
2025-10-20 06:30,0.000446
2025-10-20 06:45,0.0
2025-10-20 07:00,0.000348
2025-10-20 07:15,0.029071
2025-10-20 07:30,0.008448
2025-10-20 07:45,0.000419
2025-10-20 08:00,0.001677
2025-10-20 08:15,0.0
2025-10-20 08:30,0.0
2025-10-20 08:45,0.0
2025-10-20 09:00,0.0
2025-10-20 09:15,0.0
2025-10-20 09:30,0.0
2025-10-20 09:45,0.0
2025-10-20 10:00,0.0
2025-10-20 10:15,0.0
2025-10-20 10:30,0.0
2025-10-20 10:45,0.004086
2025-10-20 11:00,0.034771
2025-10-20 11:15,0.014826
2025-10-20 11:30,0.002623
2025-10-20 11:45,0.024357
2025-10-20 12:00,0.014197
2025-10-20 12:15,0.019536
2025-10-20 12:30,0.034
2025-10-20 12:45,0.08398
2025-10-20 13:00,0.090657
2025-10-20 13:15,0.100867
2025-10-20 13:30,0.102013
2025-10-20 13:45,0.093333
2025-10-20 14:00,0.170619
2025-10-20 14:15,0.026823
2025-10-20 14:30,0.04718
2025-10-20 14:45,0.093503
2025-10-20 15:00,0.072719
2025-10-20 15:15,0.04404
2025-10-20 15:30,0.053272
2025-10-20 15:45,0.079476
2025-10-20 16:00,0.100786
2025-10-20 16:15,0.073851
2025-10-20 16:30,0.121896
2025-10-20 16:45,0.116281
2025-10-20 17:00,0.062366
2025-10-20 17:15,0.054276
2025-10-20 17:30,0.154487
2025-10-20 17:45,0.067527
2025-10-20 18:00,0.069851
2025-10-20 18:15,0.041604
2025-10-20 18:30,0.074922
2025-10-20 18:45,0.067273
2025-10-20 19:00,0.066688
2025-10-20 19:15,0.101371
2025-10-20 19:30,0.193384
2025-10-20 19:45,0.082803
2025-10-20 20:00,0.123109
2025-10-20 20:15,0.015682
2025-10-20 20:30,0.054316
2025-10-20 20:45,0.064846
2025-10-20 21:00,0.132369
2025-10-20 21:15,0.025873
2025-10-20 21:30,0.056564
2025-10-20 21:45,0.0
2025-10-20 22:00,0.001588
2025-10-20 22:15,0.0
2025-10-20 22:30,0.0
2025-10-20 22:45,0.000285
2025-10-20 23:00,0.0014
2025-10-20 23:15,0.0014
2025-10-20 23:30,0.0
2025-10-20 23:45,0.000647
2025-10-21 00:00,0.000437
2025-10-21 00:15,0.006414
2025-10-21 00:30,0.0
2025-10-21 00:45,0.00826
2025-10-21 01:00,0.000419
2025-10-21 01:15,0.0
2025-10-21 01:30,0.006895
2025-10-21 01:45,0.006771
2025-10-21 02:00,0.028215
2025-10-21 02:15,0.008501
2025-10-21 02:30,0.000348
2025-10-21 02:45,0.000419
2025-10-21 03:00,0.00145
2025-10-21 03:15,0.0
2025-10-21 03:30,0.0
2025-10-21 03:45,0.000767
2025-10-21 04:00,0.006325
2025-10-21 04:15,0.0
2025-10-21 04:30,0.000312
2025-10-21 04:45,0.001463
2025-10-21 05:00,0.006771
2025-10-21 05:15,0.0
2025-10-21 05:30,0.0
2025-10-21 05:45,0.0
2025-10-21 06:00,0.0
2025-10-21 06:15,0.001249
2025-10-21 06:30,0.0
2025-10-21 06:45,0.0
2025-10-21 07:00,0.0
2025-10-21 07:15,0.0
2025-10-21 07:30,0.0
2025-10-21 07:45,0.000312
2025-10-21 08:00,0.0
2025-10-21 08:15,0.0
2025-10-21 08:30,0.000419
2025-10-21 08:45,0.02656
2025-10-21 09:00,0.001218
2025-10-21 09:15,0.0
2025-10-21 09:30,0.0
2025-10-21 09:45,0.001463
2025-10-21 10:00,0.000285
2025-10-21 10:15,0.0
2025-10-21 10:30,0.0
2025-10-21 10:45,0.001887
2025-10-21 11:00,0.000705
2025-10-21 11:15,0.00132
2025-10-21 11:30,0.006311
2025-10-21 11:45,0.001334
2025-10-21 12:00,0.008488
2025-10-21 12:15,0.005424
2025-10-21 12:30,0.050172
2025-10-21 12:45,0.098565
2025-10-21 13:00,0.026837
2025-10-21 13:15,0.056269
2025-10-21 13:30,0.022158
2025-10-21 13:45,0.016132
2025-10-21 14:00,0.10976
2025-10-21 14:15,0.121134
2025-10-21 14:30,0.235318
2025-10-21 14:45,0.164901
2025-10-21 15:00,0.089056
2025-10-21 15:15,0.165749
2025-10-21 15:30,0.123877
2025-10-21 15:45,0.065306
2025-10-21 16:00,0.076452
2025-10-21 16:15,0.045917
2025-10-21 16:30,0.032439
2025-10-21 16:45,0.086407
2025-10-21 17:00,0.072299
2025-10-21 17:15,0.083909
2025-10-21 17:30,0.109948
2025-10-21 17:45,0.089408
2025-10-21 18:00,0.069369
2025-10-21 18:15,0.029397
2025-10-21 18:30,0.116165
2025-10-21 18:45,0.076099
2025-10-21 19:00,0.108244
2025-10-21 19:15,0.099029
2025-10-21 19:30,0.086077
2025-10-21 19:45,0.056898
2025-10-21 20:00,0.052166
2025-10-21 20:15,0.028193
2025-10-21 20:30,0.065778
2025-10-21 20:45,0.033054
2025-10-21 21:00,0.027082
2025-10-21 21:15,0.003559
2025-10-21 21:30,0.003782
2025-10-21 21:45,0.008189
2025-10-21 22:00,0.006061
2025-10-21 22:15,0.0
2025-10-21 22:30,0.0
2025-10-21 22:45,0.0
2025-10-21 23:00,0.00054
2025-10-21 23:15,0.006583
2025-10-21 23:30,0.001713
2025-10-21 23:45,0.002582
2025-10-22 00:00,0.00512
2025-10-22 00:00,0.015212
2025-10-22 00:15,0.000928
2025-10-22 00:30,0.004505
2025-10-22 00:45,0.0
2025-10-22 01:00,0.043993
2025-10-22 01:15,0.0
2025-10-22 01:30,0.019055
2025-10-22 01:45,0.00371
2025-10-22 02:00,0.080459
2025-10-22 02:15,0.0
2025-10-22 02:30,0.0
2025-10-22 02:45,0.0
2025-10-22 03:00,0.0
2025-10-22 03:15,0.0
2025-10-22 03:30,0.349703
2025-10-22 03:45,0.020115
2025-10-22 04:00,0.0
2025-10-22 04:15,0.052632
2025-10-22 04:30,0.022632
2025-10-22 04:45,0.004532
2025-10-22 05:00,0.001603
2025-10-22 05:15,0.001961
2025-10-22 05:30,0.005473
2025-10-22 05:45,0.000848
2025-10-22 06:00,0.0
2025-10-22 06:15,0.0
2025-10-22 06:30,0.003392
2025-10-22 06:45,0.0
2025-10-22 07:00,0.0
2025-10-22 07:15,0.001232
2025-10-22 07:30,0.0
2025-10-22 07:45,0.004982
2025-10-22 08:00,0.002173
2025-10-22 08:15,0.077279
2025-10-22 08:30,0.0
2025-10-22 08:45,0.001325
2025-10-22 09:00,0.0
2025-10-22 09:15,0.001246
2025-10-22 09:30,0.0
2025-10-22 09:45,0.010071
2025-10-22 10:00,0.00432
2025-10-22 10:15,0.0
2025-10-22 10:30,0.00371
2025-10-22 10:45,0.00432
2025-10-22 11:00,0.000769
2025-10-22 11:15,0.006228
2025-10-22 11:30,0.0
2025-10-22 11:45,0.020221
2025-10-22 12:00,0.002173
2025-10-22 12:15,0.030146
2025-10-22 12:30,0.04557
2025-10-22 12:45,0.060623
2025-10-22 13:00,0.25643
2025-10-22 13:15,0.204845
2025-10-22 13:30,0.18033
2025-10-22 13:45,0.292141
2025-10-22 14:00,0.120013
2025-10-22 14:15,0.31211
2025-10-22 14:30,0.328965
2025-10-22 14:45,0.297494
2025-10-22 15:00,0.130746
2025-10-22 15:15,0.126135
2025-10-22 15:30,0.16916
2025-10-22 15:45,1.0
2025-10-22 16:00,0.156916
2025-10-22 16:15,0.134112
2025-10-22 16:30,0.104814
2025-10-22 16:45,0.292591
2025-10-22 17:00,0.175322
2025-10-22 17:15,0.247247
2025-10-22 17:30,0.339804
2025-10-22 17:45,0.505174
2025-10-22 18:00,0.206673
2025-10-22 18:15,0.117959
2025-10-22 18:30,0.32597
2025-10-22 18:45,0.253064
2025-10-22 19:00,0.310467
2025-10-22 19:15,0.21033
2025-10-22 19:30,0.360091
2025-10-22 19:45,0.339592
2025-10-22 20:00,0.182967
2025-10-22 20:15,0.021334
2025-10-22 20:30,0.350246
2025-10-22 20:45,0.04712
2025-10-22 21:00,0.111347
2025-10-22 21:15,0.0
2025-10-22 21:30,0.04553
2025-10-22 21:45,0.193595
2025-10-22 22:00,0.022844
2025-10-22 22:15,0.023533
2025-10-22 22:30,0.074099
2025-10-22 22:45,0.035194
2025-10-22 23:00,0.056422
2025-10-22 23:15,0.074099
2025-10-22 23:30,0.020221
2025-10-22 23:45,0.002094
2025-10-23 00:00,0.020115
2025-10-23 00:15,0.02136
2025-10-23 00:30,0.000848
2025-10-23 00:45,0.019373
2025-10-23 01:00,0.0
2025-10-23 01:15,0.018525
2025-10-23 01:30,0.0
2025-10-23 01:45,0.0
2025-10-23 02:00,0.01985
2025-10-23 02:15,0.002094
2025-10-23 02:30,0.0
2025-10-23 02:45,0.0
2025-10-23 03:00,0.019293
2025-10-23 03:15,0.004982
2025-10-23 03:30,0.0
2025-10-23 03:45,0.005168
2025-10-23 04:00,0.001882
2025-10-23 04:15,0.0
2025-10-23 04:30,0.0
2025-10-23 04:45,0.010852
2025-10-23 05:00,0.005194
2025-10-23 05:15,0.000928
2025-10-23 05:30,0.001696
2025-10-23 05:45,0.00371
2025-10-23 06:00,0.00489
2025-10-23 06:15,0.006877
2025-10-23 06:30,0.001696
2025-10-23 06:45,0.074867
2025-10-23 07:00,0.002279
2025-10-23 07:15,0.0
2025-10-23 07:30,0.001272
2025-10-23 07:45,0.018525
2025-10-23 08:00,0.00371
2025-10-23 08:15,0.000848
2025-10-23 08:30,0.001776
2025-10-23 08:45,0.00371
2025-10-23 09:00,0.08295
2025-10-23 09:15,0.002465
2025-10-23 09:30,0.00701
2025-10-23 09:45,0.0
2025-10-23 10:00,0.006466
2025-10-23 10:15,0.000848
2025-10-23 10:30,0.000769
2025-10-23 10:45,0.019293
2025-10-23 11:00,0.024063
2025-10-23 11:15,0.055574
2025-10-23 11:30,0.021188
2025-10-23 11:45,0.07166
2025-10-23 12:00,0.029404
2025-10-23 12:15,0.017478
2025-10-23 12:30,0.190812
2025-10-23 12:45,0.19586
2025-10-23 13:00,0.098851
2025-10-23 13:15,0.222322
2025-10-23 13:30,0.332443
2025-10-23 13:45,0.236938
2025-10-23 14:00,0.433593
2025-10-23 14:15,0.10176
2025-10-23 14:30,0.293744
2025-10-23 14:45,0.288391
2025-10-23 15:00,0.219036
2025-10-23 15:15,0.391131
2025-10-23 15:30,0.447301
2025-10-23 15:45,0.136165
2025-10-23 16:00,0.169001
2025-10-23 16:15,0.277075
2025-10-23 16:30,0.301629
2025-10-23 16:45,0.350352
2025-10-23 17:00,0.473717
2025-10-23 17:15,0.144553
2025-10-23 17:30,0.275498
2025-10-23 17:45,0.085017
2025-10-23 18:00,0.270887
2025-10-23 18:15,0.515987
2025-10-23 18:30,0.395471
2025-10-23 18:45,0.484
2025-10-23 19:00,0.325864
2025-10-23 19:15,0.1884
2025-10-23 19:30,0.193422
2025-10-23 19:45,0.156757
2025-10-23 20:00,0.201598
2025-10-23 20:15,0.218374
2025-10-23 20:30,0.156545
2025-10-23 20:45,0.133595
2025-10-23 21:00,0.039236
2025-10-23 21:15,0.044032
2025-10-23 21:30,0.0
2025-10-23 21:45,0.105781
2025-10-23 22:00,0.021864
2025-10-23 22:15,0.020698
2025-10-23 22:30,0.004558
2025-10-23 22:45,0.058754
2025-10-23 23:00,0.0
2025-10-23 23:15,0.015185
2025-10-23 23:30,0.019293
2025-10-23 23:45,0.003352
2025-10-24 00:00,0.0
2025-10-24 00:15,0.0
2025-10-24 00:30,0.001246
2025-10-24 00:45,0.0
2025-10-24 01:00,0.0
2025-10-24 01:15,0.019055
2025-10-24 01:30,0.000928
2025-10-24 01:45,0.0
2025-10-24 02:00,0.0
2025-10-24 02:15,0.0
2025-10-24 02:30,0.000928
2025-10-24 02:45,0.0
2025-10-24 03:00,0.001617
2025-10-24 03:15,0.0
2025-10-24 03:30,0.004717
2025-10-24 03:45,0.018525
2025-10-24 04:00,0.0
2025-10-24 04:15,0.017385
2025-10-24 04:30,0.0
2025-10-24 04:45,0.005088
2025-10-24 05:00,0.003074
2025-10-24 05:15,0.0
2025-10-24 05:30,0.0
2025-10-24 05:45,0.000928
2025-10-24 06:00,0.0
2025-10-24 06:15,0.00371
2025-10-24 06:30,0.000848
2025-10-24 06:45,0.0
2025-10-24 07:00,0.0
2025-10-24 07:15,0.0
2025-10-24 07:30,0.0
2025-10-24 07:45,0.001246
2025-10-24 08:00,0.0
2025-10-24 08:15,0.0
2025-10-24 08:30,0.0
2025-10-24 08:45,0.001246
2025-10-24 09:00,0.0
2025-10-24 09:15,0.004466
2025-10-24 09:30,0.0
2025-10-24 09:45,0.001246
2025-10-24 10:00,0.0
2025-10-24 10:15,0.0
2025-10-24 10:30,0.021122
2025-10-24 10:45,0.0
2025-10-24 11:00,0.007632
2025-10-24 11:15,0.0
2025-10-24 11:30,0.039885
2025-10-24 11:45,0.019969
2025-10-24 12:00,0.023162
2025-10-24 12:15,0.081784
2025-10-24 12:30,0.076722
2025-10-24 12:45,0.023507
2025-10-24 13:00,0.029589
2025-10-24 13:15,0.251077
2025-10-24 13:30,0.188162
2025-10-24 13:45,0.346695
2025-10-24 14:00,0.160202
2025-10-24 14:15,0.340003
2025-10-24 14:30,0.19276
2025-10-24 14:45,0.236169
2025-10-24 15:00,0.232393
2025-10-24 15:15,0.217022
2025-10-24 15:30,0.216545
2025-10-24 15:45,0.348192
2025-10-24 16:00,0.208694
2025-10-24 16:15,0.102714
2025-10-24 16:30,0.275829
2025-10-24 16:45,0.196019
2025-10-24 17:00,0.136298
2025-10-24 17:15,0.154187
2025-10-24 17:30,0.064903
2025-10-24 17:45,0.38605
2025-10-24 18:00,0.209827
2025-10-24 18:15,0.135867
2025-10-24 18:30,0.157592
2025-10-24 18:45,0.083162
2025-10-24 19:00,0.240224
2025-10-24 19:15,0.148674
2025-10-24 19:30,0.084156
2025-10-24 19:45,0.160414
2025-10-24 20:00,0.172897
2025-10-24 20:15,0.110181
2025-10-24 20:30,0.120874
2025-10-24 20:45,0.235335
2025-10-24 21:00,0.191925
2025-10-24 21:15,0.086727
2025-10-24 21:30,0.0203
2025-10-24 21:45,0.000928
2025-10-24 22:00,0.0
2025-10-24 22:15,0.0
2025-10-24 22:30,0.019373
2025-10-24 22:45,0.002094
2025-10-24 23:00,0.0
2025-10-24 23:15,0.0
2025-10-24 23:30,0.198921
2025-10-24 23:45,0.083427
2025-10-25 00:00,0.021016
2025-10-25 00:15,0.0
2025-10-25 00:30,0.021904
2025-10-25 00:45,0.001246
2025-10-25 01:00,0.0
2025-10-25 01:15,0.007328
2025-10-25 01:30,0.0
2025-10-25 01:45,0.005579
2025-10-25 02:00,0.003776
2025-10-25 02:15,0.006228
2025-10-25 02:30,0.004134
2025-10-25 02:45,0.008613
2025-10-25 03:00,0.001034
2025-10-25 03:15,0.0
2025-10-25 03:30,0.004346
2025-10-25 03:45,0.0
2025-10-25 04:00,0.001246
2025-10-25 04:15,0.0
2025-10-25 04:30,0.0
2025-10-25 04:45,0.0
2025-10-25 05:00,0.0
2025-10-25 05:15,0.0
2025-10-25 05:30,0.0
2025-10-25 05:45,0.0
2025-10-25 06:00,0.006413
2025-10-25 06:15,0.000928
2025-10-25 06:30,0.0
2025-10-25 06:45,0.0
2025-10-25 07:00,0.0
2025-10-25 07:15,0.0
2025-10-25 07:30,0.0
2025-10-25 07:45,0.0
2025-10-25 08:00,0.0
2025-10-25 08:15,0.0
2025-10-25 08:30,0.002425
2025-10-25 08:45,0.00371
2025-10-25 09:00,0.0
2025-10-25 09:15,0.0
2025-10-25 09:30,0.0
2025-10-25 09:45,0.00742
2025-10-25 10:00,0.0
2025-10-25 10:15,0.0
2025-10-25 10:30,0.0
2025-10-25 10:45,0.00371
2025-10-25 11:00,0.0
2025-10-25 11:15,0.001246
2025-10-25 11:30,0.0
2025-10-25 11:45,0.0
2025-10-25 12:00,0.0
2025-10-25 12:15,0.0
2025-10-25 12:30,0.002942
2025-10-25 12:45,0.0
2025-10-25 13:00,0.02083
2025-10-25 13:15,0.000928
2025-10-25 13:30,0.001034
2025-10-25 13:45,0.003074
2025-10-25 14:00,0.000928
2025-10-25 14:15,0.002067
2025-10-25 14:30,0.0
2025-10-25 14:45,0.004346
2025-10-25 15:00,0.000928
2025-10-25 15:15,0.001921
2025-10-25 15:30,0.004744
2025-10-25 15:45,0.080459
2025-10-25 16:00,0.007208
2025-10-25 16:15,0.0
2025-10-25 16:30,0.00114
2025-10-25 16:45,0.000769
2025-10-25 17:00,0.0
2025-10-25 17:15,0.017385
2025-10-25 17:30,0.0
2025-10-25 17:45,0.0
2025-10-25 18:00,0.0
2025-10-25 18:15,0.0
2025-10-25 18:30,0.0
2025-10-25 18:45,0.001921
2025-10-25 19:00,0.0
2025-10-25 19:15,0.0
2025-10-25 19:30,0.004293
2025-10-25 19:45,0.002478
2025-10-25 20:00,0.001034
2025-10-25 20:15,0.0
2025-10-25 20:30,0.0
2025-10-25 20:45,0.0
2025-10-25 21:00,0.0
2025-10-25 21:15,0.001961
2025-10-25 21:30,0.0
2025-10-25 21:45,0.0
2025-10-25 22:00,0.001246
2025-10-25 22:15,0.002306
2025-10-25 22:30,0.002491
2025-10-25 22:45,0.0
2025-10-25 23:00,0.000848
2025-10-25 23:15,0.0
2025-10-25 23:30,0.001246
2025-10-25 23:45,0.001603
2025-10-26 00:00,0.0
2025-10-26 00:15,0.001087
2025-10-26 00:30,0.0
2025-10-26 00:45,0.000928
2025-10-26 01:00,0.00371
2025-10-26 01:15,0.0
2025-10-26 01:30,0.0
2025-10-26 01:45,0.0
2025-10-26 02:00,0.0
2025-10-26 02:15,0.0
2025-10-26 02:30,0.0
2025-10-26 02:45,0.006917
2025-10-26 03:00,0.000928
2025-10-26 03:15,0.025071
2025-10-26 03:30,0.00644
2025-10-26 03:45,0.0
2025-10-26 04:00,0.004346
2025-10-26 04:15,0.0
2025-10-26 04:30,0.0
2025-10-26 04:45,0.000848
2025-10-26 05:00,0.001246
2025-10-26 05:15,0.0
2025-10-26 05:30,0.000928
2025-10-26 05:45,0.0
2025-10-26 06:00,0.0
2025-10-26 06:15,0.000928
2025-10-26 06:30,0.0
2025-10-26 06:45,0.000928
2025-10-26 07:00,0.002014
2025-10-26 07:15,0.000928
2025-10-26 07:30,0.0
2025-10-26 07:45,0.0
2025-10-26 08:00,0.0
2025-10-26 08:15,0.004028
2025-10-26 08:30,0.0
2025-10-26 08:45,0.0
2025-10-26 09:00,0.0
2025-10-26 09:15,0.0
2025-10-26 09:30,0.0
2025-10-26 09:45,0.001246
2025-10-26 10:00,0.002279
2025-10-26 10:15,0.0
2025-10-26 10:30,0.007685
2025-10-26 10:45,0.0
2025-10-26 11:00,0.0
2025-10-26 11:15,0.0
2025-10-26 11:30,0.008467
2025-10-26 11:45,0.0
2025-10-26 12:00,0.002173
2025-10-26 12:15,0.007063
2025-10-26 12:30,0.0
2025-10-26 12:45,0.0
2025-10-26 13:00,0.0
2025-10-26 13:15,0.0
2025-10-26 13:30,0.0
2025-10-26 13:45,0.0
2025-10-26 14:00,0.001259
2025-10-26 14:15,0.0
2025-10-26 14:30,0.00424
2025-10-26 14:45,0.003392
2025-10-26 15:00,0.000769
2025-10-26 15:15,0.0
2025-10-26 15:30,0.000848
2025-10-26 15:45,0.04023
2025-10-26 16:00,0.011833
2025-10-26 16:15,0.004757
2025-10-26 16:30,0.0
2025-10-26 16:45,0.001325
2025-10-26 17:00,0.0
2025-10-26 17:15,0.0
2025-10-26 17:30,0.0
2025-10-26 17:45,0.019942
2025-10-26 18:00,0.0
2025-10-26 18:15,0.000928
2025-10-26 18:30,0.0
2025-10-26 18:45,0.005102
2025-10-26 19:00,0.000928
2025-10-26 19:15,0.0
2025-10-26 19:30,0.0
2025-10-26 19:45,0.0
2025-10-26 20:00,0.074867
2025-10-26 20:15,0.003419
2025-10-26 20:30,0.018525
2025-10-26 20:45,0.001034
2025-10-26 21:00,0.0
2025-10-26 21:15,0.003101
2025-10-26 21:30,0.0
2025-10-26 21:45,0.0
2025-10-26 22:00,0.002491
2025-10-26 22:15,0.0
2025-10-26 22:30,0.0
2025-10-26 22:45,0.006228
2025-10-26 23:00,0.077279
2025-10-26 23:15,0.0
2025-10-26 23:30,0.0
2025-10-26 23:45,0.0
2025-10-27 00:00,0.001246
2025-10-27 00:15,0.074947
2025-10-27 00:30,0.001246
2025-10-27 00:45,0.0
2025-10-27 01:00,0.0
2025-10-27 01:15,0.017385
2025-10-27 01:30,0.0
2025-10-27 01:45,0.0
2025-10-27 02:00,0.000928
2025-10-27 02:15,0.002491
2025-10-27 02:30,0.0
2025-10-27 02:45,0.004982
2025-10-27 03:00,0.0
2025-10-27 03:15,0.0
2025-10-27 03:30,0.018299
2025-10-27 03:45,0.0
2025-10-27 04:00,0.020115
2025-10-27 04:15,0.006042
2025-10-27 04:30,0.0
2025-10-27 04:45,0.015583
2025-10-27 05:00,0.000769
2025-10-27 05:15,0.0
2025-10-27 05:30,0.0
2025-10-27 05:45,0.0
2025-10-27 06:00,0.008189
2025-10-27 06:15,0.0
2025-10-27 06:30,0.0
2025-10-27 06:45,0.0
2025-10-27 07:00,0.0
2025-10-27 07:15,0.002584
2025-10-27 07:30,0.000928
2025-10-27 07:45,0.0
2025-10-27 08:00,0.000928
2025-10-27 08:15,0.0
2025-10-27 08:30,0.0
2025-10-27 08:45,0.0
2025-10-27 09:00,0.0
2025-10-27 09:15,0.0
2025-10-27 09:30,0.0
2025-10-27 09:45,0.0
2025-10-27 10:00,0.04023
2025-10-27 10:15,0.0
2025-10-27 10:30,0.0
2025-10-27 10:45,0.002306
2025-10-27 11:00,0.074099
2025-10-27 11:15,0.005406
2025-10-27 11:30,0.026038
2025-10-27 11:45,0.005115
2025-10-27 12:00,0.093842
2025-10-27 12:15,0.067579
2025-10-27 12:30,0.041104
2025-10-27 12:45,0.191792
2025-10-27 13:00,0.084275
2025-10-27 13:15,0.427352
2025-10-27 13:30,0.184876
2025-10-27 13:45,0.262181
2025-10-27 14:00,0.187247
2025-10-27 14:15,0.501782
2025-10-27 14:30,0.239522
2025-10-27 14:45,0.294884
2025-10-27 15:00,0.291094
2025-10-27 15:15,0.169187
2025-10-27 15:30,0.283727
2025-10-27 15:45,0.289531
2025-10-27 16:00,0.201068
2025-10-27 16:15,0.299588
2025-10-27 16:30,0.314826
2025-10-27 16:45,0.079584
2025-10-27 17:00,0.156121
2025-10-27 17:15,0.301867
2025-10-27 17:30,0.440497
2025-10-27 17:45,0.134218
2025-10-27 18:00,0.25537
2025-10-27 18:15,0.125287
2025-10-27 18:30,0.121113
2025-10-27 18:45,0.529914
2025-10-27 19:00,0.430148
2025-10-27 19:15,0.11401
2025-10-27 19:30,0.081678
2025-10-27 19:45,0.208555
2025-10-27 20:00,0.100481
2025-10-27 20:15,0.126784
2025-10-27 20:30,0.081744
2025-10-27 20:45,0.07757
2025-10-27 21:00,0.030172
2025-10-27 21:15,0.082049
2025-10-27 21:30,0.150119
2025-10-27 21:45,0.013768
2025-10-27 22:00,0.092623
2025-10-27 22:15,0.006625
2025-10-27 22:30,0.001179
2025-10-27 22:45,0.016855
2025-10-27 23:00,0.014046
2025-10-27 23:15,0.021095
2025-10-27 23:30,0.0
2025-10-27 23:45,0.205017
2025-10-28 00:00,0.019293
2025-10-28 00:15,0.000848
2025-10-28 00:30,0.0
2025-10-28 00:45,0.000928
2025-10-28 01:00,0.002027
2025-10-28 01:15,0.0
2025-10-28 01:30,0.0
2025-10-28 01:45,0.003697
2025-10-28 02:00,0.074099
2025-10-28 02:15,0.0
2025-10-28 02:30,0.013768
2025-10-28 02:45,0.019055
2025-10-28 03:00,0.004558
2025-10-28 03:15,0.019293
2025-10-28 03:30,0.004161
2025-10-28 03:45,0.0
2025-10-28 04:00,0.0
2025-10-28 04:15,0.020486
2025-10-28 04:30,0.001246
2025-10-28 04:45,0.080459
2025-10-28 05:00,0.004982
2025-10-28 05:15,0.004982
2025-10-28 05:30,0.000928
2025-10-28 05:45,0.0
2025-10-28 06:00,0.0
2025-10-28 06:15,0.0
2025-10-28 06:30,0.0
2025-10-28 06:45,0.0
2025-10-28 07:00,0.002014
2025-10-28 07:15,0.001246
2025-10-28 07:30,0.0
2025-10-28 07:45,0.124664
2025-10-28 08:00,0.001537
2025-10-28 08:15,0.002875
2025-10-28 08:30,0.001246
2025-10-28 08:45,0.0
2025-10-28 09:00,0.0
2025-10-28 09:15,0.0
2025-10-28 09:30,0.0
2025-10-28 09:45,0.0
2025-10-28 10:00,0.000928
2025-10-28 10:15,0.018525
2025-10-28 10:30,0.004108
2025-10-28 10:45,0.002955
2025-10-28 11:00,0.004161
2025-10-28 11:15,0.000848
2025-10-28 11:30,0.112287
2025-10-28 11:45,0.02148
2025-10-28 12:00,0.090159
2025-10-28 12:15,0.028383
2025-10-28 12:30,0.012191
2025-10-28 12:45,0.263771
2025-10-28 13:00,0.08189
2025-10-28 13:15,0.061206
2025-10-28 13:30,0.556283
2025-10-28 13:45,0.254509
2025-10-28 14:00,0.16276
2025-10-28 14:15,0.473293
2025-10-28 14:30,0.181894
2025-10-28 14:45,0.337273
2025-10-28 15:00,0.478593
2025-10-28 15:15,0.705646
2025-10-28 15:30,0.05729
2025-10-28 15:45,0.515715
2025-10-28 16:00,0.538898
2025-10-28 16:15,0.513814
2025-10-28 16:30,0.22476
2025-10-28 16:45,0.223323
2025-10-28 17:00,0.331363
2025-10-28 17:15,0.192587
2025-10-28 17:30,0.588747
2025-10-28 17:45,0.480342
2025-10-28 18:00,0.550055
2025-10-28 18:15,0.284376
2025-10-28 18:30,0.152795
2025-10-28 18:45,0.26711
2025-10-28 19:00,0.43195
2025-10-28 19:15,0.340228
2025-10-28 19:30,0.242437
2025-10-28 19:45,0.024063
2025-10-28 20:00,0.226483
2025-10-28 20:15,0.142645
2025-10-28 20:30,0.132654
2025-10-28 20:45,0.039805
2025-10-28 21:00,0.006559
2025-10-28 21:15,0.15795
2025-10-28 21:30,0.019704
2025-10-28 21:45,0.10015
2025-10-28 22:00,0.019452
2025-10-28 22:15,0.006162
2025-10-28 22:30,0.0
2025-10-28 22:45,0.0
2025-10-28 23:00,0.00371
2025-10-28 23:15,0.0
2025-10-28 23:30,0.001246
2025-10-28 23:45,0.00159
2025-10-29 00:00,0.0
2025-10-29 00:00,0.0
2025-10-29 00:15,0.0
2025-10-29 00:30,0.0
2025-10-29 00:45,0.001506
2025-10-29 01:00,0.034117
2025-10-29 01:15,0.001121
2025-10-29 01:30,0.103729
2025-10-29 01:45,0.006231
2025-10-29 02:00,0.001025
2025-10-29 02:15,0.0
2025-10-29 02:30,0.001506
2025-10-29 02:45,0.001185
2025-10-29 03:00,0.0
2025-10-29 03:15,0.0
2025-10-29 03:30,0.0
2025-10-29 03:45,0.008778
2025-10-29 04:00,0.010347
2025-10-29 04:15,0.003716
2025-10-29 04:30,0.0
2025-10-29 04:45,0.001025
2025-10-29 05:00,0.001249
2025-10-29 05:15,0.001506
2025-10-29 05:30,0.001121
2025-10-29 05:45,0.0
2025-10-29 06:00,0.0
2025-10-29 06:15,0.0
2025-10-29 06:30,0.0
2025-10-29 06:45,0.0
2025-10-29 07:00,0.0
2025-10-29 07:15,0.097258
2025-10-29 07:30,0.0
2025-10-29 07:45,0.002883
2025-10-29 08:00,0.195445
2025-10-29 08:15,0.014127
2025-10-29 08:30,0.0
2025-10-29 08:45,0.005029
2025-10-29 09:00,0.001506
2025-10-29 09:15,0.0
2025-10-29 09:30,0.0
2025-10-29 09:45,0.002547
2025-10-29 10:00,0.0
2025-10-29 10:15,0.0
2025-10-29 10:30,0.018356
2025-10-29 10:45,0.0
2025-10-29 11:00,0.001506
2025-10-29 11:15,0.001602
2025-10-29 11:30,0.0
2025-10-29 11:45,0.0
2025-10-29 12:00,0.033156
2025-10-29 12:15,0.03165
2025-10-29 12:30,0.071069
2025-10-29 12:45,0.237667
2025-10-29 13:00,0.370371
2025-10-29 13:15,0.10477
2025-10-29 13:30,0.29746
2025-10-29 13:45,0.430404
2025-10-29 14:00,0.207105
2025-10-29 14:15,0.126041
2025-10-29 14:30,0.287753
2025-10-29 14:45,0.327652
2025-10-29 15:00,0.218686
2025-10-29 15:15,0.099628
2025-10-29 15:30,0.32155
2025-10-29 15:45,0.488708
2025-10-29 16:00,0.227912
2025-10-29 16:15,0.529985
2025-10-29 16:30,0.209636
2025-10-29 16:45,0.154776
2025-10-29 17:00,0.338929
2025-10-29 17:15,0.341732
2025-10-29 17:30,0.420762
2025-10-29 17:45,0.122165
2025-10-29 18:00,0.39873
2025-10-29 18:15,0.132833
2025-10-29 18:30,0.112402
2025-10-29 18:45,0.142011
2025-10-29 19:00,0.108022
2025-10-29 19:15,0.226246
2025-10-29 19:30,0.200714
2025-10-29 19:45,0.357012
2025-10-29 20:00,0.224805
2025-10-29 20:15,0.256615
2025-10-29 20:30,0.04573
2025-10-29 20:45,0.183896
2025-10-29 21:00,0.140761
2025-10-29 21:15,0.001618
2025-10-29 21:30,0.03841
2025-10-29 21:45,0.101695
2025-10-29 22:00,0.022392
2025-10-29 22:15,0.002883
2025-10-29 22:30,0.0
2025-10-29 22:45,0.0
2025-10-29 23:00,0.0
2025-10-29 23:15,0.0
2025-10-29 23:30,0.022392
2025-10-29 23:45,0.0
2025-10-30 00:00,0.001121
2025-10-30 00:15,0.001025
2025-10-30 00:30,0.0
2025-10-30 00:45,0.0
2025-10-30 01:00,0.0
2025-10-30 01:15,0.026076
2025-10-30 01:30,0.030769
2025-10-30 01:45,0.001249
2025-10-30 02:00,0.019477
2025-10-30 02:15,0.0
2025-10-30 02:30,0.001025
2025-10-30 02:45,0.0
2025-10-30 03:00,0.0
2025-10-30 03:15,0.0
2025-10-30 03:30,0.0
2025-10-30 03:45,0.001025
2025-10-30 04:00,0.001506
2025-10-30 04:15,0.0041
2025-10-30 04:30,0.0
2025-10-30 04:45,0.0
2025-10-30 05:00,0.076852
2025-10-30 05:15,0.0
2025-10-30 05:30,0.0
2025-10-30 05:45,0.001025
2025-10-30 06:00,0.001121
2025-10-30 06:15,0.001121
2025-10-30 06:30,0.0
2025-10-30 06:45,0.0
2025-10-30 07:00,0.0
2025-10-30 07:15,0.0
2025-10-30 07:30,0.004485
2025-10-30 07:45,0.001121
2025-10-30 08:00,0.000929
2025-10-30 08:15,0.0
2025-10-30 08:30,0.0
2025-10-30 08:45,0.0
2025-10-30 09:00,0.001506
2025-10-30 09:15,0.01866
2025-10-30 09:30,0.0
2025-10-30 09:45,0.004485
2025-10-30 10:00,0.001121
2025-10-30 10:15,0.0
2025-10-30 10:30,0.090691
2025-10-30 10:45,0.006215
2025-10-30 11:00,0.023321
2025-10-30 11:15,0.03306
2025-10-30 11:30,0.023898
2025-10-30 11:45,0.049718
2025-10-30 12:00,0.094615
2025-10-30 12:15,0.008441
2025-10-30 12:30,0.127947
2025-10-30 12:45,0.18718
2025-10-30 13:00,0.415909
2025-10-30 13:15,0.407067
2025-10-30 13:30,0.556173
2025-10-30 13:45,0.297043
2025-10-30 14:00,0.114204
2025-10-30 14:15,0.271255
2025-10-30 14:30,0.354001
2025-10-30 14:45,0.195092
2025-10-30 15:00,0.5259
2025-10-30 15:15,0.165348
2025-10-30 15:30,0.101903
2025-10-30 15:45,0.340851
2025-10-30 16:00,0.036872
2025-10-30 16:15,0.209172
2025-10-30 16:30,0.361065
2025-10-30 16:45,0.24417
2025-10-30 17:00,0.305997
2025-10-30 17:15,0.541293
2025-10-30 17:30,0.215851
2025-10-30 17:45,0.40279
2025-10-30 18:00,0.674782
2025-10-30 18:15,0.35115
2025-10-30 18:30,0.025772
2025-10-30 18:45,0.277198
2025-10-30 19:00,0.401621
2025-10-30 19:15,0.307198
2025-10-30 19:30,0.192049
2025-10-30 19:45,0.366751
2025-10-30 20:00,0.383057
2025-10-30 20:15,0.068779
2025-10-30 20:30,0.120547
2025-10-30 20:45,0.109719
2025-10-30 21:00,0.193619
2025-10-30 21:15,0.021656
2025-10-30 21:30,0.145678
2025-10-30 21:45,0.007833
2025-10-30 22:00,0.022392
2025-10-30 22:15,0.007128
2025-10-30 22:30,0.024314
2025-10-30 22:45,0.004485
2025-10-30 23:00,0.0
2025-10-30 23:15,0.0
2025-10-30 23:30,0.001121
2025-10-30 23:45,0.003828
2025-10-31 00:00,0.022392
2025-10-31 00:15,0.006535
2025-10-31 00:30,0.001778
2025-10-31 00:45,0.001506
2025-10-31 01:00,0.03085
2025-10-31 01:15,0.001025
2025-10-31 01:30,0.0
2025-10-31 01:45,0.004453
2025-10-31 02:00,0.0
2025-10-31 02:15,0.00205
2025-10-31 02:30,0.001506
2025-10-31 02:45,0.0
2025-10-31 03:00,0.001506
2025-10-31 03:15,0.001121
2025-10-31 03:30,0.001121
2025-10-31 03:45,0.005029
2025-10-31 04:00,0.0
2025-10-31 04:15,0.0
2025-10-31 04:30,0.004421
2025-10-31 04:45,0.0
2025-10-31 05:00,0.003364
2025-10-31 05:15,0.001506
2025-10-31 05:30,0.001506
2025-10-31 05:45,0.0
2025-10-31 06:00,0.0
2025-10-31 06:15,0.0
2025-10-31 06:30,0.0
2025-10-31 06:45,0.0
2025-10-31 07:00,0.0
2025-10-31 07:15,0.00189
2025-10-31 07:30,0.0
2025-10-31 07:45,0.0
2025-10-31 08:00,0.006952
2025-10-31 08:15,0.003876
2025-10-31 08:30,0.022392
2025-10-31 08:45,0.001121
2025-10-31 09:00,0.001426
2025-10-31 09:15,0.006023
2025-10-31 09:30,0.0
2025-10-31 09:45,0.030305
2025-10-31 10:00,0.0
2025-10-31 10:15,0.0
2025-10-31 10:30,0.0
2025-10-31 10:45,0.0
2025-10-31 11:00,0.000929
2025-10-31 11:15,0.0
2025-10-31 11:30,0.023417
2025-10-31 11:45,0.023129
2025-10-31 12:00,0.024891
2025-10-31 12:15,0.022392
2025-10-31 12:30,0.077476
2025-10-31 12:45,0.031234
2025-10-31 13:00,0.127691
2025-10-31 13:15,0.210245
2025-10-31 13:30,0.338737
2025-10-31 13:45,0.278511
2025-10-31 14:00,0.654504
2025-10-31 14:15,0.328357
2025-10-31 14:30,0.003652
2025-10-31 14:45,0.278575
2025-10-31 15:00,0.230667
2025-10-31 15:15,0.31447
2025-10-31 15:30,0.195284
2025-10-31 15:45,0.343109
2025-10-31 16:00,0.096649
2025-10-31 16:15,0.461222
2025-10-31 16:30,0.504517
2025-10-31 16:45,0.310306
2025-10-31 17:00,0.170954
2025-10-31 17:15,0.322911
2025-10-31 17:30,0.403239
2025-10-31 17:45,0.32871
2025-10-31 18:00,0.58651
2025-10-31 18:15,0.270614
2025-10-31 18:30,0.207217
2025-10-31 18:45,0.25929
2025-10-31 19:00,0.168167
2025-10-31 19:15,0.052841
2025-10-31 19:30,0.398417
2025-10-31 19:45,0.141594
2025-10-31 20:00,0.260668
2025-10-31 20:15,0.082986
2025-10-31 20:30,0.058544
2025-10-31 20:45,0.410495
2025-10-31 21:00,0.049174
2025-10-31 21:15,0.055052
2025-10-31 21:30,0.00591
2025-10-31 21:45,0.007048
2025-10-31 22:00,0.0
2025-10-31 22:15,0.0
2025-10-31 22:30,0.026461
2025-10-31 22:45,0.001025
2025-10-31 23:00,0.007752
2025-10-31 23:15,0.006023
2025-10-31 23:30,0.0
2025-10-31 23:45,0.0
2025-11-01 00:00,0.051496
2025-11-01 00:15,0.0
2025-11-01 00:30,0.002355
2025-11-01 00:45,0.007416
2025-11-01 01:00,0.001121
2025-11-01 01:15,0.002307
2025-11-01 01:30,0.0
2025-11-01 01:45,0.0
2025-11-01 02:00,0.0
2025-11-01 02:15,0.005029
2025-11-01 02:30,0.004485
2025-11-01 02:45,0.000929
2025-11-01 03:00,0.001554
2025-11-01 03:15,0.023514
2025-11-01 03:30,0.0
2025-11-01 03:45,0.0
2025-11-01 04:00,0.0
2025-11-01 04:15,0.0
2025-11-01 04:30,0.007416
2025-11-01 04:45,0.001121
2025-11-01 05:00,0.024314
2025-11-01 05:15,0.024314
2025-11-01 05:30,0.0
2025-11-01 05:45,0.0
2025-11-01 06:00,0.006023
2025-11-01 06:15,0.001634
2025-11-01 06:30,0.025275
2025-11-01 06:45,0.0
2025-11-01 07:00,0.0
2025-11-01 07:15,0.004997
2025-11-01 07:30,0.0
2025-11-01 07:45,0.024314
2025-11-01 08:00,0.0
2025-11-01 08:15,0.002034
2025-11-01 08:30,0.0
2025-11-01 08:45,0.0
2025-11-01 09:00,0.002242
2025-11-01 09:15,0.0
2025-11-01 09:30,0.0
2025-11-01 09:45,0.001506
2025-11-01 10:00,0.023866
2025-11-01 10:15,0.0
2025-11-01 10:30,0.0
2025-11-01 10:45,0.001121
2025-11-01 11:00,0.01102
2025-11-01 11:15,0.003252
2025-11-01 11:30,0.001506
2025-11-01 11:45,0.013535
2025-11-01 12:00,0.0
2025-11-01 12:15,0.0
2025-11-01 12:30,0.0
2025-11-01 12:45,0.023353
2025-11-01 13:00,0.004997
2025-11-01 13:15,0.025564
2025-11-01 13:30,0.0
2025-11-01 13:45,0.0
2025-11-01 14:00,0.001249
2025-11-01 14:15,0.0
2025-11-01 14:30,0.0
2025-11-01 14:45,0.00229
2025-11-01 15:00,0.002627
2025-11-01 15:15,0.001506
2025-11-01 15:30,0.005734
2025-11-01 15:45,0.04975
2025-11-01 16:00,0.004869
2025-11-01 16:15,0.001426
2025-11-01 16:30,0.0
2025-11-01 16:45,0.000929
2025-11-01 17:00,0.002627
2025-11-01 17:15,0.001121
2025-11-01 17:30,0.001506
2025-11-01 17:45,0.034069
2025-11-01 18:00,0.0
2025-11-01 18:15,0.001121
2025-11-01 18:30,0.001874
2025-11-01 18:45,0.0
2025-11-01 19:00,0.0
2025-11-01 19:15,0.011821
2025-11-01 19:30,0.024282
2025-11-01 19:45,0.112603
2025-11-01 20:00,0.028463
2025-11-01 20:15,0.0
2025-11-01 20:30,0.024314
2025-11-01 20:45,0.023353
2025-11-01 21:00,0.021255
2025-11-01 21:15,0.0
2025-11-01 21:30,0.005222
2025-11-01 21:45,0.001313
2025-11-01 22:00,0.001025
2025-11-01 22:15,0.0
2025-11-01 22:30,0.0
2025-11-01 22:45,0.011645
2025-11-01 23:00,0.029664
2025-11-01 23:15,0.011148
2025-11-01 23:30,0.024314
2025-11-01 23:45,0.0
2025-11-02 00:00,0.022392
2025-11-02 00:15,0.023033
2025-11-02 00:30,0.0
2025-11-02 00:45,0.0
2025-11-02 01:00,0.0
2025-11-02 01:15,0.002723
2025-11-02 01:30,0.0
2025-11-02 01:45,0.0
2025-11-02 02:00,0.0
2025-11-02 02:15,0.0
2025-11-02 02:30,0.0
2025-11-02 02:45,0.0
2025-11-02 03:00,0.0
2025-11-02 03:15,0.0
2025-11-02 03:30,0.001025
2025-11-02 03:45,0.0
2025-11-02 04:00,0.050871
2025-11-02 04:15,0.004485
2025-11-02 04:30,0.0
2025-11-02 04:45,0.001121
2025-11-02 05:00,0.0
2025-11-02 05:15,0.001618
2025-11-02 05:30,0.005606
2025-11-02 05:45,0.0
2025-11-02 06:00,0.0
2025-11-02 06:15,0.0
2025-11-02 06:30,0.0
2025-11-02 06:45,0.001121
2025-11-02 07:00,0.0
2025-11-02 07:15,0.0
2025-11-02 07:30,0.0
2025-11-02 07:45,0.0
2025-11-02 08:00,0.002547
2025-11-02 08:15,0.0
2025-11-02 08:30,0.001313
2025-11-02 08:45,0.0
2025-11-02 09:00,0.004485
2025-11-02 09:15,0.0
2025-11-02 09:30,0.0
2025-11-02 09:45,0.0
2025-11-02 10:00,0.0
2025-11-02 10:15,0.0
2025-11-02 10:30,0.0
2025-11-02 10:45,0.001506
2025-11-02 11:00,0.001121
2025-11-02 11:15,0.0
2025-11-02 11:30,0.022392
2025-11-02 11:45,0.001121
2025-11-02 12:00,0.003011
2025-11-02 12:15,0.024314
2025-11-02 12:30,0.029024
2025-11-02 12:45,0.0
2025-11-02 13:00,0.0
2025-11-02 13:15,0.0
2025-11-02 13:30,0.001121
2025-11-02 13:45,0.001121
2025-11-02 14:00,0.0
2025-11-02 14:15,0.0
2025-11-02 14:30,0.0
2025-11-02 14:45,0.003123
2025-11-02 15:00,0.001025
2025-11-02 15:15,0.006807
2025-11-02 15:30,0.0
2025-11-02 15:45,0.029921
2025-11-02 16:00,0.0
2025-11-02 16:15,0.0
2025-11-02 16:30,0.048421
2025-11-02 16:45,0.006023
2025-11-02 17:00,0.022392
2025-11-02 17:15,0.000929
2025-11-02 17:30,0.00173
2025-11-02 17:45,0.184361
2025-11-02 18:00,0.203581
2025-11-02 18:15,0.000929
2025-11-02 18:30,0.089569
2025-11-02 18:45,0.002242
2025-11-02 19:00,0.02803
2025-11-02 19:15,0.001506
2025-11-02 19:30,0.0
2025-11-02 19:45,0.001025
2025-11-02 20:00,0.005991
2025-11-02 20:15,0.002819
2025-11-02 20:30,0.001938
2025-11-02 20:45,0.001025
2025-11-02 21:00,0.001506
2025-11-02 21:15,0.049414
2025-11-02 21:30,0.0
2025-11-02 21:45,0.0
2025-11-02 22:00,0.072943
2025-11-02 22:15,0.0
2025-11-02 22:30,0.0
2025-11-02 22:45,0.001506
2025-11-02 23:00,0.001121
2025-11-02 23:15,0.0
2025-11-02 23:30,0.0
2025-11-02 23:45,0.00897
2025-11-03 00:00,0.0
2025-11-03 00:15,0.0
2025-11-03 00:30,0.006647
2025-11-03 00:45,0.069099
2025-11-03 01:00,0.0
2025-11-03 01:15,0.002323
2025-11-03 01:30,0.0
2025-11-03 01:45,0.0
2025-11-03 02:00,0.0
2025-11-03 02:15,0.0
2025-11-03 02:30,0.0
2025-11-03 02:45,0.004485
2025-11-03 03:00,0.0
2025-11-03 03:15,0.0
2025-11-03 03:30,0.0
2025-11-03 03:45,0.0
2025-11-03 04:00,0.0
2025-11-03 04:15,0.003123
2025-11-03 04:30,0.0
2025-11-03 04:45,0.0
2025-11-03 05:00,0.001602
2025-11-03 05:15,0.001506
2025-11-03 05:30,0.0
2025-11-03 05:45,0.0
2025-11-03 06:00,0.003011
2025-11-03 06:15,0.0
2025-11-03 06:30,0.005991
2025-11-03 06:45,0.0
2025-11-03 07:00,0.001025
2025-11-03 07:15,0.0
2025-11-03 07:30,0.0
2025-11-03 07:45,0.001938
2025-11-03 08:00,0.0
2025-11-03 08:15,0.0
2025-11-03 08:30,0.001249
2025-11-03 08:45,0.018836
2025-11-03 09:00,0.0
2025-11-03 09:15,0.0
2025-11-03 09:30,0.0
2025-11-03 09:45,0.024314
2025-11-03 10:00,0.0
2025-11-03 10:15,0.0
2025-11-03 10:30,0.0
2025-11-03 10:45,0.0
2025-11-03 11:00,0.00189
2025-11-03 11:15,0.007528
2025-11-03 11:30,0.0
2025-11-03 11:45,0.0
2025-11-03 12:00,0.0
2025-11-03 12:15,0.015361
2025-11-03 12:30,0.007929
2025-11-03 12:45,0.069099
2025-11-03 13:00,0.139448
2025-11-03 13:15,0.196566
2025-11-03 13:30,0.221233
2025-11-03 13:45,0.16751
2025-11-03 14:00,0.191729
2025-11-03 14:15,0.34894
2025-11-03 14:30,0.751554
2025-11-03 14:45,0.3676
2025-11-03 15:00,0.631151
2025-11-03 15:15,0.147873
2025-11-03 15:30,0.467773
2025-11-03 15:45,0.299125
2025-11-03 16:00,0.183864
2025-11-03 16:15,0.37878
2025-11-03 16:30,0.885539
2025-11-03 16:45,1.0
2025-11-03 17:00,0.127387
2025-11-03 17:15,0.256583
2025-11-03 17:30,0.227864
2025-11-03 17:45,0.25756
2025-11-03 18:00,0.564662
2025-11-03 18:15,0.375224
2025-11-03 18:30,0.437196
2025-11-03 18:45,0.562981
2025-11-03 19:00,0.229498
2025-11-03 19:15,0.368961
2025-11-03 19:30,0.266178
2025-11-03 19:45,0.252323
2025-11-03 20:00,0.518772
2025-11-03 20:15,0.535671
2025-11-03 20:30,0.285431
2025-11-03 20:45,0.238451
2025-11-03 21:00,0.243321
2025-11-03 21:15,0.419753
2025-11-03 21:30,0.111962
2025-11-03 21:45,0.127467
2025-11-03 22:00,0.275996
2025-11-03 22:15,0.196966
2025-11-03 22:30,0.001313
2025-11-03 22:45,0.0
2025-11-03 23:00,0.097963
2025-11-03 23:15,0.134354
2025-11-03 23:30,0.029184
2025-11-03 23:45,0.0
2025-11-04 00:00,0.066184
2025-11-04 00:15,0.027646
2025-11-04 00:30,0.001506
2025-11-04 00:45,0.02409
2025-11-04 01:00,0.165396
2025-11-04 01:15,0.0
2025-11-04 01:30,0.00921
2025-11-04 01:45,0.0
2025-11-04 02:00,0.001025
2025-11-04 02:15,0.007416
2025-11-04 02:30,0.001025
2025-11-04 02:45,0.023033
2025-11-04 03:00,0.022392
2025-11-04 03:15,0.004485
2025-11-04 03:30,0.0
2025-11-04 03:45,0.0
2025-11-04 04:00,0.098763
2025-11-04 04:15,0.006887
2025-11-04 04:30,0.001858
2025-11-04 04:45,0.001554
2025-11-04 05:00,0.021015
2025-11-04 05:15,0.0
2025-11-04 05:30,0.0
2025-11-04 05:45,0.0
2025-11-04 06:00,0.001121
2025-11-04 06:15,0.001538
2025-11-04 06:30,0.001025
2025-11-04 06:45,0.001506
2025-11-04 07:00,0.0
2025-11-04 07:15,0.0
2025-11-04 07:30,0.0
2025-11-04 07:45,0.0
2025-11-04 08:00,0.0
2025-11-04 08:15,0.004229
2025-11-04 08:30,0.001025
2025-11-04 08:45,0.00929
2025-11-04 09:00,0.0
2025-11-04 09:15,0.018836
2025-11-04 09:30,0.0
2025-11-04 09:45,0.002739
2025-11-04 10:00,0.001506
2025-11-04 10:15,0.020118
2025-11-04 10:30,0.0
2025-11-04 10:45,0.0
2025-11-04 11:00,0.0
2025-11-04 11:15,0.001121
2025-11-04 11:30,0.003396
2025-11-04 11:45,0.002242
2025-11-04 12:00,0.0
2025-11-04 12:15,0.005734
2025-11-04 12:30,0.030049
2025-11-04 12:45,0.022392
2025-11-04 13:00,0.12138
2025-11-04 13:15,0.233278
2025-11-04 13:30,0.109751
2025-11-04 13:45,0.112186
2025-11-04 14:00,0.156763
2025-11-04 14:15,0.104305
2025-11-04 14:30,0.732413
2025-11-04 14:45,0.528095
2025-11-04 15:00,0.188749
2025-11-04 15:15,0.268052
2025-11-04 15:30,0.141738
2025-11-04 15:45,0.321422
2025-11-04 16:00,0.359896
2025-11-04 16:15,0.72442
2025-11-04 16:30,0.425407
2025-11-04 16:45,0.169593
2025-11-04 17:00,0.193939
2025-11-04 17:15,0.373542
2025-11-04 17:30,0.284998
2025-11-04 17:45,0.09053
2025-11-04 18:00,0.193426
2025-11-04 18:15,0.369474
2025-11-04 18:30,0.317209
2025-11-04 18:45,0.263391
2025-11-04 19:00,0.537128
2025-11-04 19:15,0.467453
2025-11-04 19:30,0.154392
2025-11-04 19:45,0.313189
2025-11-04 20:00,0.243689
2025-11-04 20:15,0.125561
2025-11-04 20:30,0.27566
2025-11-04 20:45,0.440687
2025-11-04 21:00,0.184825
2025-11-04 21:15,0.465755
2025-11-04 21:30,0.232221
2025-11-04 21:45,0.188877
2025-11-04 22:00,0.04786
2025-11-04 22:15,0.122597
2025-11-04 22:30,0.080728
2025-11-04 22:45,0.044785
2025-11-04 23:00,0.003716
2025-11-04 23:15,0.098155
2025-11-04 23:30,0.022392
2025-11-04 23:45,0.0
2025-11-05 00:00,0.0
2025-11-05 00:00,0.0
2025-11-05 00:15,0.0
2025-11-05 00:30,0.006393
2025-11-05 00:45,0.001764
2025-11-05 01:00,0.0
2025-11-05 01:15,0.013337
2025-11-05 01:30,0.001764
2025-11-05 01:45,0.0
2025-11-05 02:00,0.0
2025-11-05 02:15,0.0
2025-11-05 02:30,0.0
2025-11-05 02:45,0.0
2025-11-05 03:00,0.002452
2025-11-05 03:15,0.0
2025-11-05 03:30,0.0
2025-11-05 03:45,0.004684
2025-11-05 04:00,0.042656
2025-11-05 04:15,0.0
2025-11-05 04:30,0.0
2025-11-05 04:45,0.0
2025-11-05 05:00,0.011959
2025-11-05 05:15,0.041113
2025-11-05 05:30,0.046046
2025-11-05 05:45,0.001929
2025-11-05 06:00,0.158501
2025-11-05 06:15,0.008597
2025-11-05 06:30,0.040452
2025-11-05 06:45,0.04183
2025-11-05 07:00,0.006393
2025-11-05 07:15,0.0
2025-11-05 07:30,0.01003
2025-11-05 07:45,0.043759
2025-11-05 08:00,0.007716
2025-11-05 08:15,0.0
2025-11-05 08:30,0.167319
2025-11-05 08:45,0.001598
2025-11-05 09:00,0.0
2025-11-05 09:15,0.0
2025-11-05 09:30,0.04183
2025-11-05 09:45,0.008597
2025-11-05 10:00,0.0
2025-11-05 10:15,0.0
2025-11-05 10:30,0.0
2025-11-05 10:45,0.003527
2025-11-05 11:00,0.008597
2025-11-05 11:15,0.010361
2025-11-05 11:30,0.0
2025-11-05 11:45,0.001764
2025-11-05 12:00,0.001764
2025-11-05 12:15,0.004519
2025-11-05 12:30,0.091155
2025-11-05 12:45,0.086525
2025-11-05 13:00,0.20022
2025-11-05 13:15,0.203417
2025-11-05 13:30,0.197906
2025-11-05 13:45,0.081675
2025-11-05 14:00,0.467401
2025-11-05 14:15,0.294076
2025-11-05 14:30,0.529016
2025-11-05 14:45,0.424277
2025-11-05 15:00,0.605511
2025-11-05 15:15,0.255029
2025-11-05 15:30,0.601819
2025-11-05 15:45,0.61251
2025-11-05 16:00,0.560761
2025-11-05 16:15,1.0
2025-11-05 16:30,0.2938
2025-11-05 16:45,0.519262
2025-11-05 17:00,0.437421
2025-11-05 17:15,0.335409
2025-11-05 17:30,0.554919
2025-11-05 17:45,0.362138
2025-11-05 18:00,0.062111
2025-11-05 18:15,0.157619
2025-11-05 18:30,0.257096
2025-11-05 18:45,0.0
2025-11-05 19:00,0.271425
2025-11-05 19:15,0.254974
2025-11-05 19:30,0.105318
2025-11-05 19:45,0.289419
2025-11-05 20:00,0.236263
2025-11-05 20:15,0.273354
2025-11-05 20:30,0.784266
2025-11-05 20:45,0.355525
2025-11-05 21:00,0.156379
2025-11-05 21:15,0.249049
2025-11-05 21:30,0.040452
2025-11-05 21:45,0.020226
2025-11-05 22:00,0.019344
2025-11-05 22:15,0.078589
2025-11-05 22:30,0.001929
2025-11-05 22:45,0.0
2025-11-05 23:00,0.006393
2025-11-05 23:15,0.010251
2025-11-05 23:30,0.004078
2025-11-05 23:45,0.028327
2025-11-06 00:00,0.430477
2025-11-06 00:15,0.011022
2025-11-06 00:30,0.0
2025-11-06 00:45,0.007964
2025-11-06 01:00,0.038523
2025-11-06 01:15,0.0
2025-11-06 01:30,0.006117
2025-11-06 01:45,0.188702
2025-11-06 02:00,0.022734
2025-11-06 02:15,0.001764
2025-11-06 02:30,0.117333
2025-11-06 02:45,0.008322
2025-11-06 03:00,0.0
2025-11-06 03:15,0.154092
2025-11-06 03:30,0.0
2025-11-06 03:45,0.0
2025-11-06 04:00,0.169248
2025-11-06 04:15,0.0
2025-11-06 04:30,0.019234
2025-11-06 04:45,0.009038
2025-11-06 05:00,0.040287
2025-11-06 05:15,0.0
2025-11-06 05:30,0.017305
2025-11-06 05:45,0.010361
2025-11-06 06:00,0.0
2025-11-06 06:15,0.0
2025-11-06 06:30,0.040176
2025-11-06 06:45,0.0
2025-11-06 07:00,0.0
2025-11-06 07:15,0.0
2025-11-06 07:30,0.027005
2025-11-06 07:45,0.002149
2025-11-06 08:00,0.0
2025-11-06 08:15,0.0
2025-11-06 08:30,0.0
2025-11-06 08:45,0.0
2025-11-06 09:00,0.0
2025-11-06 09:15,0.046349
2025-11-06 09:30,0.0
2025-11-06 09:45,0.005787
2025-11-06 10:00,0.0
2025-11-06 10:15,0.0
2025-11-06 10:30,0.005346
2025-11-06 10:45,0.0
2025-11-06 11:00,0.001929
2025-11-06 11:15,0.0
2025-11-06 11:30,0.0
2025-11-06 11:45,0.077046
2025-11-06 12:00,0.004299
2025-11-06 12:15,0.046514
2025-11-06 12:30,0.013254
2025-11-06 12:45,0.007716
2025-11-06 13:00,0.050427
2025-11-06 13:15,0.16776
2025-11-06 13:30,0.192615
2025-11-06 13:45,0.133287
2025-11-06 14:00,0.536759
2025-11-06 14:15,0.207468
2025-11-06 14:30,0.713971
2025-11-06 14:45,0.192505
2025-11-06 15:00,0.387903
2025-11-06 15:15,0.192835
2025-11-06 15:30,0.355525
2025-11-06 15:45,0.544089
2025-11-06 16:00,0.38162
2025-11-06 16:15,0.545632
2025-11-06 16:30,0.362717
2025-11-06 16:45,0.900854
2025-11-06 17:00,0.941168
2025-11-06 17:15,0.26539
2025-11-06 17:30,0.42728
2025-11-06 17:45,0.039295
2025-11-06 18:00,0.467567
2025-11-06 18:15,0.140479
2025-11-06 18:30,0.043235
2025-11-06 18:45,0.353072
2025-11-06 19:00,0.328355
2025-11-06 19:15,0.276164
2025-11-06 19:30,0.06809
2025-11-06 19:45,0.413998
2025-11-06 20:00,0.259217
2025-11-06 20:15,0.087242
2025-11-06 20:30,0.57396
2025-11-06 20:45,0.351254
2025-11-06 21:00,0.27757
2025-11-06 21:15,0.338633
2025-11-06 21:30,0.475641
2025-11-06 21:45,0.111381
2025-11-06 22:00,0.079416
2025-11-06 22:15,0.006283
2025-11-06 22:30,0.012235
2025-11-06 22:45,0.038523
2025-11-06 23:00,0.0
2025-11-06 23:15,0.0
2025-11-06 23:30,0.004822
2025-11-06 23:45,0.010802
2025-11-07 00:00,0.0
2025-11-07 00:15,0.007716
2025-11-07 00:30,0.04183
2025-11-07 00:45,0.001929
2025-11-07 01:00,0.001929
2025-11-07 01:15,0.04205
2025-11-07 01:30,0.001598
2025-11-07 01:45,0.038523
2025-11-07 02:00,0.0
2025-11-07 02:15,0.0
2025-11-07 02:30,0.064095
2025-11-07 02:45,0.00259
2025-11-07 03:00,0.001929
2025-11-07 03:15,0.00259
2025-11-07 03:30,0.002756
2025-11-07 03:45,0.0
2025-11-07 04:00,0.045026
2025-11-07 04:15,0.08129
2025-11-07 04:30,0.003748
2025-11-07 04:45,0.014522
2025-11-07 05:00,0.021356
2025-11-07 05:15,0.0
2025-11-07 05:30,0.0
2025-11-07 05:45,0.001929
2025-11-07 06:00,0.042133
2025-11-07 06:15,0.003196
2025-11-07 06:30,0.00259
2025-11-07 06:45,0.000744
2025-11-07 07:00,0.007716
2025-11-07 07:15,0.002783
2025-11-07 07:30,0.001598
2025-11-07 07:45,0.001929
2025-11-07 08:00,0.0
2025-11-07 08:15,0.0
2025-11-07 08:30,0.001929
2025-11-07 08:45,0.002645
2025-11-07 09:00,0.0
2025-11-07 09:15,0.00259
2025-11-07 09:30,0.0
2025-11-07 09:45,0.0
2025-11-07 10:00,0.001929
2025-11-07 10:15,0.0
2025-11-07 10:30,0.0
2025-11-07 10:45,0.003252
2025-11-07 11:00,0.020722
2025-11-07 11:15,0.0
2025-11-07 11:30,0.0
2025-11-07 11:45,0.0
2025-11-07 12:00,0.001598
2025-11-07 12:15,0.041719
2025-11-07 12:30,0.11984
2025-11-07 12:45,0.041719
2025-11-07 13:00,0.043483
2025-11-07 13:15,0.367319
2025-11-07 13:30,0.119785
2025-11-07 13:45,0.866988
2025-11-07 14:00,0.510003
2025-11-07 14:15,0.756737
2025-11-07 14:30,0.292477
2025-11-07 14:45,0.173739
2025-11-07 15:00,0.362607
2025-11-07 15:15,0.579416
2025-11-07 15:30,0.664921
2025-11-07 15:45,0.63946
2025-11-07 16:00,0.516368
2025-11-07 16:15,0.194379
2025-11-07 16:30,0.111215
2025-11-07 16:45,0.853183
2025-11-07 17:00,0.245467
2025-11-07 17:15,0.272913
2025-11-07 17:30,0.425682
2025-11-07 17:45,0.155552
2025-11-07 18:00,0.101791
2025-11-07 18:15,0.490989
2025-11-07 18:30,0.556765
2025-11-07 18:45,0.196197
2025-11-07 19:00,0.305291
2025-11-07 19:15,0.441609
2025-11-07 19:30,0.325158
2025-11-07 19:45,0.37677
2025-11-07 20:00,0.701681
2025-11-07 20:15,0.508928
2025-11-07 20:30,0.014329
2025-11-07 20:45,0.502838
2025-11-07 21:00,0.367153
2025-11-07 21:15,0.049132
2025-11-07 21:30,0.138165
2025-11-07 21:45,0.20992
2025-11-07 22:00,0.0
2025-11-07 22:15,0.080353
2025-11-07 22:30,0.001764
2025-11-07 22:45,0.001764
2025-11-07 23:00,0.009424
2025-11-07 23:15,0.0
2025-11-07 23:30,0.003362
2025-11-07 23:45,0.0
2025-11-08 00:00,0.0
2025-11-08 00:15,0.0
2025-11-08 00:30,0.00518
2025-11-08 00:45,0.002783
2025-11-08 01:00,0.0
2025-11-08 01:15,0.03957
2025-11-08 01:30,0.004519
2025-11-08 01:45,0.001929
2025-11-08 02:00,0.0
2025-11-08 02:15,0.002452
2025-11-08 02:30,0.0
2025-11-08 02:45,0.0
2025-11-08 03:00,0.0
2025-11-08 03:15,0.0
2025-11-08 03:30,0.001929
2025-11-08 03:45,0.009038
2025-11-08 04:00,0.001929
2025-11-08 04:15,0.0
2025-11-08 04:30,0.001764
2025-11-08 04:45,0.085919
2025-11-08 05:00,0.0
2025-11-08 05:15,0.0
2025-11-08 05:30,0.0
2025-11-08 05:45,0.0
2025-11-08 06:00,0.013392
2025-11-08 06:15,0.0
2025-11-08 06:30,0.001929
2025-11-08 06:45,0.0
2025-11-08 07:00,0.0
2025-11-08 07:15,0.0
2025-11-08 07:30,0.0
2025-11-08 07:45,0.0
2025-11-08 08:00,0.0
2025-11-08 08:15,0.083659
2025-11-08 08:30,0.167319
2025-11-08 08:45,0.010306
2025-11-08 09:00,0.0
2025-11-08 09:15,0.00259
2025-11-08 09:30,0.0
2025-11-08 09:45,0.0
2025-11-08 10:00,0.004519
2025-11-08 10:15,0.0
2025-11-08 10:30,0.0
2025-11-08 10:45,0.03968
2025-11-08 11:00,0.0
2025-11-08 11:15,0.0
2025-11-08 11:30,0.003858
2025-11-08 11:45,0.0
2025-11-08 12:00,0.001929
2025-11-08 12:15,0.0
2025-11-08 12:30,0.0
2025-11-08 12:45,0.0
2025-11-08 13:00,0.0
2025-11-08 13:15,0.012455
2025-11-08 13:30,0.024414
2025-11-08 13:45,0.0
2025-11-08 14:00,0.001929
2025-11-08 14:15,0.049986
2025-11-08 14:30,0.167319
2025-11-08 14:45,0.005428
2025-11-08 15:00,0.01105
2025-11-08 15:15,0.0
2025-11-08 15:30,0.002149
2025-11-08 15:45,0.227583
2025-11-08 16:00,0.121852
2025-11-08 16:15,0.0
2025-11-08 16:30,0.039625
2025-11-08 16:45,0.001929
2025-11-08 17:00,0.0
2025-11-08 17:15,0.128134
2025-11-08 17:30,0.0
2025-11-08 17:45,0.04183
2025-11-08 18:00,0.0
2025-11-08 18:15,0.001764
2025-11-08 18:30,0.045577
2025-11-08 18:45,0.086222
2025-11-08 19:00,0.0
2025-11-08 19:15,0.0
2025-11-08 19:30,0.0
2025-11-08 19:45,0.001929
2025-11-08 20:00,0.001598
2025-11-08 20:15,0.001929
2025-11-08 20:30,0.006999
2025-11-08 20:45,0.0
2025-11-08 21:00,0.002452
2025-11-08 21:15,0.0
2025-11-08 21:30,0.0
2025-11-08 21:45,0.0
2025-11-08 22:00,0.00259
2025-11-08 22:15,0.086691
2025-11-08 22:30,0.0
2025-11-08 22:45,0.0
2025-11-08 23:00,0.041031
2025-11-08 23:15,0.0
2025-11-08 23:30,0.04183
2025-11-08 23:45,0.0
2025-11-09 00:00,0.001929
2025-11-09 00:15,0.071673
2025-11-09 00:30,0.0
2025-11-09 00:45,0.0
2025-11-09 01:00,0.0
2025-11-09 01:15,0.171948
2025-11-09 01:30,0.0
2025-11-09 01:45,0.04183
2025-11-09 02:00,0.0
2025-11-09 02:15,0.0
2025-11-09 02:30,0.007109
2025-11-09 02:45,0.0
2025-11-09 03:00,0.0
2025-11-09 03:15,0.04183
2025-11-09 03:30,0.0
2025-11-09 03:45,0.167319
2025-11-09 04:00,0.0
2025-11-09 04:15,0.0
2025-11-09 04:30,0.0
2025-11-09 04:45,0.0
2025-11-09 05:00,0.0
2025-11-09 05:15,0.0
2025-11-09 05:30,0.037862
2025-11-09 05:45,0.0
2025-11-09 06:00,0.015431
2025-11-09 06:15,0.00259
2025-11-09 06:30,0.0
2025-11-09 06:45,0.0
2025-11-09 07:00,0.001598
2025-11-09 07:15,0.0
2025-11-09 07:30,0.0
2025-11-09 07:45,0.0
2025-11-09 08:00,0.0
2025-11-09 08:15,0.0
2025-11-09 08:30,0.0
2025-11-09 08:45,0.00259
2025-11-09 09:00,0.00259
2025-11-09 09:15,0.0
2025-11-09 09:30,0.0
2025-11-09 09:45,0.0
2025-11-09 10:00,0.0
2025-11-09 10:15,0.00259
2025-11-09 10:30,0.04183
2025-11-09 10:45,0.0
2025-11-09 11:00,0.0
2025-11-09 11:15,0.0
2025-11-09 11:30,0.0
2025-11-09 11:45,0.0
2025-11-09 12:00,0.086911
2025-11-09 12:15,0.0
2025-11-09 12:30,0.0
2025-11-09 12:45,0.0
2025-11-09 13:00,0.0
2025-11-09 13:15,0.013337
2025-11-09 13:30,0.0
2025-11-09 13:45,0.002811
2025-11-09 14:00,0.0
2025-11-09 14:15,0.0
2025-11-09 14:30,0.001929
2025-11-09 14:45,0.0
2025-11-09 15:00,0.0
2025-11-09 15:15,0.0
2025-11-09 15:30,0.0
2025-11-09 15:45,0.023092
2025-11-09 16:00,0.077046
2025-11-09 16:15,0.0
2025-11-09 16:30,0.0
2025-11-09 16:45,0.0
2025-11-09 17:00,0.0
2025-11-09 17:15,0.007716
2025-11-09 17:30,0.0
2025-11-09 17:45,0.010361
2025-11-09 18:00,0.0
2025-11-09 18:15,0.0
2025-11-09 18:30,0.040176
2025-11-09 18:45,0.002921
2025-11-09 19:00,0.04183
2025-11-09 19:15,0.0
2025-11-09 19:30,0.0
2025-11-09 19:45,0.007605
2025-11-09 20:00,0.00259
2025-11-09 20:15,0.007716
2025-11-09 20:30,0.040176
2025-11-09 20:45,0.0
2025-11-09 21:00,0.167319
2025-11-09 21:15,0.0
2025-11-09 21:30,0.00259
2025-11-09 21:45,0.0
2025-11-09 22:00,0.0
2025-11-09 22:15,0.0
2025-11-09 22:30,0.039928
2025-11-09 22:45,0.0
2025-11-09 23:00,0.0
2025-11-09 23:15,0.0
2025-11-09 23:30,0.167319
2025-11-09 23:45,0.0
2025-11-10 00:00,0.004519
2025-11-10 00:15,0.0
2025-11-10 00:30,0.0
2025-11-10 00:45,0.0
2025-11-10 01:00,0.0
2025-11-10 01:15,0.169248
2025-11-10 01:30,0.0
2025-11-10 01:45,0.040176
2025-11-10 02:00,0.173712
2025-11-10 02:15,0.001764
2025-11-10 02:30,0.001764
2025-11-10 02:45,0.001764
2025-11-10 03:00,0.04442
2025-11-10 03:15,0.008653
2025-11-10 03:30,0.152108
2025-11-10 03:45,0.052604
2025-11-10 04:00,0.0
2025-11-10 04:15,0.0
2025-11-10 04:30,0.0
2025-11-10 04:45,0.0
2025-11-10 05:00,0.003996
2025-11-10 05:15,0.001764
2025-11-10 05:30,0.0
2025-11-10 05:45,0.009645
2025-11-10 06:00,0.007054
2025-11-10 06:15,0.0
2025-11-10 06:30,0.0
2025-11-10 06:45,0.0
2025-11-10 07:00,0.0
2025-11-10 07:15,0.0
2025-11-10 07:30,0.00259
2025-11-10 07:45,0.004712
2025-11-10 08:00,0.009782
2025-11-10 08:15,0.00518
2025-11-10 08:30,0.203472
2025-11-10 08:45,0.004519
2025-11-10 09:00,0.04183
2025-11-10 09:15,0.0
2025-11-10 09:30,0.0
2025-11-10 09:45,0.0
2025-11-10 10:00,0.0
2025-11-10 10:15,0.0
2025-11-10 10:30,0.007054
2025-11-10 10:45,0.00259
2025-11-10 11:00,0.001929
2025-11-10 11:15,0.001929
2025-11-10 11:30,0.0
2025-11-10 11:45,0.008157
2025-11-10 12:00,0.0
2025-11-10 12:15,0.001929
2025-11-10 12:30,0.042822
2025-11-10 12:45,0.0
2025-11-10 13:00,0.007275
2025-11-10 13:15,0.159713
2025-11-10 13:30,0.080408
2025-11-10 13:45,0.483715
2025-11-10 14:00,0.088812
2025-11-10 14:15,0.142877
2025-11-10 14:30,0.128465
2025-11-10 14:45,0.210416
2025-11-10 15:00,0.098953
2025-11-10 15:15,0.053734
2025-11-10 15:30,0.173491
2025-11-10 15:45,0.251805
2025-11-10 16:00,0.82954
2025-11-10 16:15,0.288482
2025-11-10 16:30,0.337889
2025-11-10 16:45,0.466024
2025-11-10 17:00,0.055828
2025-11-10 17:15,0.478837
2025-11-10 17:30,0.837283
2025-11-10 17:45,0.47429
2025-11-10 18:00,0.276219
2025-11-10 18:15,0.220722
2025-11-10 18:30,0.592808
2025-11-10 18:45,0.507578
2025-11-10 19:00,0.326095
2025-11-10 19:15,0.311601
2025-11-10 19:30,0.262937
2025-11-10 19:45,0.328878
2025-11-10 20:00,0.198292
2025-11-10 20:15,0.725958
2025-11-10 20:30,0.018931
2025-11-10 20:45,0.256186
2025-11-10 21:00,0.106035
2025-11-10 21:15,0.252025
2025-11-10 21:30,0.387159
2025-11-10 21:45,0.180904
2025-11-10 22:00,0.009314
2025-11-10 22:15,0.040287
2025-11-10 22:30,0.0841
2025-11-10 22:45,0.038523
2025-11-10 23:00,0.012014
2025-11-10 23:15,0.0
2025-11-10 23:30,0.019923
2025-11-10 23:45,0.0
2025-11-11 00:00,0.0
2025-11-11 00:15,0.519372
2025-11-11 00:30,0.00259
2025-11-11 00:45,0.0
2025-11-11 01:00,0.0
2025-11-11 01:15,0.0
2025-11-11 01:30,0.001929
2025-11-11 01:45,0.003996
2025-11-11 02:00,0.003858
2025-11-11 02:15,0.0
2025-11-11 02:30,0.154092
2025-11-11 02:45,0.001929
2025-11-11 03:00,0.023946
2025-11-11 03:15,0.01229
2025-11-11 03:30,0.0
2025-11-11 03:45,0.034279
2025-11-11 04:00,0.001598
2025-11-11 04:15,0.003196
2025-11-11 04:30,0.0
2025-11-11 04:45,0.0
2025-11-11 05:00,0.0
2025-11-11 05:15,0.04183
2025-11-11 05:30,0.039625
2025-11-11 05:45,0.0
2025-11-11 06:00,0.0
2025-11-11 06:15,0.0
2025-11-11 06:30,0.0
2025-11-11 06:45,0.001929
2025-11-11 07:00,0.0
2025-11-11 07:15,0.0
2025-11-11 07:30,0.001929
2025-11-11 07:45,0.0
2025-11-11 08:00,0.0
2025-11-11 08:15,0.0
2025-11-11 08:30,0.009038
2025-11-11 08:45,0.0
2025-11-11 09:00,0.001929
2025-11-11 09:15,0.0
2025-11-11 09:30,0.001929
2025-11-11 09:45,0.009314
2025-11-11 10:00,0.131772
2025-11-11 10:15,0.001929
2025-11-11 10:30,0.00259
2025-11-11 10:45,0.04183
2025-11-11 11:00,0.0
2025-11-11 11:15,0.042105
2025-11-11 11:30,0.0
2025-11-11 11:45,0.04442
2025-11-11 12:00,0.0
2025-11-11 12:15,0.0
2025-11-11 12:30,0.0
2025-11-11 12:45,0.00259
2025-11-11 13:00,0.049215
2025-11-11 13:15,0.0
2025-11-11 13:30,0.050785
2025-11-11 13:45,0.115569
2025-11-11 14:00,0.198292
2025-11-11 14:15,0.005291
2025-11-11 14:30,0.062304
2025-11-11 14:45,0.052108
2025-11-11 15:00,0.231359
2025-11-11 15:15,0.207605
2025-11-11 15:30,0.11973
2025-11-11 15:45,0.242822
2025-11-11 16:00,0.011243
2025-11-11 16:15,0.316699
2025-11-11 16:30,0.319647
2025-11-11 16:45,0.110196
2025-11-11 17:00,0.15569
2025-11-11 17:15,0.04183
2025-11-11 17:30,0.001764
2025-11-11 17:45,0.001075
2025-11-11 18:00,0.219482
2025-11-11 18:15,0.013916
2025-11-11 18:30,0.029264
2025-11-11 18:45,0.321907
2025-11-11 19:00,0.04183
2025-11-11 19:15,0.401102
2025-11-11 19:30,0.124222
2025-11-11 19:45,0.346707
2025-11-11 20:00,0.153265
2025-11-11 20:15,0.119702
2025-11-11 20:30,0.115569
2025-11-11 20:45,0.054423
2025-11-11 21:00,0.042188
2025-11-11 21:15,0.111546
2025-11-11 21:30,0.117498
2025-11-11 21:45,0.044034
2025-11-11 22:00,0.003858
2025-11-11 22:15,0.0
2025-11-11 22:30,0.0
2025-11-11 22:45,0.0
2025-11-11 23:00,0.004354
2025-11-11 23:15,0.0
2025-11-11 23:30,0.0
2025-11-11 23:45,0.0
2025-11-12 00:00,0.0
2025-11-12 00:00,0.0
2025-11-12 00:15,0.000484
2025-11-12 00:30,0.077371
2025-11-12 00:45,0.0
2025-11-12 01:00,0.002885
2025-11-12 01:15,0.0
2025-11-12 01:30,0.0
2025-11-12 01:45,0.010501
2025-11-12 02:00,0.0
2025-11-12 02:15,0.000484
2025-11-12 02:30,0.00065
2025-11-12 02:45,0.000969
2025-11-12 03:00,0.000484
2025-11-12 03:15,0.000484
2025-11-12 03:30,0.003971
2025-11-12 03:45,0.0
2025-11-12 04:00,0.000484
2025-11-12 04:15,0.0
2025-11-12 04:30,0.0
2025-11-12 04:45,0.000484
2025-11-12 05:00,0.000969
2025-11-12 05:15,0.0
2025-11-12 05:30,0.002269
2025-11-12 05:45,0.0
2025-11-12 06:00,0.005202
2025-11-12 06:15,0.0
2025-11-12 06:30,0.019038
2025-11-12 06:45,0.0
2025-11-12 07:00,0.000457
2025-11-12 07:15,0.00065
2025-11-12 07:30,0.0
2025-11-12 07:45,0.000837
2025-11-12 08:00,0.00065
2025-11-12 08:15,0.0
2025-11-12 08:30,0.0
2025-11-12 08:45,0.000567
2025-11-12 09:00,0.0
2025-11-12 09:15,0.0
2025-11-12 09:30,0.003424
2025-11-12 09:45,0.0
2025-11-12 10:00,0.00065
2025-11-12 10:15,0.0
2025-11-12 10:30,0.002172
2025-11-12 10:45,0.0
2025-11-12 11:00,0.0
2025-11-12 11:15,0.0
2025-11-12 11:30,0.000443
2025-11-12 11:45,0.000401
2025-11-12 12:00,0.080082
2025-11-12 12:15,0.079986
2025-11-12 12:30,0.010073
2025-11-12 12:45,0.003653
2025-11-12 13:00,0.012881
2025-11-12 13:15,0.02211
2025-11-12 13:30,0.040602
2025-11-12 13:45,0.211434
2025-11-12 14:00,0.001245
2025-11-12 14:15,0.334353
2025-11-12 14:30,0.246384
2025-11-12 14:45,0.21133
2025-11-12 15:00,0.276684
2025-11-12 15:15,0.155737
2025-11-12 15:30,0.193648
2025-11-12 15:45,0.056734
2025-11-12 16:00,0.086067
2025-11-12 16:15,0.165257
2025-11-12 16:30,0.286868
2025-11-12 16:45,0.406652
2025-11-12 17:00,0.129504
2025-11-12 17:15,0.046039
2025-11-12 17:30,0.282821
2025-11-12 17:45,0.192527
2025-11-12 18:00,0.122462
2025-11-12 18:15,0.19517
2025-11-12 18:30,0.099646
2025-11-12 18:45,0.088439
2025-11-12 19:00,0.160123
2025-11-12 19:15,0.125132
2025-11-12 19:30,0.08047
2025-11-12 19:45,0.180732
2025-11-12 20:00,0.057239
2025-11-12 20:15,0.031408
2025-11-12 20:30,0.025825
2025-11-12 20:45,0.281914
2025-11-12 21:00,0.054355
2025-11-12 21:15,0.101099
2025-11-12 21:30,0.108806
2025-11-12 21:45,0.056298
2025-11-12 22:00,0.01313
2025-11-12 22:15,0.029007
2025-11-12 22:30,0.010356
2025-11-12 22:45,0.000927
2025-11-12 23:00,0.001148
2025-11-12 23:15,0.000443
2025-11-12 23:30,0.040858
2025-11-12 23:45,0.010114
2025-11-13 00:00,0.089242
2025-11-13 00:15,0.001135
2025-11-13 00:30,0.000443
2025-11-13 00:45,0.000484
2025-11-13 01:00,0.0
2025-11-13 01:15,0.0
2025-11-13 01:30,0.0
2025-11-13 01:45,0.003874
2025-11-13 02:00,0.008136
2025-11-13 02:15,0.077371
2025-11-13 02:30,0.0
2025-11-13 02:45,0.0
2025-11-13 03:00,0.020754
2025-11-13 03:15,0.001003
2025-11-13 03:30,0.0
2025-11-13 03:45,0.019343
2025-11-13 04:00,0.025846
2025-11-13 04:15,0.0
2025-11-13 04:30,0.00054
2025-11-13 04:45,0.000401
2025-11-13 05:00,0.009671
2025-11-13 05:15,0.0
2025-11-13 05:30,0.018049
2025-11-13 05:45,0.081245
2025-11-13 06:00,0.018153
2025-11-13 06:15,0.010557
2025-11-13 06:30,0.0
2025-11-13 06:45,0.000484
2025-11-13 07:00,0.0
2025-11-13 07:15,0.0
2025-11-13 07:30,0.000484
2025-11-13 07:45,0.002269
2025-11-13 08:00,0.010156
2025-11-13 08:15,0.0
2025-11-13 08:30,0.0
2025-11-13 08:45,0.000401
2025-11-13 09:00,0.000484
2025-11-13 09:15,0.0
2025-11-13 09:30,0.0
2025-11-13 09:45,0.000643
2025-11-13 10:00,0.0
2025-11-13 10:15,0.0
2025-11-13 10:30,0.0
2025-11-13 10:45,0.0
2025-11-13 11:00,0.010432
2025-11-13 11:15,0.000484
2025-11-13 11:30,0.0
2025-11-13 11:45,0.009671
2025-11-13 12:00,0.010322
2025-11-13 12:15,0.000802
2025-11-13 12:30,0.001999
2025-11-13 12:45,0.000401
2025-11-13 13:00,0.0
2025-11-13 13:15,0.019785
2025-11-13 13:30,0.159743
2025-11-13 13:45,0.033172
2025-11-13 14:00,0.061369
2025-11-13 14:15,0.088336
2025-11-13 14:30,0.292734
2025-11-13 14:45,0.536067
2025-11-13 15:00,0.235467
2025-11-13 15:15,0.230196
2025-11-13 15:30,0.173309
2025-11-13 15:45,0.116478
2025-11-13 16:00,0.08909
2025-11-13 16:15,0.124869
2025-11-13 16:30,0.120449
2025-11-13 16:45,0.160559
2025-11-13 17:00,0.079232
2025-11-13 17:15,0.029547
2025-11-13 17:30,0.375023
2025-11-13 17:45,1.0
2025-11-13 18:00,0.040297
2025-11-13 18:15,0.068626
2025-11-13 18:30,0.203727
2025-11-13 18:45,0.086343
2025-11-13 19:00,0.090826
2025-11-13 19:15,0.245713
2025-11-13 19:30,0.05028
2025-11-13 19:45,0.049955
2025-11-13 20:00,0.054707
2025-11-13 20:15,0.083839
2025-11-13 20:30,0.211849
2025-11-13 20:45,0.146668
2025-11-13 21:00,0.041148
2025-11-13 21:15,0.085568
2025-11-13 21:30,0.116941
2025-11-13 21:45,0.030591
2025-11-13 22:00,0.028793
2025-11-13 22:15,0.002677
2025-11-13 22:30,0.000484
2025-11-13 22:45,0.003424
2025-11-13 23:00,0.077371
2025-11-13 23:15,0.002753
2025-11-13 23:30,0.009671
2025-11-13 23:45,0.008288
2025-11-14 00:00,0.0
2025-11-14 00:15,0.00065
2025-11-14 00:30,0.0
2025-11-14 00:45,0.0
2025-11-14 01:00,0.0
2025-11-14 01:15,0.000699
2025-11-14 01:30,0.0
2025-11-14 01:45,0.001321
2025-11-14 02:00,0.032182
2025-11-14 02:15,0.0
2025-11-14 02:30,0.0112
2025-11-14 02:45,0.000969
2025-11-14 03:00,0.0
2025-11-14 03:15,0.005375
2025-11-14 03:30,0.000484
2025-11-14 03:45,0.000401
2025-11-14 04:00,0.011221
2025-11-14 04:15,0.0
2025-11-14 04:30,0.000969
2025-11-14 04:45,0.0
2025-11-14 05:00,0.0
2025-11-14 05:15,0.0
2025-11-14 05:30,0.0
2025-11-14 05:45,0.0
2025-11-14 06:00,0.0
2025-11-14 06:15,0.0
2025-11-14 06:30,0.0
2025-11-14 06:45,0.0
2025-11-14 07:00,0.0
2025-11-14 07:15,0.0
2025-11-14 07:30,0.005202
2025-11-14 07:45,0.0
2025-11-14 08:00,0.0
2025-11-14 08:15,0.000969
2025-11-14 08:30,0.0
2025-11-14 08:45,0.0
2025-11-14 09:00,0.0
2025-11-14 09:15,0.0
2025-11-14 09:30,0.0
2025-11-14 09:45,0.0
2025-11-14 10:00,0.0
2025-11-14 10:15,0.010156
2025-11-14 10:30,0.0
2025-11-14 10:45,0.0
2025-11-14 11:00,0.0
2025-11-14 11:15,0.0
2025-11-14 11:30,0.000886
2025-11-14 11:45,0.038685
2025-11-14 12:00,0.002691
2025-11-14 12:15,0.02478
2025-11-14 12:30,0.000484
2025-11-14 12:45,0.077371
2025-11-14 13:00,0.001646
2025-11-14 13:15,0.000443
2025-11-14 13:30,0.01423
2025-11-14 13:45,0.150334
2025-11-14 14:00,0.041176
2025-11-14 14:15,0.200123
2025-11-14 14:30,0.190507
2025-11-14 14:45,0.083521
2025-11-14 15:00,0.159342
2025-11-14 15:15,0.091442
2025-11-14 15:30,0.135841
2025-11-14 15:45,0.061307
2025-11-14 16:00,0.207525
2025-11-14 16:15,0.232285
2025-11-14 16:30,0.186668
2025-11-14 16:45,0.174112
2025-11-14 17:00,0.118712
2025-11-14 17:15,0.221908
2025-11-14 17:30,0.028979
2025-11-14 17:45,0.078879
2025-11-14 18:00,0.015565
2025-11-14 18:15,0.012196
2025-11-14 18:30,0.254595
2025-11-14 18:45,0.185547
2025-11-14 19:00,0.112085
2025-11-14 19:15,0.140656
2025-11-14 19:30,0.167373
2025-11-14 19:45,0.045998
2025-11-14 20:00,0.107436
2025-11-14 20:15,0.043742
2025-11-14 20:30,0.136284
2025-11-14 20:45,0.210113
2025-11-14 21:00,0.030923
2025-11-14 21:15,0.110272
2025-11-14 21:30,0.029457
2025-11-14 21:45,0.009671
2025-11-14 22:00,0.021141
2025-11-14 22:15,0.010322
2025-11-14 22:30,0.000443
2025-11-14 22:45,0.0
2025-11-14 23:00,0.078194
2025-11-14 23:15,0.093074
2025-11-14 23:30,0.077371
2025-11-14 23:45,0.00065
2025-11-15 00:00,0.000837
2025-11-15 00:15,0.0
2025-11-15 00:30,0.00054
2025-11-15 00:45,0.000969
2025-11-15 01:00,0.019343
2025-11-15 01:15,0.000886
2025-11-15 01:30,0.0
2025-11-15 01:45,0.0
2025-11-15 02:00,0.003618
2025-11-15 02:15,0.030301
2025-11-15 02:30,0.000443
2025-11-15 02:45,0.0
2025-11-15 03:00,0.0
2025-11-15 03:15,0.0
2025-11-15 03:30,0.00065
2025-11-15 03:45,0.0
2025-11-15 04:00,0.010501
2025-11-15 04:15,0.0
2025-11-15 04:30,0.0
2025-11-15 04:45,0.0
2025-11-15 05:00,0.01037
2025-11-15 05:15,0.0
2025-11-15 05:30,0.0
2025-11-15 05:45,0.000484
2025-11-15 06:00,0.0
2025-11-15 06:15,0.0
2025-11-15 06:30,0.0
2025-11-15 06:45,0.0
2025-11-15 07:00,0.000401
2025-11-15 07:15,0.0
2025-11-15 07:30,0.0
2025-11-15 07:45,0.002269
2025-11-15 08:00,0.002767
2025-11-15 08:15,0.001487
2025-11-15 08:30,0.0
2025-11-15 08:45,0.000484
2025-11-15 09:00,0.0
2025-11-15 09:15,0.000699
2025-11-15 09:30,0.0
2025-11-15 09:45,0.000969
2025-11-15 10:00,0.0
2025-11-15 10:15,0.0
2025-11-15 10:30,0.0
2025-11-15 10:45,0.000484
2025-11-15 11:00,0.0
2025-11-15 11:15,0.0
2025-11-15 11:30,0.0
2025-11-15 11:45,0.0
2025-11-15 12:00,0.0
2025-11-15 12:15,0.0
2025-11-15 12:30,0.0
2025-11-15 12:45,0.0
2025-11-15 13:00,0.0
2025-11-15 13:15,0.0
2025-11-15 13:30,0.0
2025-11-15 13:45,0.017378
2025-11-15 14:00,0.00065
2025-11-15 14:15,0.0
2025-11-15 14:30,0.0
2025-11-15 14:45,0.0
2025-11-15 15:00,0.002629
2025-11-15 15:15,0.0
2025-11-15 15:30,0.0
2025-11-15 15:45,0.031989
2025-11-15 16:00,0.00065
2025-11-15 16:15,0.0
2025-11-15 16:30,0.001086
2025-11-15 16:45,0.0
2025-11-15 17:00,0.00981
2025-11-15 17:15,0.000692
2025-11-15 17:30,0.003874
2025-11-15 17:45,0.0
2025-11-15 18:00,0.0
2025-11-15 18:15,0.003874
2025-11-15 18:30,0.0
2025-11-15 18:45,0.000484
2025-11-15 19:00,0.0
2025-11-15 19:15,0.0
2025-11-15 19:30,0.0
2025-11-15 19:45,0.0
2025-11-15 20:00,0.000484
2025-11-15 20:15,0.0
2025-11-15 20:30,0.0
2025-11-15 20:45,0.0
2025-11-15 21:00,0.009948
2025-11-15 21:15,0.000567
2025-11-15 21:30,0.006143
2025-11-15 21:45,0.0
2025-11-15 22:00,0.0
2025-11-15 22:15,0.00054
2025-11-15 22:30,0.00065
2025-11-15 22:45,0.0
2025-11-15 23:00,0.0
2025-11-15 23:15,0.000567
2025-11-15 23:30,0.00476
2025-11-15 23:45,0.0
2025-11-16 00:00,0.0
2025-11-16 00:15,0.0
2025-11-16 00:30,0.0
2025-11-16 00:45,0.0
2025-11-16 01:00,0.0
2025-11-16 01:15,0.001785
2025-11-16 01:30,0.0
2025-11-16 01:45,0.00065
2025-11-16 02:00,0.0
2025-11-16 02:15,0.0
2025-11-16 02:30,0.0
2025-11-16 02:45,0.001301
2025-11-16 03:00,0.006849
2025-11-16 03:15,0.001135
2025-11-16 03:30,0.000484
2025-11-16 03:45,0.0
2025-11-16 04:00,0.05295
2025-11-16 04:15,0.0
2025-11-16 04:30,0.0
2025-11-16 04:45,0.0
2025-11-16 05:00,0.0
2025-11-16 05:15,0.0
2025-11-16 05:30,0.0
2025-11-16 05:45,0.000747
2025-11-16 06:00,0.0
2025-11-16 06:15,0.000699
2025-11-16 06:30,0.0
2025-11-16 06:45,0.0
2025-11-16 07:00,0.0
2025-11-16 07:15,0.0
2025-11-16 07:30,0.00054
2025-11-16 07:45,0.000484
2025-11-16 08:00,0.0
2025-11-16 08:15,0.0
2025-11-16 08:30,0.0
2025-11-16 08:45,0.001446
2025-11-16 09:00,0.0
2025-11-16 09:15,0.0
2025-11-16 09:30,0.0
2025-11-16 09:45,0.0
2025-11-16 10:00,0.0
2025-11-16 10:15,0.000657
2025-11-16 10:30,0.00065
2025-11-16 10:45,0.0
2025-11-16 11:00,0.00065
2025-11-16 11:15,0.0
2025-11-16 11:30,0.0
2025-11-16 11:45,0.000484
2025-11-16 12:00,0.0
2025-11-16 12:15,0.018153
2025-11-16 12:30,0.0
2025-11-16 12:45,0.0
2025-11-16 13:00,0.0
2025-11-16 13:15,0.000699
2025-11-16 13:30,0.000982
2025-11-16 13:45,0.00065
2025-11-16 14:00,0.084012
2025-11-16 14:15,0.0
2025-11-16 14:30,0.0
2025-11-16 14:45,0.005202
2025-11-16 15:00,0.0
2025-11-16 15:15,0.0
2025-11-16 15:30,0.0
2025-11-16 15:45,0.084662
2025-11-16 16:00,0.0
2025-11-16 16:15,0.00065
2025-11-16 16:30,0.0
2025-11-16 16:45,0.0
2025-11-16 17:00,0.005202
2025-11-16 17:15,0.0
2025-11-16 17:30,0.0
2025-11-16 17:45,0.0
2025-11-16 18:00,0.0
2025-11-16 18:15,0.0
2025-11-16 18:30,0.003874
2025-11-16 18:45,0.0
2025-11-16 19:00,0.009671
2025-11-16 19:15,0.000484
2025-11-16 19:30,0.0
2025-11-16 19:45,0.0
2025-11-16 20:00,0.0
2025-11-16 20:15,0.010501
2025-11-16 20:30,0.000913
2025-11-16 20:45,0.0
2025-11-16 21:00,0.079584
2025-11-16 21:15,0.003874
2025-11-16 21:30,0.0
2025-11-16 21:45,0.0
2025-11-16 22:00,0.0
2025-11-16 22:15,0.000969
2025-11-16 22:30,0.0
2025-11-16 22:45,0.0
2025-11-16 23:00,0.000401
2025-11-16 23:15,0.0
2025-11-16 23:30,0.0
2025-11-16 23:45,0.0
2025-11-17 00:00,0.058028
2025-11-17 00:15,0.097972
2025-11-17 00:30,0.00898
2025-11-17 00:45,0.00981
2025-11-17 01:00,0.0
2025-11-17 01:15,0.0
2025-11-17 01:30,0.0
2025-11-17 01:45,0.0
2025-11-17 02:00,0.000484
2025-11-17 02:15,0.0
2025-11-17 02:30,0.000484
2025-11-17 02:45,0.00054
2025-11-17 03:00,0.000858
2025-11-17 03:15,0.0
2025-11-17 03:30,0.0
2025-11-17 03:45,0.0
2025-11-17 04:00,0.0
2025-11-17 04:15,0.0
2025-11-17 04:30,0.010156
2025-11-17 04:45,0.010405
2025-11-17 05:00,0.0
2025-11-17 05:15,0.007416
2025-11-17 05:30,0.0
2025-11-17 05:45,0.0
2025-11-17 06:00,0.024407
2025-11-17 06:15,0.018768
2025-11-17 06:30,0.0
2025-11-17 06:45,0.0
2025-11-17 07:00,0.000484
2025-11-17 07:15,0.000484
2025-11-17 07:30,0.0
2025-11-17 07:45,0.009948
2025-11-17 08:00,0.0
2025-11-17 08:15,0.0
2025-11-17 08:30,0.0
2025-11-17 08:45,0.0
2025-11-17 09:00,0.003874
2025-11-17 09:15,0.0
2025-11-17 09:30,0.0
2025-11-17 09:45,0.0
2025-11-17 10:00,0.0
2025-11-17 10:15,0.000484
2025-11-17 10:30,0.0
2025-11-17 10:45,0.0
2025-11-17 11:00,0.0
2025-11-17 11:15,0.001653
2025-11-17 11:30,0.0
2025-11-17 11:45,0.0
2025-11-17 12:00,0.088273
2025-11-17 12:15,0.020214
2025-11-17 12:30,0.005749
2025-11-17 12:45,0.022739
2025-11-17 13:00,0.054783
2025-11-17 13:15,0.0
2025-11-17 13:30,0.032252
2025-11-17 13:45,0.016112
2025-11-17 14:00,0.04166
2025-11-17 14:15,0.12213
2025-11-17 14:30,0.150334
2025-11-17 14:45,0.334498
2025-11-17 15:00,0.109588
2025-11-17 15:15,0.173489
2025-11-17 15:30,0.129622
2025-11-17 15:45,0.546665
2025-11-17 16:00,0.425393
2025-11-17 16:15,0.052445
2025-11-17 16:30,0.239722
2025-11-17 16:45,0.09039
2025-11-17 17:00,0.11479
2025-11-17 17:15,0.044718
2025-11-17 17:30,0.796162
2025-11-17 17:45,0.157585
2025-11-17 18:00,0.4566
2025-11-17 18:15,0.136616
2025-11-17 18:30,0.17389
2025-11-17 18:45,0.059917
2025-11-17 19:00,0.041902
2025-11-17 19:15,0.126115
2025-11-17 19:30,0.129249
2025-11-17 19:45,0.656958
2025-11-17 20:00,0.250368
2025-11-17 20:15,0.015309
2025-11-17 20:30,0.201825
2025-11-17 20:45,0.064026
2025-11-17 21:00,0.051829
2025-11-17 21:15,0.064863
2025-11-17 21:30,0.039917
2025-11-17 21:45,0.043016
2025-11-17 22:00,0.087042
2025-11-17 22:15,0.242081
2025-11-17 22:30,0.136844
2025-11-17 22:45,0.010391
2025-11-17 23:00,0.020443
2025-11-17 23:15,0.002186
2025-11-17 23:30,0.009671
2025-11-17 23:45,0.0
2025-11-18 00:00,0.020657
2025-11-18 00:15,0.0
2025-11-18 00:30,0.0
2025-11-18 00:45,0.001301
2025-11-18 01:00,0.0
2025-11-18 01:15,0.0
2025-11-18 01:30,0.0
2025-11-18 01:45,0.0
2025-11-18 02:00,0.0
2025-11-18 02:15,0.0
2025-11-18 02:30,0.0
2025-11-18 02:45,0.00065
2025-11-18 03:00,0.001446
2025-11-18 03:15,0.00054
2025-11-18 03:30,0.000484
2025-11-18 03:45,0.00065
2025-11-18 04:00,0.010792
2025-11-18 04:15,0.006046
2025-11-18 04:30,0.0
2025-11-18 04:45,0.0
2025-11-18 05:00,0.000484
2025-11-18 05:15,0.0
2025-11-18 05:30,0.0
2025-11-18 05:45,0.003874
2025-11-18 06:00,0.012487
2025-11-18 06:15,0.0
2025-11-18 06:30,0.0
2025-11-18 06:45,0.000643
2025-11-18 07:00,0.000844
2025-11-18 07:15,0.00119
2025-11-18 07:30,0.000443
2025-11-18 07:45,0.000484
2025-11-18 08:00,0.000969
2025-11-18 08:15,0.001785
2025-11-18 08:30,0.0
2025-11-18 08:45,0.001301
2025-11-18 09:00,0.000484
2025-11-18 09:15,0.0
2025-11-18 09:30,0.0
2025-11-18 09:45,0.0
2025-11-18 10:00,0.0
2025-11-18 10:15,0.01194
2025-11-18 10:30,0.0
2025-11-18 10:45,0.005202
2025-11-18 11:00,0.001591
2025-11-18 11:15,0.0
2025-11-18 11:30,0.0
2025-11-18 11:45,0.002283
2025-11-18 12:00,0.000699
2025-11-18 12:15,0.000484
2025-11-18 12:30,0.007956
2025-11-18 12:45,0.0
2025-11-18 13:00,0.087485
2025-11-18 13:15,0.000443
2025-11-18 13:30,0.031601
2025-11-18 13:45,0.086239
2025-11-18 14:00,0.186467
2025-11-18 14:15,0.270036
2025-11-18 14:30,0.145651
2025-11-18 14:45,0.053033
2025-11-18 15:00,0.1736
2025-11-18 15:15,0.324965
2025-11-18 15:30,0.15333
2025-11-18 15:45,0.248002
2025-11-18 16:00,0.063625
2025-11-18 16:15,0.043452
2025-11-18 16:30,0.179487
2025-11-18 16:45,0.308908
2025-11-18 17:00,0.051823
2025-11-18 17:15,0.112099
2025-11-18 17:30,0.022041
2025-11-18 17:45,0.02606
2025-11-18 18:00,0.106073
2025-11-18 18:15,0.118574
2025-11-18 18:30,0.091663
2025-11-18 18:45,0.082303
2025-11-18 19:00,0.036728
2025-11-18 19:15,0.226494
2025-11-18 19:30,0.205408
2025-11-18 19:45,0.430983
2025-11-18 20:00,0.24345
2025-11-18 20:15,0.049761
2025-11-18 20:30,0.026952
2025-11-18 20:45,0.049934
2025-11-18 21:00,0.101141
2025-11-18 21:15,0.013615
2025-11-18 21:30,0.063839
2025-11-18 21:45,0.052763
2025-11-18 22:00,0.001944
2025-11-18 22:15,0.047104
2025-11-18 22:30,0.086724
2025-11-18 22:45,0.00065
2025-11-18 23:00,0.0
2025-11-18 23:15,0.010114
2025-11-18 23:30,0.000802
2025-11-18 23:45,0.000443
2025-11-19 00:00,0.000484
2025-11-19 00:00,0.000898
2025-11-19 00:15,0.001321
2025-11-19 00:30,0.0
2025-11-19 00:45,0.005593
2025-11-19 01:00,0.000898
2025-11-19 01:15,0.0
2025-11-19 01:30,0.0
2025-11-19 01:45,0.00195
2025-11-19 02:00,0.00186
2025-11-19 02:15,0.0
2025-11-19 02:30,0.0
2025-11-19 02:45,0.0
2025-11-19 03:00,0.116828
2025-11-19 03:15,0.001244
2025-11-19 03:30,0.0
2025-11-19 03:45,0.0
2025-11-19 04:00,0.032221
2025-11-19 04:15,0.0
2025-11-19 04:30,0.098177
2025-11-19 04:45,0.15577
2025-11-19 05:00,0.002771
2025-11-19 05:15,0.175241
2025-11-19 05:30,0.039763
2025-11-19 05:45,0.006837
2025-11-19 06:00,0.001206
2025-11-19 06:15,0.0
2025-11-19 06:30,0.000744
2025-11-19 06:45,0.0
2025-11-19 07:00,0.0
2025-11-19 07:15,0.001206
2025-11-19 07:30,0.0
2025-11-19 07:45,0.019138
2025-11-19 08:00,0.0
2025-11-19 08:15,0.0
2025-11-19 08:30,0.0
2025-11-19 08:45,0.0
2025-11-19 09:00,0.01883
2025-11-19 09:15,0.001206
2025-11-19 09:30,0.001206
2025-11-19 09:45,0.0
2025-11-19 10:00,0.0
2025-11-19 10:15,0.0
2025-11-19 10:30,0.0
2025-11-19 10:45,0.0
2025-11-19 11:00,0.0
2025-11-19 11:15,0.0
2025-11-19 11:30,0.001193
2025-11-19 11:45,0.0
2025-11-19 12:00,0.006734
2025-11-19 12:15,0.019138
2025-11-19 12:30,0.022319
2025-11-19 12:45,0.017932
2025-11-19 13:00,0.306564
2025-11-19 13:15,0.02228
2025-11-19 13:30,0.037416
2025-11-19 13:45,0.07337
2025-11-19 14:00,0.024038
2025-11-19 14:15,0.149857
2025-11-19 14:30,0.257334
2025-11-19 14:45,0.182437
2025-11-19 15:00,0.459974
2025-11-19 15:15,0.249202
2025-11-19 15:30,0.391773
2025-11-19 15:45,0.911776
2025-11-19 16:00,0.427419
2025-11-19 16:15,0.254845
2025-11-19 16:30,0.319519
2025-11-19 16:45,0.357474
2025-11-19 17:00,0.083144
2025-11-19 17:15,0.190621
2025-11-19 17:30,0.086235
2025-11-19 17:45,0.434576
2025-11-19 18:00,0.147715
2025-11-19 18:15,0.45955
2025-11-19 18:30,0.567476
2025-11-19 18:45,0.296494
2025-11-19 19:00,0.324893
2025-11-19 19:15,0.249394
2025-11-19 19:30,0.212132
2025-11-19 19:45,0.181039
2025-11-19 20:00,0.265004
2025-11-19 20:15,0.18499
2025-11-19 20:30,0.104745
2025-11-19 20:45,0.130193
2025-11-19 21:00,0.086146
2025-11-19 21:15,0.25269
2025-11-19 21:30,0.07337
2025-11-19 21:45,0.072985
2025-11-19 22:00,0.000744
2025-11-19 22:15,0.485704
2025-11-19 22:30,0.001642
2025-11-19 22:45,0.007183
2025-11-19 23:00,0.0
2025-11-19 23:15,0.0
2025-11-19 23:30,0.034556
2025-11-19 23:45,0.0
2025-11-20 00:00,0.001552
2025-11-20 00:15,0.147561
2025-11-20 00:30,0.009646
2025-11-20 00:45,0.048999
2025-11-20 01:00,0.012416
2025-11-20 01:15,0.0
2025-11-20 01:30,0.015084
2025-11-20 01:45,0.006349
2025-11-20 02:00,0.0
2025-11-20 02:15,0.014879
2025-11-20 02:30,0.000821
2025-11-20 02:45,0.0
2025-11-20 03:00,0.001668
2025-11-20 03:15,0.0
2025-11-20 03:30,0.017932
2025-11-20 03:45,0.0
2025-11-20 04:00,0.0
2025-11-20 04:15,0.0
2025-11-20 04:30,0.118495
2025-11-20 04:45,0.0
2025-11-20 05:00,0.001514
2025-11-20 05:15,0.010467
2025-11-20 05:30,0.0
2025-11-20 05:45,0.019471
2025-11-20 06:00,0.0
2025-11-20 06:15,0.001206
2025-11-20 06:30,0.0
2025-11-20 06:45,0.0
2025-11-20 07:00,0.0
2025-11-20 07:15,0.019215
2025-11-20 07:30,0.0
2025-11-20 07:45,0.001001
2025-11-20 08:00,0.0
2025-11-20 08:15,0.000898
2025-11-20 08:30,0.0
2025-11-20 08:45,0.0
2025-11-20 09:00,0.004849
2025-11-20 09:15,0.000898
2025-11-20 09:30,0.0
2025-11-20 09:45,0.000821
2025-11-20 10:00,0.007183
2025-11-20 10:15,0.0
2025-11-20 10:30,0.0
2025-11-20 10:45,0.0
2025-11-20 11:00,0.007183
2025-11-20 11:15,0.0
2025-11-20 11:30,0.017932
2025-11-20 11:45,0.019471
2025-11-20 12:00,0.0
2025-11-20 12:15,0.017932
2025-11-20 12:30,0.043022
2025-11-20 12:45,0.079168
2025-11-20 13:00,0.045985
2025-11-20 13:15,0.058042
2025-11-20 13:30,0.108388
2025-11-20 13:45,0.288016
2025-11-20 14:00,0.264773
2025-11-20 14:15,0.120804
2025-11-20 14:30,0.175344
2025-11-20 14:45,0.104924
2025-11-20 15:00,0.083131
2025-11-20 15:15,0.203858
2025-11-20 15:30,0.286656
2025-11-20 15:45,0.073947
2025-11-20 16:00,0.102333
2025-11-20 16:15,0.0618
2025-11-20 16:30,0.124716
2025-11-20 16:45,0.230641
2025-11-20 17:00,0.11035
2025-11-20 17:15,0.163428
2025-11-20 17:30,0.252062
2025-11-20 17:45,0.22728
2025-11-20 18:00,0.496428
2025-11-20 18:15,0.325881
2025-11-20 18:30,0.302549
2025-11-20 18:45,0.068149
2025-11-20 19:00,0.121035
2025-11-20 19:15,0.138184
2025-11-20 19:30,0.579213
2025-11-20 19:45,0.171599
2025-11-20 20:00,0.010377
2025-11-20 20:15,0.050217
2025-11-20 20:30,0.091969
2025-11-20 20:45,0.00363
2025-11-20 21:00,0.361925
2025-11-20 21:15,0.15173
2025-11-20 21:30,0.094111
2025-11-20 21:45,0.007529
2025-11-20 22:00,0.144354
2025-11-20 22:15,0.020292
2025-11-20 22:30,0.118623
2025-11-20 22:45,0.017932
2025-11-20 23:00,0.219212
2025-11-20 23:15,0.002014
2025-11-20 23:30,0.0
2025-11-20 23:45,0.031439
2025-11-21 00:00,0.056156
2025-11-21 00:15,0.01883
2025-11-21 00:30,0.00186
2025-11-21 00:45,0.0
2025-11-21 01:00,0.000821
2025-11-21 01:15,0.0
2025-11-21 01:30,0.0
2025-11-21 01:45,0.020523
2025-11-21 02:00,0.002758
2025-11-21 02:15,0.004489
2025-11-21 02:30,0.0
2025-11-21 02:45,0.001206
2025-11-21 03:00,0.001796
2025-11-21 03:15,0.0
2025-11-21 03:30,0.001231
2025-11-21 03:45,0.004028
2025-11-21 04:00,0.020292
2025-11-21 04:15,0.0
2025-11-21 04:30,0.0
2025-11-21 04:45,0.0
2025-11-21 05:00,0.0
2025-11-21 05:15,0.0
2025-11-21 05:30,0.0
2025-11-21 05:45,0.0
2025-11-21 06:00,0.001642
2025-11-21 06:15,0.000821
2025-11-21 06:30,0.008735
2025-11-21 06:45,0.0
2025-11-21 07:00,0.0
2025-11-21 07:15,0.001244
2025-11-21 07:30,0.035864
2025-11-21 07:45,0.001206
2025-11-21 08:00,0.001206
2025-11-21 08:15,0.0
2025-11-21 08:30,0.0
2025-11-21 08:45,0.002694
2025-11-21 09:00,0.0
2025-11-21 09:15,0.004631
2025-11-21 09:30,0.0
2025-11-21 09:45,0.017932
2025-11-21 10:00,0.0
2025-11-21 10:15,0.009646
2025-11-21 10:30,0.0
2025-11-21 10:45,0.0
2025-11-21 11:00,0.007773
2025-11-21 11:15,0.0
2025-11-21 11:30,0.008042
2025-11-21 11:45,0.017932
2025-11-21 12:00,0.024192
2025-11-21 12:15,0.001142
2025-11-21 12:30,0.035864
2025-11-21 12:45,0.037403
2025-11-21 13:00,0.198971
2025-11-21 13:15,0.091302
2025-11-21 13:30,0.182989
2025-11-21 13:45,0.042162
2025-11-21 14:00,0.039994
2025-11-21 14:15,0.129488
2025-11-21 14:30,0.210541
2025-11-21 14:45,0.046652
2025-11-21 15:00,0.201113
2025-11-21 15:15,0.26966
2025-11-21 15:30,0.564513
2025-11-21 15:45,0.103359
2025-11-21 16:00,0.108747
2025-11-21 16:15,0.243109
2025-11-21 16:30,0.009184
2025-11-21 16:45,0.080232
2025-11-21 17:00,0.675312
2025-11-21 17:15,0.250702
2025-11-21 17:30,0.442978
2025-11-21 17:45,0.218699
2025-11-21 18:00,0.059684
2025-11-21 18:15,0.03902
2025-11-21 18:30,0.17873
2025-11-21 18:45,0.270853
2025-11-21 19:00,0.473532
2025-11-21 19:15,0.197624
2025-11-21 19:30,0.075551
2025-11-21 19:45,0.071792
2025-11-21 20:00,0.223984
2025-11-21 20:15,0.198202
2025-11-21 20:30,0.361168
2025-11-21 20:45,0.083978
2025-11-21 21:00,0.297867
2025-11-21 21:15,0.172432
2025-11-21 21:30,0.039096
2025-11-21 21:45,0.047883
2025-11-21 22:00,0.00422
2025-11-21 22:15,0.025282
2025-11-21 22:30,0.020946
2025-11-21 22:45,0.037198
2025-11-21 23:00,0.0
2025-11-21 23:15,0.0
2025-11-21 23:30,0.001642
2025-11-21 23:45,0.157617
2025-11-22 00:00,0.0
2025-11-22 00:15,0.0
2025-11-22 00:30,0.0
2025-11-22 00:45,0.0
2025-11-22 01:00,0.003309
2025-11-22 01:15,0.0
2025-11-22 01:30,0.038814
2025-11-22 01:45,0.002232
2025-11-22 02:00,0.001321
2025-11-22 02:15,0.0
2025-11-22 02:30,0.001796
2025-11-22 02:45,0.005939
2025-11-22 03:00,0.026885
2025-11-22 03:15,0.0
2025-11-22 03:30,0.15577
2025-11-22 03:45,0.002027
2025-11-22 04:00,0.0
2025-11-22 04:15,0.0
2025-11-22 04:30,0.0
2025-11-22 04:45,0.001898
2025-11-22 05:00,0.0
2025-11-22 05:15,0.0
2025-11-22 05:30,0.0
2025-11-22 05:45,0.009672
2025-11-22 06:00,0.0
2025-11-22 06:15,0.000898
2025-11-22 06:30,0.0
2025-11-22 06:45,0.0098
2025-11-22 07:00,0.0
2025-11-22 07:15,0.001206
2025-11-22 07:30,0.019471
2025-11-22 07:45,0.019471
2025-11-22 08:00,0.000821
2025-11-22 08:15,0.0
2025-11-22 08:30,0.016611
2025-11-22 08:45,0.016393
2025-11-22 09:00,0.0
2025-11-22 09:15,0.0
2025-11-22 09:30,0.0
2025-11-22 09:45,0.0
2025-11-22 10:00,0.0
2025-11-22 10:15,0.001001
2025-11-22 10:30,0.009774
2025-11-22 10:45,0.001552
2025-11-22 11:00,0.0
2025-11-22 11:15,0.0
2025-11-22 11:30,0.00372
2025-11-22 11:45,0.002411
2025-11-22 12:00,0.0
2025-11-22 12:15,0.001001
2025-11-22 12:30,0.000898
2025-11-22 12:45,0.0
2025-11-22 13:00,0.001206
2025-11-22 13:15,0.000898
2025-11-22 13:30,0.0
2025-11-22 13:45,0.0
2025-11-22 14:00,0.0
2025-11-22 14:15,0.002104
2025-11-22 14:30,0.0
2025-11-22 14:45,0.001719
2025-11-22 15:00,0.0
2025-11-22 15:15,0.005015
2025-11-22 15:30,0.0
2025-11-22 15:45,0.003592
2025-11-22 16:00,0.008055
2025-11-22 16:15,0.004515
2025-11-22 16:30,0.019471
2025-11-22 16:45,0.001001
2025-11-22 17:00,0.0
2025-11-22 17:15,0.000898
2025-11-22 17:30,0.0
2025-11-22 17:45,0.0
2025-11-22 18:00,0.00186
2025-11-22 18:15,0.0
2025-11-22 18:30,0.001693
2025-11-22 18:45,0.0147
2025-11-22 19:00,0.0
2025-11-22 19:15,0.000898
2025-11-22 19:30,0.002553
2025-11-22 19:45,0.0
2025-11-22 20:00,0.003553
2025-11-22 20:15,0.001052
2025-11-22 20:30,0.009543
2025-11-22 20:45,0.001001
2025-11-22 21:00,0.000744
2025-11-22 21:15,0.000898
2025-11-22 21:30,0.001206
2025-11-22 21:45,0.0147
2025-11-22 22:00,0.0
2025-11-22 22:15,0.007183
2025-11-22 22:30,0.004926
2025-11-22 22:45,0.017932
2025-11-22 23:00,0.001642
2025-11-22 23:15,0.0
2025-11-22 23:30,0.0
2025-11-22 23:45,0.003194
2025-11-23 00:00,0.002039
2025-11-23 00:15,0.00195
2025-11-23 00:30,0.017932
2025-11-23 00:45,0.0
2025-11-23 01:00,0.0
2025-11-23 01:15,0.037403
2025-11-23 01:30,0.000898
2025-11-23 01:45,0.0
2025-11-23 02:00,0.004926
2025-11-23 02:15,0.013699
2025-11-23 02:30,0.0
2025-11-23 02:45,0.0
2025-11-23 03:00,0.0
2025-11-23 03:15,0.0
2025-11-23 03:30,0.0147
2025-11-23 03:45,0.000898
2025-11-23 04:00,0.15577
2025-11-23 04:15,0.0
2025-11-23 04:30,0.0
2025-11-23 04:45,0.0
2025-11-23 05:00,0.0
2025-11-23 05:15,0.002104
2025-11-23 05:30,0.001244
2025-11-23 05:45,0.011326
2025-11-23 06:00,0.0
2025-11-23 06:15,0.005939
2025-11-23 06:30,0.0
2025-11-23 06:45,0.0
2025-11-23 07:00,0.007183
2025-11-23 07:15,0.0
2025-11-23 07:30,0.0
2025-11-23 07:45,0.007183
2025-11-23 08:00,0.000821
2025-11-23 08:15,0.020959
2025-11-23 08:30,0.001206
2025-11-23 08:45,0.017932
2025-11-23 09:00,0.000821
2025-11-23 09:15,0.0
2025-11-23 09:30,0.00853
2025-11-23 09:45,0.000898
2025-11-23 10:00,0.008184
2025-11-23 10:15,0.0
2025-11-23 10:30,0.0
2025-11-23 10:45,0.000898
2025-11-23 11:00,0.039558
2025-11-23 11:15,0.0
2025-11-23 11:30,0.000744
2025-11-23 11:45,0.0
2025-11-23 12:00,0.0
2025-11-23 12:15,0.001206
2025-11-23 12:30,0.0
2025-11-23 12:45,0.0
2025-11-23 13:00,0.019471
2025-11-23 13:15,0.0
2025-11-23 13:30,0.000821
2025-11-23 13:45,0.0
2025-11-23 14:00,0.0
2025-11-23 14:15,0.000898
2025-11-23 14:30,0.0
2025-11-23 14:45,0.0
2025-11-23 15:00,0.0
2025-11-23 15:15,0.001206
2025-11-23 15:30,0.000821
2025-11-23 15:45,0.003284
2025-11-23 16:00,0.001193
2025-11-23 16:15,0.0
2025-11-23 16:30,0.000898
2025-11-23 16:45,0.0
2025-11-23 17:00,0.019471
2025-11-23 17:15,0.0
2025-11-23 17:30,0.0
2025-11-23 17:45,0.000898
2025-11-23 18:00,0.0
2025-11-23 18:15,0.001488
2025-11-23 18:30,0.000898
2025-11-23 18:45,0.000898
2025-11-23 19:00,0.0
2025-11-23 19:15,0.000898
2025-11-23 19:30,0.15577
2025-11-23 19:45,0.0
2025-11-23 20:00,0.0
2025-11-23 20:15,0.0
2025-11-23 20:30,0.001142
2025-11-23 20:45,0.0
2025-11-23 21:00,0.0
2025-11-23 21:15,0.0
2025-11-23 21:30,0.0
2025-11-23 21:45,0.004631
2025-11-23 22:00,0.0
2025-11-23 22:15,0.0
2025-11-23 22:30,0.001296
2025-11-23 22:45,0.0
2025-11-23 23:00,0.000898
2025-11-23 23:15,0.023679
2025-11-23 23:30,0.000744
2025-11-23 23:45,0.0
2025-11-24 00:00,0.0
2025-11-24 00:15,0.0
2025-11-24 00:30,0.0
2025-11-24 00:45,0.01883
2025-11-24 01:00,0.0
2025-11-24 01:15,0.0
2025-11-24 01:30,0.0
2025-11-24 01:45,0.0
2025-11-24 02:00,0.0
2025-11-24 02:15,0.037403
2025-11-24 02:30,0.0
2025-11-24 02:45,0.0
2025-11-24 03:00,0.0
2025-11-24 03:15,0.0
2025-11-24 03:30,0.011467
2025-11-24 03:45,0.0
2025-11-24 04:00,0.01933
2025-11-24 04:15,0.0
2025-11-24 04:30,0.0
2025-11-24 04:45,0.0
2025-11-24 05:00,0.012416
2025-11-24 05:15,0.0
2025-11-24 05:30,0.0
2025-11-24 05:45,0.0
2025-11-24 06:00,0.040251
2025-11-24 06:15,0.0
2025-11-24 06:30,0.0
2025-11-24 06:45,0.000744
2025-11-24 07:00,0.004631
2025-11-24 07:15,0.008735
2025-11-24 07:30,0.0
2025-11-24 07:45,0.0
2025-11-24 08:00,0.001001
2025-11-24 08:15,0.000898
2025-11-24 08:30,0.0
2025-11-24 08:45,0.010544
2025-11-24 09:00,0.000744
2025-11-24 09:15,0.0
2025-11-24 09:30,0.0
2025-11-24 09:45,0.0
2025-11-24 10:00,0.01452
2025-11-24 10:15,0.0
2025-11-24 10:30,0.0
2025-11-24 10:45,0.0
2025-11-24 11:00,0.0
2025-11-24 11:15,0.0
2025-11-24 11:30,0.019471
2025-11-24 11:45,0.0
2025-11-24 12:00,0.000898
2025-11-24 12:15,0.0
2025-11-24 12:30,0.024807
2025-11-24 12:45,0.002463
2025-11-24 13:00,0.029117
2025-11-24 13:15,0.021819
2025-11-24 13:30,0.073678
2025-11-24 13:45,0.218186
2025-11-24 14:00,0.197778
2025-11-24 14:15,0.158194
2025-11-24 14:30,0.05413
2025-11-24 14:45,0.334808
2025-11-24 15:00,0.490912
2025-11-24 15:15,0.128333
2025-11-24 15:30,0.385141
2025-11-24 15:45,0.320211
2025-11-24 16:00,0.113916
2025-11-24 16:15,0.313516
2025-11-24 16:30,0.31095
2025-11-24 16:45,1.0
2025-11-24 17:00,0.173523
2025-11-24 17:15,0.498429
2025-11-24 17:30,0.111902
2025-11-24 17:45,0.151396
2025-11-24 18:00,0.361899
2025-11-24 18:15,0.401149
2025-11-24 18:30,0.349854
2025-11-24 18:45,0.473275
2025-11-24 19:00,0.26013
2025-11-24 19:15,0.294891
2025-11-24 19:30,0.310052
2025-11-24 19:45,0.163082
2025-11-24 20:00,0.085581
2025-11-24 20:15,0.397122
2025-11-24 20:30,0.285822
2025-11-24 20:45,0.324342
2025-11-24 21:00,0.056477
2025-11-24 21:15,0.182219
2025-11-24 21:30,0.017932
2025-11-24 21:45,0.026757
2025-11-24 22:00,0.017932
2025-11-24 22:15,0.001642
2025-11-24 22:30,0.000744
2025-11-24 22:45,0.042675
2025-11-24 23:00,0.14574
2025-11-24 23:15,0.049063
2025-11-24 23:30,0.019471
2025-11-24 23:45,0.000821
2025-11-25 00:00,0.0
2025-11-25 00:15,0.0
2025-11-25 00:30,0.021164
2025-11-25 00:45,0.0
2025-11-25 01:00,0.0
2025-11-25 01:15,0.001103
2025-11-25 01:30,0.001206
2025-11-25 01:45,0.0
2025-11-25 02:00,0.017932
2025-11-25 02:15,0.168071
2025-11-25 02:30,0.000744
2025-11-25 02:45,0.0
2025-11-25 03:00,0.008389
2025-11-25 03:15,0.0
2025-11-25 03:30,0.000898
2025-11-25 03:45,0.0
2025-11-25 04:00,0.021729
2025-11-25 04:15,0.006465
2025-11-25 04:30,0.001206
2025-11-25 04:45,0.0
2025-11-25 05:00,0.0
2025-11-25 05:15,0.0
2025-11-25 05:30,0.0
2025-11-25 05:45,0.014366
2025-11-25 06:00,0.041559
2025-11-25 06:15,0.0
2025-11-25 06:30,0.0
2025-11-25 06:45,0.010467
2025-11-25 07:00,0.019138
2025-11-25 07:15,0.000911
2025-11-25 07:30,0.000898
2025-11-25 07:45,0.001206
2025-11-25 08:00,0.0
2025-11-25 08:15,0.001206
2025-11-25 08:30,0.019471
2025-11-25 08:45,0.0
2025-11-25 09:00,0.0
2025-11-25 09:15,0.0
2025-11-25 09:30,0.0
2025-11-25 09:45,0.0
2025-11-25 10:00,0.0
2025-11-25 10:15,0.0
2025-11-25 10:30,0.002617
2025-11-25 10:45,0.0
2025-11-25 11:00,0.017932
2025-11-25 11:15,0.005259
2025-11-25 11:30,0.003912
2025-11-25 11:45,0.0
2025-11-25 12:00,0.0
2025-11-25 12:15,0.0
2025-11-25 12:30,0.081746
2025-11-25 12:45,0.180462
2025-11-25 13:00,0.081631
2025-11-25 13:15,0.069035
2025-11-25 13:30,0.185413
2025-11-25 13:45,0.110619
2025-11-25 14:00,0.420236
2025-11-25 14:15,0.111402
2025-11-25 14:30,0.343556
2025-11-25 14:45,0.223907
2025-11-25 15:00,0.151229
2025-11-25 15:15,0.309013
2025-11-25 15:30,0.632598
2025-11-25 15:45,0.231731
2025-11-25 16:00,0.316017
2025-11-25 16:15,0.023114
2025-11-25 16:30,0.101127
2025-11-25 16:45,0.218122
2025-11-25 17:00,0.253319
2025-11-25 17:15,0.212324
2025-11-25 17:30,0.095856
2025-11-25 17:45,0.117841
2025-11-25 18:00,0.359603
2025-11-25 18:15,0.102256
2025-11-25 18:30,0.038327
2025-11-25 18:45,0.021883
2025-11-25 19:00,0.148818
2025-11-25 19:15,0.106399
2025-11-25 19:30,0.457934
2025-11-25 19:45,0.160696
2025-11-25 20:00,0.198599
2025-11-25 20:15,0.130052
2025-11-25 20:30,0.273996
2025-11-25 20:45,0.166532
2025-11-25 21:00,0.096138
2025-11-25 21:15,0.286913
2025-11-25 21:30,0.006606
2025-11-25 21:45,0.056182
2025-11-25 22:00,0.017009
2025-11-25 22:15,0.038301
2025-11-25 22:30,0.147561
2025-11-25 22:45,0.118251
2025-11-25 23:00,0.286913
2025-11-25 23:15,0.019471
2025-11-25 23:30,0.019266
2025-11-25 23:45,0.017085
2025-11-26 00:00,0.001283
2025-11-26 00:00,0.001841
2025-11-26 00:15,0.034843
2025-11-26 00:30,0.0
2025-11-26 00:45,0.00173
2025-11-26 01:00,0.0
2025-11-26 01:15,0.001288
2025-11-26 01:30,0.032321
2025-11-26 01:45,0.0
2025-11-26 02:00,0.003865
2025-11-26 02:15,0.0
2025-11-26 02:30,0.0
2025-11-26 02:45,0.057169
2025-11-26 03:00,0.001068
2025-11-26 03:15,0.0
2025-11-26 03:30,0.0
2025-11-26 03:45,0.003884
2025-11-26 04:00,0.0
2025-11-26 04:15,0.083821
2025-11-26 04:30,0.0
2025-11-26 04:45,0.025732
2025-11-26 05:00,0.002246
2025-11-26 05:15,0.026376
2025-11-26 05:30,0.0
2025-11-26 05:45,0.00173
2025-11-26 06:00,0.001068
2025-11-26 06:15,0.025732
2025-11-26 06:30,0.001068
2025-11-26 06:45,0.001068
2025-11-26 07:00,0.029229
2025-11-26 07:15,0.0
2025-11-26 07:30,0.009424
2025-11-26 07:45,0.0
2025-11-26 08:00,0.006037
2025-11-26 08:15,0.011485
2025-11-26 08:30,0.02702
2025-11-26 08:45,0.205853
2025-11-26 09:00,0.0
2025-11-26 09:15,0.0
2025-11-26 09:30,0.030517
2025-11-26 09:45,0.004602
2025-11-26 10:00,0.0
2025-11-26 10:15,0.0
2025-11-26 10:30,0.001288
2025-11-26 10:45,0.001288
2025-11-26 11:00,0.001288
2025-11-26 11:15,0.0
2025-11-26 11:30,0.026799
2025-11-26 11:45,0.033297
2025-11-26 12:00,0.020394
2025-11-26 12:15,0.027591
2025-11-26 12:30,0.086637
2025-11-26 12:45,0.013712
2025-11-26 13:00,0.038837
2025-11-26 13:15,0.025732
2025-11-26 13:30,0.013142
2025-11-26 13:45,0.503994
2025-11-26 14:00,0.408853
2025-11-26 14:15,0.113786
2025-11-26 14:30,0.167403
2025-11-26 14:45,0.31721
2025-11-26 15:00,0.120762
2025-11-26 15:15,0.10797
2025-11-26 15:30,0.55496
2025-11-26 15:45,0.280545
2025-11-26 16:00,0.319952
2025-11-26 16:15,0.568507
2025-11-26 16:30,0.277232
2025-11-26 16:45,0.4933
2025-11-26 17:00,0.430664
2025-11-26 17:15,0.360795
2025-11-26 17:30,0.364127
2025-11-26 17:45,0.420265
2025-11-26 18:00,0.111614
2025-11-26 18:15,0.814117
2025-11-26 18:30,0.320725
2025-11-26 18:45,0.117338
2025-11-26 19:00,0.278447
2025-11-26 19:15,0.223965
2025-11-26 19:30,0.150248
2025-11-26 19:45,0.384171
2025-11-26 20:00,0.225695
2025-11-26 20:15,0.333204
2025-11-26 20:30,0.602669
2025-11-26 20:45,0.122363
2025-11-26 21:00,0.322437
2025-11-26 21:15,0.097092
2025-11-26 21:30,0.303626
2025-11-26 21:45,0.044174
2025-11-26 22:00,0.231585
2025-11-26 22:15,0.065047
2025-11-26 22:30,0.051463
2025-11-26 22:45,0.003295
2025-11-26 23:00,0.0
2025-11-26 23:15,0.025732
2025-11-26 23:30,0.0
2025-11-26 23:45,0.007399
2025-11-27 00:00,0.00173
2025-11-27 00:15,0.001178
2025-11-27 00:30,0.009718
2025-11-27 00:45,0.0
2025-11-27 01:00,0.001288
2025-11-27 01:15,0.0
2025-11-27 01:30,0.001178
2025-11-27 01:45,0.0
2025-11-27 02:00,0.0
2025-11-27 02:15,0.025732
2025-11-27 02:30,0.0
2025-11-27 02:45,0.003221
2025-11-27 03:00,0.053009
2025-11-27 03:15,0.0
2025-11-27 03:30,0.0
2025-11-27 03:45,0.004675
2025-11-27 04:00,0.001767
2025-11-27 04:15,0.001288
2025-11-27 04:30,0.009461
2025-11-27 04:45,0.0
2025-11-27 05:00,0.0
2025-11-27 05:15,0.0
2025-11-27 05:30,0.001638
2025-11-27 05:45,0.027591
2025-11-27 06:00,0.011817
2025-11-27 06:15,0.0
2025-11-27 06:30,0.0
2025-11-27 06:45,0.0
2025-11-27 07:00,0.0
2025-11-27 07:15,0.0
2025-11-27 07:30,0.005779
2025-11-27 07:45,0.0
2025-11-27 08:00,0.0
2025-11-27 08:15,0.0
2025-11-27 08:30,0.006037
2025-11-27 08:45,0.001178
2025-11-27 09:00,0.001288
2025-11-27 09:15,0.0
2025-11-27 09:30,0.0
2025-11-27 09:45,0.0
2025-11-27 10:00,0.0
2025-11-27 10:15,0.001288
2025-11-27 10:30,0.0
2025-11-27 10:45,0.001178
2025-11-27 11:00,0.00346
2025-11-27 11:15,0.002669
2025-11-27 11:30,0.001068
2025-11-27 11:45,0.002246
2025-11-27 12:00,0.055568
2025-11-27 12:15,0.225879
2025-11-27 12:30,0.002135
2025-11-27 12:45,0.058623
2025-11-27 13:00,0.018204
2025-11-27 13:15,0.080526
2025-11-27 13:30,0.074176
2025-11-27 13:45,0.101012
2025-11-27 14:00,0.188828
2025-11-27 14:15,0.801804
2025-11-27 14:30,0.18557
2025-11-27 14:45,0.105117
2025-11-27 15:00,0.438929
2025-11-27 15:15,0.378336
2025-11-27 15:30,0.461844
2025-11-27 15:45,0.163114
2025-11-27 16:00,0.063501
2025-11-27 16:15,0.362452
2025-11-27 16:30,0.576735
2025-11-27 16:45,0.514633
2025-11-27 17:00,0.218885
2025-11-27 17:15,0.084594
2025-11-27 17:30,0.239739
2025-11-27 17:45,0.128548
2025-11-27 18:00,0.026689
2025-11-27 18:15,0.13199
2025-11-27 18:30,0.093208
2025-11-27 18:45,0.165489
2025-11-27 19:00,0.269262
2025-11-27 19:15,0.176238
2025-11-27 19:30,0.385367
2025-11-27 19:45,0.180931
2025-11-27 20:00,0.808559
2025-11-27 20:15,0.238027
2025-11-27 20:30,0.264053
2025-11-27 20:45,0.575299
2025-11-27 21:00,0.462176
2025-11-27 21:15,1.0
2025-11-27 21:30,0.045463
2025-11-27 21:45,0.084447
2025-11-27 22:00,0.00854
2025-11-27 22:15,0.154868
2025-11-27 22:30,0.004197
2025-11-27 22:45,0.029671
2025-11-27 23:00,0.0
2025-11-27 23:15,0.001178
2025-11-27 23:30,0.007473
2025-11-27 23:45,0.002669
2025-11-28 00:00,0.0
2025-11-28 00:15,0.223523
2025-11-28 00:30,0.001583
2025-11-28 00:45,0.0
2025-11-28 01:00,0.011172
2025-11-28 01:15,0.002503
2025-11-28 01:30,0.0
2025-11-28 01:45,0.001859
2025-11-28 02:00,0.0
2025-11-28 02:15,0.002135
2025-11-28 02:30,0.0
2025-11-28 02:45,0.009424
2025-11-28 03:00,0.001859
2025-11-28 03:15,0.00173
2025-11-28 03:30,0.0
2025-11-28 03:45,0.0
2025-11-28 04:00,0.0
2025-11-28 04:15,0.001178
2025-11-28 04:30,0.0
2025-11-28 04:45,0.002577
2025-11-28 05:00,0.0
2025-11-28 05:15,0.0
2025-11-28 05:30,0.001288
2025-11-28 05:45,0.005779
2025-11-28 06:00,0.001288
2025-11-28 06:15,0.0
2025-11-28 06:30,0.0
2025-11-28 06:45,0.0
2025-11-28 07:00,0.0
2025-11-28 07:15,0.001638
2025-11-28 07:30,0.0
2025-11-28 07:45,0.003019
2025-11-28 08:00,0.008154
2025-11-28 08:15,0.0
2025-11-28 08:30,0.001178
2025-11-28 08:45,0.0
2025-11-28 09:00,0.0
2025-11-28 09:15,0.001859
2025-11-28 09:30,0.029652
2025-11-28 09:45,0.0
2025-11-28 10:00,0.02794
2025-11-28 10:15,0.00173
2025-11-28 10:30,0.006626
2025-11-28 10:45,0.0
2025-11-28 11:00,0.006663
2025-11-28 11:15,0.0
2025-11-28 11:30,0.029229
2025-11-28 11:45,0.008283
2025-11-28 12:00,0.003626
2025-11-28 12:15,0.011393
2025-11-28 12:30,0.101123
2025-11-28 12:45,0.015627
2025-11-28 13:00,0.001288
2025-11-28 13:15,0.00751
2025-11-28 13:30,0.002356
2025-11-28 13:45,0.108632
2025-11-28 14:00,0.354574
2025-11-28 14:15,0.495067
2025-11-28 14:30,0.203792
2025-11-28 14:45,0.348279
2025-11-28 15:00,0.472741
2025-11-28 15:15,0.290779
2025-11-28 15:30,0.390282
2025-11-28 15:45,0.831364
2025-11-28 16:00,0.324977
2025-11-28 16:15,0.485662
2025-11-28 16:30,0.24134
2025-11-28 16:45,0.396153
2025-11-28 17:00,0.080729
2025-11-28 17:15,0.424001
2025-11-28 17:30,0.445573
2025-11-28 17:45,0.143696
2025-11-28 18:00,0.764992
2025-11-28 18:15,0.207418
2025-11-28 18:30,0.455329
2025-11-28 18:45,0.352052
2025-11-28 19:00,0.0649
2025-11-28 19:15,0.515921
2025-11-28 19:30,0.3134
2025-11-28 19:45,0.752641
2025-11-28 20:00,0.217541
2025-11-28 20:15,0.637107
2025-11-28 20:30,0.197386
2025-11-28 20:45,0.092233
2025-11-28 21:00,0.140162
2025-11-28 21:15,0.411706
2025-11-28 21:30,0.465783
2025-11-28 21:45,0.037107
2025-11-28 22:00,0.002816
2025-11-28 22:15,0.001178
2025-11-28 22:30,0.117357
2025-11-28 22:45,0.437438
2025-11-28 23:00,0.005816
2025-11-28 23:15,0.001178
2025-11-28 23:30,0.0
2025-11-28 23:45,0.002466
2025-11-29 00:00,0.014246
2025-11-29 00:15,0.0
2025-11-29 00:30,0.00173
2025-11-29 00:45,0.001178
2025-11-29 01:00,0.001288
2025-11-29 01:15,0.036794
2025-11-29 01:30,0.0
2025-11-29 01:45,0.029118
2025-11-29 02:00,0.442868
2025-11-29 02:15,0.0
2025-11-29 02:30,0.083821
2025-11-29 02:45,0.0
2025-11-29 03:00,0.0
2025-11-29 03:15,0.22575
2025-11-29 03:30,0.0
2025-11-29 03:45,0.001583
2025-11-29 04:00,0.034622
2025-11-29 04:15,0.0
2025-11-29 04:30,0.00173
2025-11-29 04:45,0.001436
2025-11-29 05:00,0.002595
2025-11-29 05:15,0.0
2025-11-29 05:30,0.001712
2025-11-29 05:45,0.001288
2025-11-29 06:00,0.0
2025-11-29 06:15,0.01062
2025-11-29 06:30,0.0
2025-11-29 06:45,0.029118
2025-11-29 07:00,0.028345
2025-11-29 07:15,0.0
2025-11-29 07:30,0.0
2025-11-29 07:45,0.00346
2025-11-29 08:00,0.0
2025-11-29 08:15,0.0
2025-11-29 08:30,0.0
2025-11-29 08:45,0.005301
2025-11-29 09:00,0.0
2025-11-29 09:15,0.0
2025-11-29 09:30,0.0
2025-11-29 09:45,0.055881
2025-11-29 10:00,0.0
2025-11-29 10:15,0.0
2025-11-29 10:30,0.0
2025-11-29 10:45,0.0
2025-11-29 11:00,0.0
2025-11-29 11:15,0.006074
2025-11-29 11:30,0.0
2025-11-29 11:45,0.005835
2025-11-29 12:00,0.0
2025-11-29 12:15,0.0
2025-11-29 12:30,0.0
2025-11-29 12:45,0.0
2025-11-29 13:00,0.001288
2025-11-29 13:15,0.0
2025-11-29 13:30,0.0
2025-11-29 13:45,0.0
2025-11-29 14:00,0.025732
2025-11-29 14:15,0.001436
2025-11-29 14:30,0.048518
2025-11-29 14:45,0.0
2025-11-29 15:00,0.086729
2025-11-29 15:15,0.001288
2025-11-29 15:30,0.00173
2025-11-29 15:45,0.0
2025-11-29 16:00,0.008522
2025-11-29 16:15,0.0
2025-11-29 16:30,0.0
2025-11-29 16:45,0.004013
2025-11-29 17:00,0.0
2025-11-29 17:15,0.00173
2025-11-29 17:30,0.001712
2025-11-29 17:45,0.0
2025-11-29 18:00,0.013878
2025-11-29 18:15,0.011559
2025-11-29 18:30,0.029376
2025-11-29 18:45,0.015406
2025-11-29 19:00,0.016934
2025-11-29 19:15,0.0
2025-11-29 19:30,0.013841
2025-11-29 19:45,0.0
2025-11-29 20:00,0.0
2025-11-29 20:15,0.0
2025-11-29 20:30,0.0
2025-11-29 20:45,0.002356
2025-11-29 21:00,0.057316
2025-11-29 21:15,0.0
2025-11-29 21:30,0.0
2025-11-29 21:45,0.001859
2025-11-29 22:00,0.0
2025-11-29 22:15,0.002246
2025-11-29 22:30,0.0
2025-11-29 22:45,0.037843
2025-11-29 23:00,0.001288
2025-11-29 23:15,0.010307
2025-11-29 23:30,0.029744
2025-11-29 23:45,0.00173
2025-11-30 00:00,0.001288
2025-11-30 00:15,0.001178
2025-11-30 00:30,0.014983
2025-11-30 00:45,0.001638
2025-11-30 01:00,0.005779
2025-11-30 01:15,0.002798
2025-11-30 01:30,0.0
2025-11-30 01:45,0.001804
2025-11-30 02:00,0.0
2025-11-30 02:15,0.026946
2025-11-30 02:30,0.02691
2025-11-30 02:45,0.0
2025-11-30 03:00,0.001288
2025-11-30 03:15,0.027922
2025-11-30 03:30,0.0
2025-11-30 03:45,0.014946
2025-11-30 04:00,0.022345
2025-11-30 04:15,0.001288
2025-11-30 04:30,0.0
2025-11-30 04:45,0.0
2025-11-30 05:00,0.0
2025-11-30 05:15,0.001288
2025-11-30 05:30,0.0
2025-11-30 05:45,0.004417
2025-11-30 06:00,0.009571
2025-11-30 06:15,0.002098
2025-11-30 06:30,0.0
2025-11-30 06:45,0.0
2025-11-30 07:00,0.02794
2025-11-30 07:15,0.001288
2025-11-30 07:30,0.0
2025-11-30 07:45,0.019694
2025-11-30 08:00,0.0
2025-11-30 08:15,0.0
2025-11-30 08:30,0.0
2025-11-30 08:45,0.02737
2025-11-30 09:00,0.051463
2025-11-30 09:15,0.0
2025-11-30 09:30,0.025732
2025-11-30 09:45,0.025732
2025-11-30 10:00,0.0
2025-11-30 10:15,0.007915
2025-11-30 10:30,0.0
2025-11-30 10:45,0.001859
2025-11-30 11:00,0.003019
2025-11-30 11:15,0.007436
2025-11-30 11:30,0.053672
2025-11-30 11:45,0.0
2025-11-30 12:00,0.0
2025-11-30 12:15,0.081796
2025-11-30 12:30,0.002798
2025-11-30 12:45,0.0
2025-11-30 13:00,0.00173
2025-11-30 13:15,0.001288
2025-11-30 13:30,0.0
2025-11-30 13:45,0.0
2025-11-30 14:00,0.002577
2025-11-30 14:15,0.0
2025-11-30 14:30,0.026468
2025-11-30 14:45,0.003166
2025-11-30 15:00,0.0
2025-11-30 15:15,0.001288
2025-11-30 15:30,0.003424
2025-11-30 15:45,0.0
2025-11-30 16:00,0.021645
2025-11-30 16:15,0.0
2025-11-30 16:30,0.05393
2025-11-30 16:45,0.0
2025-11-30 17:00,0.0
2025-11-30 17:15,0.002577
2025-11-30 17:30,0.0
2025-11-30 17:45,0.0
2025-11-30 18:00,0.004307
2025-11-30 18:15,0.205853
2025-11-30 18:30,0.001178
2025-11-30 18:45,0.025732
2025-11-30 19:00,0.001288
2025-11-30 19:15,0.008135
2025-11-30 19:30,0.00173
2025-11-30 19:45,0.0
2025-11-30 20:00,0.001178
2025-11-30 20:15,0.006037
2025-11-30 20:30,0.00173
2025-11-30 20:45,0.025732
2025-11-30 21:00,0.02437
2025-11-30 21:15,0.001288
2025-11-30 21:30,0.022658
2025-11-30 21:45,0.00173
2025-11-30 22:00,0.00173
2025-11-30 22:15,0.02794
2025-11-30 22:30,0.051463
2025-11-30 22:45,0.00173
2025-11-30 23:00,0.0
2025-11-30 23:15,0.0
2025-11-30 23:30,0.0
2025-11-30 23:45,0.0
2025-12-01 00:00,0.0
2025-12-01 00:15,0.0
2025-12-01 00:30,0.0
2025-12-01 00:45,0.0
2025-12-01 01:00,0.040125
2025-12-01 01:15,0.0
2025-12-01 01:30,0.0
2025-12-01 01:45,0.010307
2025-12-01 02:00,0.006608
2025-12-01 02:15,0.026468
2025-12-01 02:30,0.0
2025-12-01 02:45,0.039536
2025-12-01 03:00,0.00173
2025-12-01 03:15,0.0
2025-12-01 03:30,0.001288
2025-12-01 03:45,0.002669
2025-12-01 04:00,0.002356
2025-12-01 04:15,0.00173
2025-12-01 04:30,0.005779
2025-12-01 04:45,0.02794
2025-12-01 05:00,0.0
2025-12-01 05:15,0.0
2025-12-01 05:30,0.0
2025-12-01 05:45,0.001288
2025-12-01 06:00,0.001288
2025-12-01 06:15,0.001068
2025-12-01 06:30,0.001288
2025-12-01 06:45,0.0
2025-12-01 07:00,0.0
2025-12-01 07:15,0.003166
2025-12-01 07:30,0.008485
2025-12-01 07:45,0.021093
2025-12-01 08:00,0.0
2025-12-01 08:15,0.008062
2025-12-01 08:30,0.079404
2025-12-01 08:45,0.0
2025-12-01 09:00,0.001436
2025-12-01 09:15,0.0
2025-12-01 09:30,0.0
2025-12-01 09:45,0.025732
2025-12-01 10:00,0.001068
2025-12-01 10:15,0.004344
2025-12-01 10:30,0.025732
2025-12-01 10:45,0.0
2025-12-01 11:00,0.001712
2025-12-01 11:15,0.00173
2025-12-01 11:30,0.025732
2025-12-01 11:45,0.0
2025-12-01 12:00,0.005853
2025-12-01 12:15,0.030425
2025-12-01 12:30,0.003644
2025-12-01 12:45,0.027775
2025-12-01 13:00,0.02691
2025-12-01 13:15,0.11097
2025-12-01 13:30,0.24907
2025-12-01 13:45,0.1194
2025-12-01 14:00,0.136039
2025-12-01 14:15,0.62402
2025-12-01 14:30,0.030204
2025-12-01 14:45,0.367366
2025-12-01 15:00,0.362378
2025-12-01 15:15,0.662176
2025-12-01 15:30,0.054592
2025-12-01 15:45,0.811559
2025-12-01 16:00,0.821793
2025-12-01 16:15,0.168544
2025-12-01 16:30,0.895675
2025-12-01 16:45,0.238855
2025-12-01 17:00,0.082293
2025-12-01 17:15,0.370624
2025-12-01 17:30,0.65196
2025-12-01 17:45,0.340953
2025-12-01 18:00,0.30924
2025-12-01 18:15,0.506203
2025-12-01 18:30,0.314504
2025-12-01 18:45,0.425566
2025-12-01 19:00,0.184484
2025-12-01 19:15,0.296024
2025-12-01 19:30,0.082625
2025-12-01 19:45,0.418995
2025-12-01 20:00,0.114798
2025-12-01 20:15,0.239131
2025-12-01 20:30,0.540714
2025-12-01 20:45,0.196208
2025-12-01 21:00,0.04377
2025-12-01 21:15,0.129726
2025-12-01 21:30,0.349089
2025-12-01 21:45,0.030609
2025-12-01 22:00,0.267955
2025-12-01 22:15,0.009718
2025-12-01 22:30,0.046825
2025-12-01 22:45,0.237254
2025-12-01 23:00,0.002687
2025-12-01 23:15,0.002466
2025-12-01 23:30,0.0
2025-12-01 23:45,0.053672
2025-12-02 00:00,0.0
2025-12-02 00:15,0.009608
2025-12-02 00:30,0.0
2025-12-02 00:45,0.0
2025-12-02 01:00,0.016639
2025-12-02 01:15,0.0
2025-12-02 01:30,0.02794
2025-12-02 01:45,0.003166
2025-12-02 02:00,0.062378
2025-12-02 02:15,0.006645
2025-12-02 02:30,0.0
2025-12-02 02:45,0.0
2025-12-02 03:00,0.001767
2025-12-02 03:15,0.013841
2025-12-02 03:30,0.00173
2025-12-02 03:45,0.0
2025-12-02 04:00,0.0
2025-12-02 04:15,0.001068
2025-12-02 04:30,0.0
2025-12-02 04:45,0.0
2025-12-02 05:00,0.00173
2025-12-02 05:15,0.0
2025-12-02 05:30,0.011485
2025-12-02 05:45,0.0
2025-12-02 06:00,0.0
2025-12-02 06:15,0.002577
2025-12-02 06:30,0.002577
2025-12-02 06:45,0.0
2025-12-02 07:00,0.025732
2025-12-02 07:15,0.0
2025-12-02 07:30,0.0
2025-12-02 07:45,0.037953
2025-12-02 08:00,0.0
2025-12-02 08:15,0.0
2025-12-02 08:30,0.010307
2025-12-02 08:45,0.014946
2025-12-02 09:00,0.001178
2025-12-02 09:15,0.001288
2025-12-02 09:30,0.0
2025-12-02 09:45,0.001288
2025-12-02 10:00,0.0
2025-12-02 10:15,0.0
2025-12-02 10:30,0.0
2025-12-02 10:45,0.006037
2025-12-02 11:00,0.001693
2025-12-02 11:15,0.005779
2025-12-02 11:30,0.02794
2025-12-02 11:45,0.02702
2025-12-02 12:00,0.027977
2025-12-02 12:15,0.027315
2025-12-02 12:30,0.001178
2025-12-02 12:45,0.033757
2025-12-02 13:00,0.008375
2025-12-02 13:15,0.08903
2025-12-02 13:30,0.008025
2025-12-02 13:45,0.085349
2025-12-02 14:00,0.138119
2025-12-02 14:15,0.194478
2025-12-02 14:30,0.236426
2025-12-02 14:45,0.195969
2025-12-02 15:00,0.452696
2025-12-02 15:15,0.139831
2025-12-02 15:30,0.157003
2025-12-02 15:45,0.420928
2025-12-02 16:00,0.383637
2025-12-02 16:15,0.199521
2025-12-02 16:30,0.34653
2025-12-02 16:45,0.228732
2025-12-02 17:00,0.137953
2025-12-02 17:15,0.558936
2025-12-02 17:30,0.567881
2025-12-02 17:45,0.427775
2025-12-02 18:00,0.316418
2025-12-02 18:15,0.204289
2025-12-02 18:30,0.682293
2025-12-02 18:45,0.395748
2025-12-02 19:00,0.161513
2025-12-02 19:15,0.776201
2025-12-02 19:30,0.405356
2025-12-02 19:45,0.362525
2025-12-02 20:00,0.8097
2025-12-02 20:15,0.239573
2025-12-02 20:30,0.140254
2025-12-02 20:45,0.587171
2025-12-02 21:00,0.68222
2025-12-02 21:15,0.082017
2025-12-02 21:30,0.278815
2025-12-02 21:45,0.108632
2025-12-02 22:00,0.001178
2025-12-02 22:15,0.238211
2025-12-02 22:30,0.040125
2025-12-02 22:45,0.081355
2025-12-02 23:00,0.02783
2025-12-02 23:15,0.005853
2025-12-02 23:30,0.0
2025-12-02 23:45,0.0522
2025-12-03 00:00,0.086582
2025-12-03 00:00,0.064431
2025-12-03 00:15,0.000794
2025-12-03 00:30,0.0
2025-12-03 00:45,0.0
2025-12-03 01:00,0.000959
2025-12-03 01:15,0.0
2025-12-03 01:30,0.002945
2025-12-03 01:45,0.013725
2025-12-03 02:00,0.001315
2025-12-03 02:15,0.0
2025-12-03 02:30,0.000904
2025-12-03 02:45,0.0
2025-12-03 03:00,0.000794
2025-12-03 03:15,0.0
2025-12-03 03:30,0.000959
2025-12-03 03:45,0.021011
2025-12-03 04:00,0.0
2025-12-03 04:15,0.002342
2025-12-03 04:30,0.00137
2025-12-03 04:45,0.0
2025-12-03 05:00,0.0
2025-12-03 05:15,0.032681
2025-12-03 05:30,0.0
2025-12-03 05:45,0.0
2025-12-03 06:00,0.002726
2025-12-03 06:15,0.0
2025-12-03 06:30,0.0
2025-12-03 06:45,0.0
2025-12-03 07:00,0.013588
2025-12-03 07:15,0.019149
2025-12-03 07:30,0.0
2025-12-03 07:45,0.0
2025-12-03 08:00,0.004945
2025-12-03 08:15,0.0
2025-12-03 08:30,0.003411
2025-12-03 08:45,0.0
2025-12-03 09:00,0.001288
2025-12-03 09:15,0.004301
2025-12-03 09:30,0.001288
2025-12-03 09:45,0.0
2025-12-03 10:00,0.001178
2025-12-03 10:15,0.001986
2025-12-03 10:30,0.0
2025-12-03 10:45,0.008547
2025-12-03 11:00,0.0
2025-12-03 11:15,0.0
2025-12-03 11:30,0.050981
2025-12-03 11:45,0.063144
2025-12-03 12:00,0.00174
2025-12-03 12:15,0.000959
2025-12-03 12:30,0.000794
2025-12-03 12:45,0.038297
2025-12-03 13:00,0.022409
2025-12-03 13:15,0.062404
2025-12-03 13:30,0.212497
2025-12-03 13:45,0.140012
2025-12-03 14:00,0.150846
2025-12-03 14:15,0.255451
2025-12-03 14:30,0.274299
2025-12-03 14:45,0.272381
2025-12-03 15:00,0.181775
2025-12-03 15:15,0.056706
2025-12-03 15:30,0.38267
2025-12-03 15:45,0.263848
2025-12-03 16:00,0.676912
2025-12-03 16:15,0.702786
2025-12-03 16:30,0.39519
2025-12-03 16:45,0.324033
2025-12-03 17:00,0.042872
2025-12-03 17:15,0.169872
2025-12-03 17:30,0.125
2025-12-03 17:45,0.213497
2025-12-03 18:00,0.025367
2025-12-03 18:15,0.064171
2025-12-03 18:30,0.349921
2025-12-03 18:45,0.10892
2025-12-03 19:00,0.209183
2025-12-03 19:15,0.182158
2025-12-03 19:30,0.788626
2025-12-03 19:45,0.197951
2025-12-03 20:00,0.349592
2025-12-03 20:15,0.228934
2025-12-03 20:30,0.244329
2025-12-03 20:45,0.47429
2025-12-03 21:00,0.081881
2025-12-03 21:15,0.053337
2025-12-03 21:30,0.078745
2025-12-03 21:45,0.063842
2025-12-03 22:00,0.0
2025-12-03 22:15,0.030901
2025-12-03 22:30,0.0
2025-12-03 22:45,0.020025
2025-12-03 23:00,0.0103
2025-12-03 23:15,0.008163
2025-12-03 23:30,0.0
2025-12-03 23:45,0.001288
2025-12-04 00:00,0.166338
2025-12-04 00:15,0.0
2025-12-04 00:30,0.020107
2025-12-04 00:45,0.0
2025-12-04 01:00,0.0
2025-12-04 01:15,0.003534
2025-12-04 01:30,0.170064
2025-12-04 01:45,0.031092
2025-12-04 02:00,0.002616
2025-12-04 02:15,0.001918
2025-12-04 02:30,0.0
2025-12-04 02:45,0.0
2025-12-04 03:00,0.010519
2025-12-04 03:15,0.014985
2025-12-04 03:30,0.000959
2025-12-04 03:45,0.063226
2025-12-04 04:00,0.043721
2025-12-04 04:15,0.01419
2025-12-04 04:30,0.000877
2025-12-04 04:45,0.000877
2025-12-04 05:00,0.020792
2025-12-04 05:15,0.000959
2025-12-04 05:30,0.001068
2025-12-04 05:45,0.0
2025-12-04 06:00,0.035695
2025-12-04 06:15,0.000877
2025-12-04 06:30,0.0
2025-12-04 06:45,0.0
2025-12-04 07:00,0.001575
2025-12-04 07:15,0.0
2025-12-04 07:30,0.000959
2025-12-04 07:45,0.020792
2025-12-04 08:00,0.0
2025-12-04 08:15,0.0
2025-12-04 08:30,0.0
2025-12-04 08:45,0.0
2025-12-04 09:00,0.004958
2025-12-04 09:15,0.002452
2025-12-04 09:30,0.000959
2025-12-04 09:45,0.001918
2025-12-04 10:00,0.001123
2025-12-04 10:15,0.000877
2025-12-04 10:30,0.0103
2025-12-04 10:45,0.029928
2025-12-04 11:00,0.0
2025-12-04 11:15,0.0
2025-12-04 11:30,0.000794
2025-12-04 11:45,0.000794
2025-12-04 12:00,0.018203
2025-12-04 12:15,0.007259
2025-12-04 12:30,0.005068
2025-12-04 12:45,0.000959
2025-12-04 13:00,0.028819
2025-12-04 13:15,0.047625
2025-12-04 13:30,0.019751
2025-12-04 13:45,0.233002
2025-12-04 14:00,0.183679
2025-12-04 14:15,0.24033
2025-12-04 14:30,0.146491
2025-12-04 14:45,0.504794
2025-12-04 15:00,0.153695
2025-12-04 15:15,0.254726
2025-12-04 15:30,0.404832
2025-12-04 15:45,0.442924
2025-12-04 16:00,0.076649
2025-12-04 16:15,0.046735
2025-12-04 16:30,0.277435
2025-12-04 16:45,0.165872
2025-12-04 17:00,0.112686
2025-12-04 17:15,0.48744
2025-12-04 17:30,0.304569
2025-12-04 17:45,0.121137
2025-12-04 18:00,0.179994
2025-12-04 18:15,0.149888
2025-12-04 18:30,0.077389
2025-12-04 18:45,0.461169
2025-12-04 19:00,0.046844
2025-12-04 19:15,0.106892
2025-12-04 19:30,0.236344
2025-12-04 19:45,0.042598
2025-12-04 20:00,0.157243
2025-12-04 20:15,0.020053
2025-12-04 20:30,0.130465
2025-12-04 20:45,0.291845
2025-12-04 21:00,0.296447
2025-12-04 21:15,0.31176
2025-12-04 21:30,0.103044
2025-12-04 21:45,0.386738
2025-12-04 22:00,0.000959
2025-12-04 22:15,0.01104
2025-12-04 22:30,0.0
2025-12-04 22:45,0.00215
2025-12-04 23:00,0.000877
2025-12-04 23:15,0.173981
2025-12-04 23:30,0.178857
2025-12-04 23:45,0.002767
2025-12-05 00:00,0.0226
2025-12-05 00:15,0.000877
2025-12-05 00:30,0.306377
2025-12-05 00:45,0.0
2025-12-05 01:00,0.019149
2025-12-05 01:15,0.001835
2025-12-05 01:30,0.058542
2025-12-05 01:45,0.001425
2025-12-05 02:00,0.0
2025-12-05 02:15,0.338566
2025-12-05 02:30,0.005123
2025-12-05 02:45,0.0
2025-12-05 03:00,0.001068
2025-12-05 03:15,0.0
2025-12-05 03:30,0.0
2025-12-05 03:45,0.000794
2025-12-05 04:00,0.0
2025-12-05 04:15,0.0
2025-12-05 04:30,0.020792
2025-12-05 04:45,0.000877
2025-12-05 05:00,0.0
2025-12-05 05:15,0.02208
2025-12-05 05:30,0.000959
2025-12-05 05:45,0.0
2025-12-05 06:00,0.0
2025-12-05 06:15,0.0
2025-12-05 06:30,0.000959
2025-12-05 06:45,0.0
2025-12-05 07:00,0.166338
2025-12-05 07:15,0.0
2025-12-05 07:30,0.0
2025-12-05 07:45,0.0
2025-12-05 08:00,0.0
2025-12-05 08:15,0.0
2025-12-05 08:30,0.0
2025-12-05 08:45,0.015697
2025-12-05 09:00,0.019149
2025-12-05 09:15,0.0
2025-12-05 09:30,0.0
2025-12-05 09:45,0.001288
2025-12-05 10:00,0.016108
2025-12-05 10:15,0.0
2025-12-05 10:30,0.020518
2025-12-05 10:45,0.0
2025-12-05 11:00,0.0
2025-12-05 11:15,0.0
2025-12-05 11:30,0.020792
2025-12-05 11:45,0.000959
2025-12-05 12:00,0.057446
2025-12-05 12:15,0.027956
2025-12-05 12:30,0.000794
2025-12-05 12:45,0.0
2025-12-05 13:00,0.006355
2025-12-05 13:15,0.02082
2025-12-05 13:30,0.027038
2025-12-05 13:45,0.222743
2025-12-05 14:00,0.0665
2025-12-05 14:15,0.137053
2025-12-05 14:30,0.135245
2025-12-05 14:45,0.208854
2025-12-05 15:00,0.301446
2025-12-05 15:15,0.281599
2025-12-05 15:30,0.233057
2025-12-05 15:45,0.372014
2025-12-05 16:00,0.219866
2025-12-05 16:15,0.301063
2025-12-05 16:30,0.126575
2025-12-05 16:45,0.20432
2025-12-05 17:00,0.126644
2025-12-05 17:15,0.210497
2025-12-05 17:30,0.008752
2025-12-05 17:45,0.045995
2025-12-05 18:00,0.053706
2025-12-05 18:15,0.063925
2025-12-05 18:30,0.094866
2025-12-05 18:45,0.204635
2025-12-05 19:00,0.629438
2025-12-05 19:15,0.048077
2025-12-05 19:30,0.191267
2025-12-05 19:45,0.290009
2025-12-05 20:00,0.067184
2025-12-05 20:15,0.015135
2025-12-05 20:30,0.063418
2025-12-05 20:45,0.070458
2025-12-05 21:00,0.196759
2025-12-05 21:15,0.408887
2025-12-05 21:30,0.155819
2025-12-05 21:45,0.038872
2025-12-05 22:00,0.06035
2025-12-05 22:15,0.057446
2025-12-05 22:30,0.003191
2025-12-05 22:45,0.032407
2025-12-05 23:00,0.0
2025-12-05 23:15,0.0
2025-12-05 23:30,0.002712
2025-12-05 23:45,0.0
2025-12-06 00:00,0.018464
2025-12-06 00:15,0.04331
2025-12-06 00:30,0.0
2025-12-06 00:45,0.0
2025-12-06 01:00,0.062103
2025-12-06 01:15,0.002575
2025-12-06 01:30,0.0
2025-12-06 01:45,0.001068
2025-12-06 02:00,0.002685
2025-12-06 02:15,0.0
2025-12-06 02:30,0.001986
2025-12-06 02:45,0.01997
2025-12-06 03:00,0.0
2025-12-06 03:15,0.0
2025-12-06 03:30,0.0
2025-12-06 03:45,0.001315
2025-12-06 04:00,0.0
2025-12-06 04:15,0.0
2025-12-06 04:30,0.0
2025-12-06 04:45,0.0
2025-12-06 05:00,0.015423
2025-12-06 05:15,0.0
2025-12-06 05:30,0.039393
2025-12-06 05:45,0.001657
2025-12-06 06:00,0.0
2025-12-06 06:15,0.0
2025-12-06 06:30,0.0
2025-12-06 06:45,0.019628
2025-12-06 07:00,0.033092
2025-12-06 07:15,0.0
2025-12-06 07:30,0.001288
2025-12-06 07:45,0.0
2025-12-06 08:00,0.0
2025-12-06 08:15,0.0
2025-12-06 08:30,0.0
2025-12-06 08:45,0.00767
2025-12-06 09:00,0.0
2025-12-06 09:15,0.002178
2025-12-06 09:30,0.0
2025-12-06 09:45,0.001657
2025-12-06 10:00,0.001288
2025-12-06 10:15,0.0
2025-12-06 10:30,0.0
2025-12-06 10:45,0.0
2025-12-06 11:00,0.001288
2025-12-06 11:15,0.0
2025-12-06 11:30,0.044639
2025-12-06 11:45,0.005849
2025-12-06 12:00,0.002575
2025-12-06 12:15,0.0
2025-12-06 12:30,0.00804
2025-12-06 12:45,0.0
2025-12-06 13:00,0.006355
2025-12-06 13:15,0.001753
2025-12-06 13:30,0.002246
2025-12-06 13:45,0.0
2025-12-06 14:00,0.001288
2025-12-06 14:15,0.0
2025-12-06 14:30,0.0
2025-12-06 14:45,0.001288
2025-12-06 15:00,0.000959
2025-12-06 15:15,0.0
2025-12-06 15:30,0.0
2025-12-06 15:45,0.021751
2025-12-06 16:00,0.000959
2025-12-06 16:15,0.0
2025-12-06 16:30,0.002246
2025-12-06 16:45,0.000877
2025-12-06 17:00,0.001109
2025-12-06 17:15,0.0
2025-12-06 17:30,0.0
2025-12-06 17:45,0.00767
2025-12-06 18:00,0.010958
2025-12-06 18:15,0.0
2025-12-06 18:30,0.019149
2025-12-06 18:45,0.000794
2025-12-06 19:00,0.027778
2025-12-06 19:15,0.0
2025-12-06 19:30,0.173981
2025-12-06 19:45,0.0
2025-12-06 20:00,0.013259
2025-12-06 20:15,0.0
2025-12-06 20:30,0.0
2025-12-06 20:45,0.0
2025-12-06 21:00,0.001219
2025-12-06 21:15,0.0
2025-12-06 21:30,0.0
2025-12-06 21:45,0.0
2025-12-06 22:00,0.003013
2025-12-06 22:15,0.0
2025-12-06 22:30,0.0
2025-12-06 22:45,0.019696
2025-12-06 23:00,0.001918
2025-12-06 23:15,0.006355
2025-12-06 23:30,0.0
2025-12-06 23:45,0.0
2025-12-07 00:00,0.020792
2025-12-07 00:15,0.021587
2025-12-07 00:30,0.002274
2025-12-07 00:45,0.0
2025-12-07 01:00,0.015341
2025-12-07 01:15,0.0
2025-12-07 01:30,0.000794
2025-12-07 01:45,0.000959
2025-12-07 02:00,0.0
2025-12-07 02:15,0.0
2025-12-07 02:30,0.0
2025-12-07 02:45,0.0
2025-12-07 03:00,0.001219
2025-12-07 03:15,0.003863
2025-12-07 03:30,0.001548
2025-12-07 03:45,0.019149
2025-12-07 04:00,0.021861
2025-12-07 04:15,0.039256
2025-12-07 04:30,0.0
2025-12-07 04:45,0.0
2025-12-07 05:00,0.0
2025-12-07 05:15,0.0
2025-12-07 05:30,0.0
2025-12-07 05:45,0.002082
2025-12-07 06:00,0.001288
2025-12-07 06:15,0.0
2025-12-07 06:30,0.000794
2025-12-07 06:45,0.002246
2025-12-07 07:00,0.013341
2025-12-07 07:15,0.0
2025-12-07 07:30,0.0
2025-12-07 07:45,0.0
2025-12-07 08:00,0.0
2025-12-07 08:15,0.0
2025-12-07 08:30,0.000959
2025-12-07 08:45,0.000794
2025-12-07 09:00,0.000794
2025-12-07 09:15,0.0
2025-12-07 09:30,0.0
2025-12-07 09:45,0.0
2025-12-07 10:00,0.002616
2025-12-07 10:15,0.0
2025-12-07 10:30,0.002329
2025-12-07 10:45,0.0
2025-12-07 11:00,0.0
2025-12-07 11:15,0.0
2025-12-07 11:30,0.000959
2025-12-07 11:45,0.0
2025-12-07 12:00,0.0
2025-12-07 12:15,0.000959
2025-12-07 12:30,0.0
2025-12-07 12:45,0.0
2025-12-07 13:00,0.001918
2025-12-07 13:15,0.002192
2025-12-07 13:30,0.001753
2025-12-07 13:45,0.0
2025-12-07 14:00,0.020573
2025-12-07 14:15,0.0
2025-12-07 14:30,0.0
2025-12-07 14:45,0.004232
2025-12-07 15:00,0.001288
2025-12-07 15:15,0.000959
2025-12-07 15:30,0.0
2025-12-07 15:45,0.0
2025-12-07 16:00,0.0
2025-12-07 16:15,0.002945
2025-12-07 16:30,0.0
2025-12-07 16:45,0.0
2025-12-07 17:00,0.0
2025-12-07 17:15,0.027545
2025-12-07 17:30,0.0
2025-12-07 17:45,0.020436
2025-12-07 18:00,0.020107
2025-12-07 18:15,0.0
2025-12-07 18:30,0.009437
2025-12-07 18:45,0.0
2025-12-07 19:00,0.167297
2025-12-07 19:15,0.000959
2025-12-07 19:30,0.015697
2025-12-07 19:45,0.001918
2025-12-07 20:00,0.057446
2025-12-07 20:15,0.0
2025-12-07 20:30,0.001918
2025-12-07 20:45,0.001918
2025-12-07 21:00,0.000959
2025-12-07 21:15,0.017395
2025-12-07 21:30,0.019149
2025-12-07 21:45,0.0
2025-12-07 22:00,0.001918
2025-12-07 22:15,0.039256
2025-12-07 22:30,0.0
2025-12-07 22:45,0.00741
2025-12-07 23:00,0.007013
2025-12-07 23:15,0.0
2025-12-07 23:30,0.0
2025-12-07 23:45,0.0
2025-12-08 00:00,0.019696
2025-12-08 00:15,0.00767
2025-12-08 00:30,0.001918
2025-12-08 00:45,0.007314
2025-12-08 01:00,0.0
2025-12-08 01:15,0.002178
2025-12-08 01:30,0.001342
2025-12-08 01:45,0.0
2025-12-08 02:00,0.0
2025-12-08 02:15,0.0
2025-12-08 02:30,0.0
2025-12-08 02:45,0.001288
2025-12-08 03:00,0.020792
2025-12-08 03:15,0.000877
2025-12-08 03:30,0.0
2025-12-08 03:45,0.172337
2025-12-08 04:00,0.041584
2025-12-08 04:15,0.0
2025-12-08 04:30,0.0
2025-12-08 04:45,0.0
2025-12-08 05:00,0.0
2025-12-08 05:15,0.0
2025-12-08 05:30,0.0
2025-12-08 05:45,0.0
2025-12-08 06:00,0.0
2025-12-08 06:15,0.000959
2025-12-08 06:30,0.000959
2025-12-08 06:45,0.007643
2025-12-08 07:00,0.0
2025-12-08 07:15,0.0
2025-12-08 07:30,0.0
2025-12-08 07:45,0.000959
2025-12-08 08:00,0.0
2025-12-08 08:15,0.0
2025-12-08 08:30,0.0
2025-12-08 08:45,0.0
2025-12-08 09:00,0.0
2025-12-08 09:15,0.0
2025-12-08 09:30,0.006739
2025-12-08 09:45,0.0
2025-12-08 10:00,0.010382
2025-12-08 10:15,0.020792
2025-12-08 10:30,0.0
2025-12-08 10:45,0.0
2025-12-08 11:00,0.019696
2025-12-08 11:15,0.019806
2025-12-08 11:30,0.000877
2025-12-08 11:45,0.001671
2025-12-08 12:00,0.003233
2025-12-08 12:15,0.007451
2025-12-08 12:30,0.0
2025-12-08 12:45,0.0
2025-12-08 13:00,0.005534
2025-12-08 13:15,0.001123
2025-12-08 13:30,0.387149
2025-12-08 13:45,0.3155
2025-12-08 14:00,0.3647
2025-12-08 14:15,0.127493
2025-12-08 14:30,0.083046
2025-12-08 14:45,0.17105
2025-12-08 15:00,0.297721
2025-12-08 15:15,0.209265
2025-12-08 15:30,0.222921
2025-12-08 15:45,0.600085
2025-12-08 16:00,0.021696
2025-12-08 16:15,0.401162
2025-12-08 16:30,0.090949
2025-12-08 16:45,0.312034
2025-12-08 17:00,0.05961
2025-12-08 17:15,0.246
2025-12-08 17:30,0.04957
2025-12-08 17:45,0.62263
2025-12-08 18:00,0.240371
2025-12-08 18:15,0.082977
2025-12-08 18:30,0.159928
2025-12-08 18:45,0.253575
2025-12-08 19:00,0.071307
2025-12-08 19:15,0.090511
2025-12-08 19:30,0.16442
2025-12-08 19:45,0.176323
2025-12-08 20:00,0.130547
2025-12-08 20:15,0.234344
2025-12-08 20:30,0.187267
2025-12-08 20:45,0.166502
2025-12-08 21:00,0.11496
2025-12-08 21:15,0.200074
2025-12-08 21:30,0.105619
2025-12-08 21:45,0.083744
2025-12-08 22:00,0.028024
2025-12-08 22:15,0.096469
2025-12-08 22:30,0.0
2025-12-08 22:45,0.031298
2025-12-08 23:00,0.079224
2025-12-08 23:15,0.153189
2025-12-08 23:30,0.001288
2025-12-08 23:45,0.0
2025-12-09 00:00,0.019149
2025-12-09 00:15,0.0
2025-12-09 00:30,0.002986
2025-12-09 00:45,0.022203
2025-12-09 01:00,0.001589
2025-12-09 01:15,0.019149
2025-12-09 01:30,0.0
2025-12-09 01:45,0.001616
2025-12-09 02:00,0.0
2025-12-09 02:15,0.0
2025-12-09 02:30,0.001123
2025-12-09 02:45,0.0
2025-12-09 03:00,0.0
2025-12-09 03:15,0.000959
2025-12-09 03:30,0.0
2025-12-09 03:45,0.008287
2025-12-09 04:00,0.0
2025-12-09 04:15,0.0
2025-12-09 04:30,0.0
2025-12-09 04:45,0.016943
2025-12-09 05:00,0.001671
2025-12-09 05:15,0.0
2025-12-09 05:30,0.019423
2025-12-09 05:45,0.0
2025-12-09 06:00,0.0
2025-12-09 06:15,0.001274
2025-12-09 06:30,0.0
2025-12-09 06:45,0.000904
2025-12-09 07:00,0.0
2025-12-09 07:15,0.0
2025-12-09 07:30,0.0
2025-12-09 07:45,0.000959
2025-12-09 08:00,0.0
2025-12-09 08:15,0.020792
2025-12-09 08:30,0.0
2025-12-09 08:45,0.0
2025-12-09 09:00,0.015286
2025-12-09 09:15,0.0
2025-12-09 09:30,0.0
2025-12-09 09:45,0.0
2025-12-09 10:00,0.00993
2025-12-09 10:15,0.0
2025-12-09 10:30,0.0
2025-12-09 10:45,0.0
2025-12-09 11:00,0.001301
2025-12-09 11:15,0.0
2025-12-09 11:30,0.0
2025-12-09 11:45,0.0
2025-12-09 12:00,0.003137
2025-12-09 12:15,0.015204
2025-12-09 12:30,0.029106
2025-12-09 12:45,0.0
2025-12-09 13:00,0.009355
2025-12-09 13:15,0.18109
2025-12-09 13:30,0.290078
2025-12-09 13:45,0.22162
2025-12-09 14:00,0.512601
2025-12-09 14:15,0.67283
2025-12-09 14:30,0.389177
2025-12-09 14:45,0.072348
2025-12-09 15:00,0.369261
2025-12-09 15:15,0.041927
2025-12-09 15:30,0.125425
2025-12-09 15:45,0.211949
2025-12-09 16:00,0.0635
2025-12-09 16:15,0.293269
2025-12-09 16:30,0.04268
2025-12-09 16:45,0.231454
2025-12-09 17:00,0.445759
2025-12-09 17:15,0.135766
2025-12-09 17:30,0.1629
2025-12-09 17:45,0.237577
2025-12-09 18:00,0.065431
2025-12-09 18:15,0.224332
2025-12-09 18:30,0.291708
2025-12-09 18:45,0.108618
2025-12-09 19:00,0.239179
2025-12-09 19:15,0.505342
2025-12-09 19:30,0.201129
2025-12-09 19:45,0.124699
2025-12-09 20:00,1.0
2025-12-09 20:15,0.091716
2025-12-09 20:30,0.146874
2025-12-09 20:45,0.258547
2025-12-09 21:00,0.060158
2025-12-09 21:15,0.291023
2025-12-09 21:30,0.172337
2025-12-09 21:45,0.197663
2025-12-09 22:00,0.034298
2025-12-09 22:15,0.046105
2025-12-09 22:30,0.035571
2025-12-09 22:45,0.000877
2025-12-09 23:00,0.042571
2025-12-09 23:15,0.095743
2025-12-09 23:30,0.004575
2025-12-09 23:45,0.007013
2025-12-10 00:00,0.042598
2025-12-10 00:00,0.014972
2025-12-10 00:15,0.000505
2025-12-10 00:30,0.0
2025-12-10 00:45,0.0
2025-12-10 01:00,0.014616
2025-12-10 01:15,0.0
2025-12-10 01:30,0.065772
2025-12-10 01:45,0.002008
2025-12-10 02:00,0.0
2025-12-10 02:15,0.005517
2025-12-10 02:30,0.0
2025-12-10 02:45,0.00079
2025-12-10 03:00,0.000337
2025-12-10 03:15,0.013846
2025-12-10 03:30,0.00636
2025-12-10 03:45,0.000684
2025-12-10 04:00,0.0
2025-12-10 04:15,0.001579
2025-12-10 04:30,0.0
2025-12-10 04:45,0.0
2025-12-10 05:00,0.000939
2025-12-10 05:15,0.000674
2025-12-10 05:30,0.000279
2025-12-10 05:45,0.00079
2025-12-10 06:00,0.0
2025-12-10 06:15,0.000453
2025-12-10 06:30,0.000337
2025-12-10 06:45,0.001146
2025-12-10 07:00,0.0
2025-12-10 07:15,0.0
2025-12-10 07:30,0.0
2025-12-10 07:45,0.000549
2025-12-10 08:00,0.0
2025-12-10 08:15,0.0
2025-12-10 08:30,0.0
2025-12-10 08:45,0.007645
2025-12-10 09:00,0.0
2025-12-10 09:15,0.0
2025-12-10 09:30,0.007308
2025-12-10 09:45,0.000453
2025-12-10 10:00,0.0
2025-12-10 10:15,0.000279
2025-12-10 10:30,0.000453
2025-12-10 10:45,0.000433
2025-12-10 11:00,0.001309
2025-12-10 11:15,0.001237
2025-12-10 11:30,0.001858
2025-12-10 11:45,0.00117
2025-12-10 12:00,0.007992
2025-12-10 12:15,0.0
2025-12-10 12:30,0.00673
2025-12-10 12:45,0.005175
2025-12-10 13:00,0.007616
2025-12-10 13:15,0.103208
2025-12-10 13:30,0.012262
2025-12-10 13:45,1.0
2025-12-10 14:00,0.205507
2025-12-10 14:15,0.262127
2025-12-10 14:30,0.04291
2025-12-10 14:45,0.025506
2025-12-10 15:00,0.03604
2025-12-10 15:15,0.142469
2025-12-10 15:30,0.127795
2025-12-10 15:45,0.049163
2025-12-10 16:00,0.169014
2025-12-10 16:15,0.104566
2025-12-10 16:30,0.347677
2025-12-10 16:45,0.044619
2025-12-10 17:00,0.074819
2025-12-10 17:15,0.057651
2025-12-10 17:30,0.046058
2025-12-10 17:45,0.084139
2025-12-10 18:00,0.113824
2025-12-10 18:15,0.257173
2025-12-10 18:30,0.167989
2025-12-10 18:45,0.123703
2025-12-10 19:00,0.780826
2025-12-10 19:15,0.512247
2025-12-10 19:30,0.157094
2025-12-10 19:45,0.022102
2025-12-10 20:00,0.036054
2025-12-10 20:15,0.025655
2025-12-10 20:30,0.040844
2025-12-10 20:45,0.070577
2025-12-10 21:00,0.027937
2025-12-10 21:15,0.085497
2025-12-10 21:30,0.067313
2025-12-10 21:45,0.01684
2025-12-10 22:00,0.009426
2025-12-10 22:15,0.082646
2025-12-10 22:30,0.008242
2025-12-10 22:45,0.0
2025-12-10 23:00,0.021212
2025-12-10 23:15,0.053843
2025-12-10 23:30,0.00673
2025-12-10 23:45,0.00673
2025-12-11 00:00,0.068767
2025-12-11 00:15,0.01374
2025-12-11 00:30,0.014125
2025-12-11 00:45,0.0
2025-12-11 01:00,0.0
2025-12-11 01:15,0.000337
2025-12-11 01:30,0.000453
2025-12-11 01:45,0.0
2025-12-11 02:00,0.000453
2025-12-11 02:15,0.014924
2025-12-11 02:30,0.00673
2025-12-11 02:45,0.000337
2025-12-11 03:00,0.007375
2025-12-11 03:15,0.0
2025-12-11 03:30,0.0
2025-12-11 03:45,0.013461
2025-12-11 04:00,0.007308
2025-12-11 04:15,0.014645
2025-12-11 04:30,0.000337
2025-12-11 04:45,0.058464
2025-12-11 05:00,0.000337
2025-12-11 05:15,0.0
2025-12-11 05:30,0.000414
2025-12-11 05:45,0.000279
2025-12-11 06:00,0.0
2025-12-11 06:15,0.000462
2025-12-11 06:30,0.0
2025-12-11 06:45,0.001281
2025-12-11 07:00,0.000823
2025-12-11 07:15,0.013461
2025-12-11 07:30,0.000414
2025-12-11 07:45,0.0
2025-12-11 08:00,0.0
2025-12-11 08:15,0.000453
2025-12-11 08:30,0.000453
2025-12-11 08:45,0.0
2025-12-11 09:00,0.002696
2025-12-11 09:15,0.0
2025-12-11 09:30,0.000337
2025-12-11 09:45,0.000337
2025-12-11 10:00,0.000453
2025-12-11 10:15,0.0
2025-12-11 10:30,0.000794
2025-12-11 10:45,0.0
2025-12-11 11:00,0.00673
2025-12-11 11:15,0.004564
2025-12-11 11:30,0.0
2025-12-11 11:45,0.0
2025-12-11 12:00,0.033844
2025-12-11 12:15,0.0
2025-12-11 12:30,0.000905
2025-12-11 12:45,0.011689
2025-12-11 13:00,0.070924
2025-12-11 13:15,0.025217
2025-12-11 13:30,0.067612
2025-12-11 13:45,0.032992
2025-12-11 14:00,0.031976
2025-12-11 14:15,0.189273
2025-12-11 14:30,0.034745
2025-12-11 14:45,0.118628
2025-12-11 15:00,0.061531
2025-12-11 15:15,0.146566
2025-12-11 15:30,0.029964
2025-12-11 15:45,0.060149
2025-12-11 16:00,0.018039
2025-12-11 16:15,0.142416
2025-12-11 16:30,0.084808
2025-12-11 16:45,0.036877
2025-12-11 17:00,0.029718
2025-12-11 17:15,0.117824
2025-12-11 17:30,0.068382
2025-12-11 17:45,0.146676
2025-12-11 18:00,0.022006
2025-12-11 18:15,0.029049
2025-12-11 18:30,0.062884
2025-12-11 18:45,0.180058
2025-12-11 19:00,0.081804
2025-12-11 19:15,0.081323
2025-12-11 19:30,0.081428
2025-12-11 19:45,0.129484
2025-12-11 20:00,0.172043
2025-12-11 20:15,0.14579
2025-12-11 20:30,0.035544
2025-12-11 20:45,0.042423
2025-12-11 21:00,0.136282
2025-12-11 21:15,0.141929
2025-12-11 21:30,0.048903
2025-12-11 21:45,0.003794
2025-12-11 22:00,0.007202
2025-12-11 22:15,0.014375
2025-12-11 22:30,0.007828
2025-12-11 22:45,0.0
2025-12-11 23:00,0.000337
2025-12-11 23:15,0.002744
2025-12-11 23:30,0.0
2025-12-11 23:45,0.000698
2025-12-12 00:00,0.0
2025-12-12 00:15,0.020191
2025-12-12 00:30,0.0
2025-12-12 00:45,0.0
2025-12-12 01:00,0.0
2025-12-12 01:15,0.0
2025-12-12 01:30,0.000453
2025-12-12 01:45,0.053843
2025-12-12 02:00,0.0
2025-12-12 02:15,0.001733
2025-12-12 02:30,0.0
2025-12-12 02:45,0.003081
2025-12-12 03:00,0.002061
2025-12-12 03:15,0.003428
2025-12-12 03:30,0.000453
2025-12-12 03:45,0.002335
2025-12-12 04:00,0.0
2025-12-12 04:15,0.0
2025-12-12 04:30,0.000337
2025-12-12 04:45,0.021096
2025-12-12 05:00,0.000453
2025-12-12 05:15,0.007106
2025-12-12 05:30,0.002662
2025-12-12 05:45,0.000376
2025-12-12 06:00,0.0
2025-12-12 06:15,0.001512
2025-12-12 06:30,0.0
2025-12-12 06:45,0.003851
2025-12-12 07:00,0.0
2025-12-12 07:15,0.0
2025-12-12 07:30,0.0
2025-12-12 07:45,0.0
2025-12-12 08:00,0.000698
2025-12-12 08:15,0.0
2025-12-12 08:30,0.0
2025-12-12 08:45,0.000337
2025-12-12 09:00,0.0
2025-12-12 09:15,0.001025
2025-12-12 09:30,0.0
2025-12-12 09:45,0.026921
2025-12-12 10:00,0.007789
2025-12-12 10:15,0.000337
2025-12-12 10:30,0.0
2025-12-12 10:45,0.0
2025-12-12 11:00,0.000453
2025-12-12 11:15,0.001887
2025-12-12 11:30,0.00701
2025-12-12 11:45,0.013461
2025-12-12 12:00,0.0
2025-12-12 12:15,0.020287
2025-12-12 12:30,0.00673
2025-12-12 12:45,0.000428
2025-12-12 13:00,0.006037
2025-12-12 13:15,0.00673
2025-12-12 13:30,0.017081
2025-12-12 13:45,0.071275
2025-12-12 14:00,0.068199
2025-12-12 14:15,0.023441
2025-12-12 14:30,0.151755
2025-12-12 14:45,0.099073
2025-12-12 15:00,0.166747
2025-12-12 15:15,0.152193
2025-12-12 15:30,0.146744
2025-12-12 15:45,0.030113
2025-12-12 16:00,0.078083
2025-12-12 16:15,0.17807
2025-12-12 16:30,0.035756
2025-12-12 16:45,0.069195
2025-12-12 17:00,0.135955
2025-12-12 17:15,0.02126
2025-12-12 17:30,0.091962
2025-12-12 17:45,0.016041
2025-12-12 18:00,0.031466
2025-12-12 18:15,0.026575
2025-12-12 18:30,0.075478
2025-12-12 18:45,0.041239
2025-12-12 19:00,0.09047
2025-12-12 19:15,0.115677
2025-12-12 19:30,0.090335
2025-12-12 19:45,0.042192
2025-12-12 20:00,0.043463
2025-12-12 20:15,0.007891
2025-12-12 20:30,0.12428
2025-12-12 20:45,0.088587
2025-12-12 21:00,0.104941
2025-12-12 21:15,0.001685
2025-12-12 21:30,0.014197
2025-12-12 21:45,0.067303
2025-12-12 22:00,0.014231
2025-12-12 22:15,0.00673
2025-12-12 22:30,0.013798
2025-12-12 22:45,0.032506
2025-12-12 23:00,0.011208
2025-12-12 23:15,0.053843
2025-12-12 23:30,0.0
2025-12-12 23:45,0.000453
2025-12-13 00:00,0.014934
2025-12-13 00:15,0.013461
2025-12-13 00:30,0.001579
2025-12-13 00:45,0.003505
2025-12-13 01:00,0.0
2025-12-13 01:15,0.053843
2025-12-13 01:30,0.031346
2025-12-13 01:45,0.028895
2025-12-13 02:00,0.00116
2025-12-13 02:15,0.004265
2025-12-13 02:30,0.003774
2025-12-13 02:45,0.00312
2025-12-13 03:00,0.0
2025-12-13 03:15,0.000337
2025-12-13 03:30,0.0
2025-12-13 03:45,0.0
2025-12-13 04:00,0.002027
2025-12-13 04:15,0.053843
2025-12-13 04:30,0.0
2025-12-13 04:45,0.0
2025-12-13 05:00,0.001709
2025-12-13 05:15,0.0
2025-12-13 05:30,0.0
2025-12-13 05:45,0.0
2025-12-13 06:00,0.0
2025-12-13 06:15,0.007881
2025-12-13 06:30,0.002643
2025-12-13 06:45,0.0
2025-12-13 07:00,0.0
2025-12-13 07:15,0.000453
2025-12-13 07:30,0.012093
2025-12-13 07:45,0.0
2025-12-13 08:00,0.0
2025-12-13 08:15,0.000308
2025-12-13 08:30,0.0
2025-12-13 08:45,0.002094
2025-12-13 09:00,0.000453
2025-12-13 09:15,0.000414
2025-12-13 09:30,0.000558
2025-12-13 09:45,0.000453
2025-12-13 10:00,0.000674
2025-12-13 10:15,0.000395
2025-12-13 10:30,0.0
2025-12-13 10:45,0.000765
2025-12-13 11:00,0.0
2025-12-13 11:15,0.000674
2025-12-13 11:30,0.0
2025-12-13 11:45,0.0
2025-12-13 12:00,0.000337
2025-12-13 12:15,0.000453
2025-12-13 12:30,0.001098
2025-12-13 12:45,0.003957
2025-12-13 13:00,0.146777
2025-12-13 13:15,0.00673
2025-12-13 13:30,0.000741
2025-12-13 13:45,0.00673
2025-12-13 14:00,0.000457
2025-12-13 14:15,0.000337
2025-12-13 14:30,0.001738
2025-12-13 14:45,0.000982
2025-12-13 15:00,0.0
2025-12-13 15:15,0.0
2025-12-13 15:30,0.000337
2025-12-13 15:45,0.0
2025-12-13 16:00,0.0
2025-12-13 16:15,0.0
2025-12-13 16:30,0.0
2025-12-13 16:45,0.001849
2025-12-13 17:00,0.0
2025-12-13 17:15,0.0
2025-12-13 17:30,0.0
2025-12-13 17:45,0.0
2025-12-13 18:00,0.0
2025-12-13 18:15,0.0
2025-12-13 18:30,0.0
2025-12-13 18:45,0.0
2025-12-13 19:00,0.0
2025-12-13 19:15,0.00362
2025-12-13 19:30,0.0
2025-12-13 19:45,0.0
2025-12-13 20:00,0.0
2025-12-13 20:15,0.0
2025-12-13 20:30,0.0
2025-12-13 20:45,0.0
2025-12-13 21:00,0.0
2025-12-13 21:15,0.0
2025-12-13 21:30,0.0
2025-12-13 21:45,0.0
2025-12-13 22:00,0.0
2025-12-13 22:15,0.0
2025-12-13 22:30,0.0
2025-12-13 22:45,0.001011
2025-12-13 23:00,0.0
2025-12-13 23:15,0.0
2025-12-13 23:30,0.0
2025-12-13 23:45,0.0
2025-12-14 00:00,0.0
2025-12-14 00:15,0.0
2025-12-14 00:30,0.0
2025-12-14 00:45,0.0
2025-12-14 01:00,0.0
2025-12-14 01:15,0.0
2025-12-14 01:30,0.0
2025-12-14 01:45,0.053843
2025-12-14 02:00,0.0
2025-12-14 02:15,0.0
2025-12-14 02:30,0.053843
2025-12-14 02:45,0.0
2025-12-14 03:00,0.006316
2025-12-14 03:15,0.0
2025-12-14 03:30,0.0
2025-12-14 03:45,0.0
2025-12-14 04:00,0.058464
2025-12-14 04:15,0.0
2025-12-14 04:30,0.0
2025-12-14 04:45,0.002696
2025-12-14 05:00,0.002234
2025-12-14 05:15,0.0
2025-12-14 05:30,0.0
2025-12-14 05:45,0.0
2025-12-14 06:00,0.002696
2025-12-14 06:15,0.0
2025-12-14 06:30,0.0
2025-12-14 06:45,0.0
2025-12-14 07:00,0.002234
2025-12-14 07:15,0.0
2025-12-14 07:30,0.00362
2025-12-14 07:45,0.0
2025-12-14 08:00,0.01375
2025-12-14 08:15,0.0
2025-12-14 08:30,0.0
2025-12-14 08:45,0.0
2025-12-14 09:00,0.0
2025-12-14 09:15,0.0
2025-12-14 09:30,0.0
2025-12-14 09:45,0.0
2025-12-14 10:00,0.0
2025-12-14 10:15,0.0
2025-12-14 10:30,0.002696
2025-12-14 10:45,0.0
2025-12-14 11:00,0.0
2025-12-14 11:15,0.0
2025-12-14 11:30,0.0
2025-12-14 11:45,0.0
2025-12-14 12:00,0.058464
2025-12-14 12:15,0.054613
2025-12-14 12:30,0.0
2025-12-14 12:45,0.0
2025-12-14 13:00,0.0
2025-12-14 13:15,0.0
2025-12-14 13:30,0.0
2025-12-14 13:45,0.0
2025-12-14 14:00,0.0
2025-12-14 14:15,0.0
2025-12-14 14:30,0.0
2025-12-14 14:45,0.0
2025-12-14 15:00,0.0
2025-12-14 15:15,0.0
2025-12-14 15:30,0.0
2025-12-14 15:45,0.0
2025-12-14 16:00,0.0
2025-12-14 16:15,0.0
2025-12-14 16:30,0.0
2025-12-14 16:45,0.0
2025-12-14 17:00,0.0
2025-12-14 17:15,0.0
2025-12-14 17:30,0.0
2025-12-14 17:45,0.0
2025-12-14 18:00,0.0
2025-12-14 18:15,0.058464
2025-12-14 18:30,0.0
2025-12-14 18:45,0.0
2025-12-14 19:00,0.0
2025-12-14 19:15,0.000395
2025-12-14 19:30,0.002465
2025-12-14 19:45,0.0
2025-12-14 20:00,0.00389
2025-12-14 20:15,0.0
2025-12-14 20:30,0.0
2025-12-14 20:45,0.0
2025-12-14 21:00,0.0
2025-12-14 21:15,0.0
2025-12-14 21:30,0.0
2025-12-14 21:45,0.0
2025-12-14 22:00,0.0
2025-12-14 22:15,0.0
2025-12-14 22:30,0.0
2025-12-14 22:45,0.0
2025-12-14 23:00,0.0
2025-12-14 23:15,0.0
2025-12-14 23:30,0.0
2025-12-14 23:45,0.0
2025-12-15 00:00,0.0
2025-12-15 00:15,0.0
2025-12-15 00:30,0.0
2025-12-15 00:45,0.0
2025-12-15 01:00,0.0
2025-12-15 01:15,0.0
2025-12-15 01:30,0.0
2025-12-15 01:45,0.0
2025-12-15 02:00,0.0
2025-12-15 02:15,0.0
2025-12-15 02:30,0.0
2025-12-15 02:45,0.0
2025-12-15 03:00,0.0
2025-12-15 03:15,0.0
2025-12-15 03:30,0.0
2025-12-15 03:45,0.0
2025-12-15 04:00,0.0
2025-12-15 04:15,0.0
2025-12-15 04:30,0.0
2025-12-15 04:45,0.0
2025-12-15 05:00,0.0
2025-12-15 05:15,0.0
2025-12-15 05:30,0.0
2025-12-15 05:45,0.0
2025-12-15 06:00,0.0
2025-12-15 06:15,0.0
2025-12-15 06:30,0.0
2025-12-15 06:45,0.0
2025-12-15 07:00,0.0
2025-12-15 07:15,0.019064
2025-12-15 07:30,0.002696
2025-12-15 07:45,0.058464
2025-12-15 08:00,0.0
2025-12-15 08:15,0.0
2025-12-15 08:30,0.0
2025-12-15 08:45,0.0
2025-12-15 09:00,0.0
2025-12-15 09:15,0.0
2025-12-15 09:30,0.0
2025-12-15 09:45,0.0
2025-12-15 10:00,0.0
2025-12-15 10:15,0.0
2025-12-15 10:30,0.00362
2025-12-15 10:45,0.0
2025-12-15 11:00,0.0
2025-12-15 11:15,0.0
2025-12-15 11:30,0.0
2025-12-15 11:45,0.00362
2025-12-15 12:00,0.0
2025-12-15 12:15,0.0
2025-12-15 12:30,0.053843
2025-12-15 12:45,0.056539
2025-12-15 13:00,0.0
2025-12-15 13:15,0.053843
2025-12-15 13:30,0.053843
2025-12-15 13:45,0.002696
2025-12-15 14:00,0.058503
2025-12-15 14:15,0.0
2025-12-15 14:30,0.107685
2025-12-15 14:45,0.006894
2025-12-15 15:00,0.018179
2025-12-15 15:15,0.053843
2025-12-15 15:30,0.046833
2025-12-15 15:45,0.070519
2025-12-15 16:00,0.015021
2025-12-15 16:15,0.125595
2025-12-15 16:30,0.111421
2025-12-15 16:45,0.002465
2025-12-15 17:00,0.002465
2025-12-15 17:15,0.078761
2025-12-15 17:30,0.017485
2025-12-15 17:45,0.0
2025-12-15 18:00,0.00493
2025-12-15 18:15,0.056308
2025-12-15 18:30,0.0
2025-12-15 18:45,0.087851
2025-12-15 19:00,0.176972
2025-12-15 19:15,0.004699
2025-12-15 19:30,0.058773
2025-12-15 19:45,0.061777
2025-12-15 20:00,0.0
2025-12-15 20:15,0.110998
2025-12-15 20:30,0.171041
2025-12-15 20:45,0.090855
2025-12-15 21:00,0.0
2025-12-15 21:15,0.0
2025-12-15 21:30,0.280806
2025-12-15 21:45,0.053843
2025-12-15 22:00,0.11015
2025-12-15 22:15,0.0
2025-12-15 22:30,0.0
2025-12-15 22:45,0.053843
2025-12-15 23:00,0.00362
2025-12-15 23:15,0.056308
2025-12-15 23:30,0.0
2025-12-15 23:45,0.0
2025-12-16 00:00,0.0
2025-12-16 00:15,0.0
2025-12-16 00:30,0.058464
2025-12-16 00:45,0.0
2025-12-16 01:00,0.0
2025-12-16 01:15,0.0
2025-12-16 01:30,0.0
2025-12-16 01:45,0.0
2025-12-16 02:00,0.0
2025-12-16 02:15,0.00362
2025-12-16 02:30,0.0
2025-12-16 02:45,0.005854
2025-12-16 03:00,0.0
2025-12-16 03:15,0.0
2025-12-16 03:30,0.002696
2025-12-16 03:45,0.0
2025-12-16 04:00,0.0
2025-12-16 04:15,0.0
2025-12-16 04:30,0.0
2025-12-16 04:45,0.0
2025-12-16 05:00,0.0
2025-12-16 05:15,0.0
2025-12-16 05:30,0.0
2025-12-16 05:45,0.0
2025-12-16 06:00,0.0
2025-12-16 06:15,0.0
2025-12-16 06:30,0.0
2025-12-16 06:45,0.0
2025-12-16 07:00,0.0
2025-12-16 07:15,0.002696
2025-12-16 07:30,0.0
2025-12-16 07:45,0.0
2025-12-16 08:00,0.0
2025-12-16 08:15,0.0
2025-12-16 08:30,0.0
2025-12-16 08:45,0.002696
2025-12-16 09:00,0.0
2025-12-16 09:15,0.0
2025-12-16 09:30,0.0
2025-12-16 09:45,0.0
2025-12-16 10:00,0.0
2025-12-16 10:15,0.00362
2025-12-16 10:30,0.0
2025-12-16 10:45,0.0
2025-12-16 11:00,0.0
2025-12-16 11:15,0.0
2025-12-16 11:30,0.0
2025-12-16 11:45,0.004468
2025-12-16 12:00,0.02411
2025-12-16 12:15,0.0
2025-12-16 12:30,0.0
2025-12-16 12:45,0.0
2025-12-16 13:00,0.00466
2025-12-16 13:15,0.109919
2025-12-16 13:30,0.163993
2025-12-16 13:45,0.107685
2025-12-16 14:00,0.163993
2025-12-16 14:15,0.379595
2025-12-16 14:30,0.009629
2025-12-16 14:45,0.119124
2025-12-16 15:00,0.334996
2025-12-16 15:15,0.218067
2025-12-16 15:30,0.102987
2025-12-16 15:45,0.161528
2025-12-16 16:00,0.00959
2025-12-16 16:15,0.022146
2025-12-16 16:30,0.107685
2025-12-16 16:45,0.002234
2025-12-16 17:00,0.056308
2025-12-16 17:15,0.008126
2025-12-16 17:30,0.060198
2025-12-16 17:45,0.063664
2025-12-16 18:00,0.072291
2025-12-16 18:15,0.005662
2025-12-16 18:30,0.062894
2025-12-16 18:45,0.107685
2025-12-16 19:00,0.0
2025-12-16 19:15,0.002465
2025-12-16 19:30,0.107685
2025-12-16 19:45,0.002465
2025-12-16 20:00,0.226232
2025-12-16 20:15,0.166381
2025-12-16 20:30,0.174508
2025-12-16 20:45,0.053843
2025-12-16 21:00,0.019064
2025-12-16 21:15,0.080726
2025-12-16 21:30,0.058464
2025-12-16 21:45,0.0
2025-12-16 22:00,0.056308
2025-12-16 22:15,0.107685
2025-12-16 22:30,0.0
2025-12-16 22:45,0.0
2025-12-16 23:00,0.0
2025-12-16 23:15,0.0
2025-12-16 23:30,0.0
2025-12-16 23:45,0.0
2025-12-17 00:00,0.0
2025-12-17 00:00,0.0
2025-12-17 00:15,0.0
2025-12-17 00:30,0.0
2025-12-17 00:45,0.0
2025-12-17 01:00,0.021711
2025-12-17 01:15,0.0
2025-12-17 01:30,0.0
2025-12-17 01:45,0.0
2025-12-17 02:00,0.0
2025-12-17 02:15,0.0
2025-12-17 02:30,0.0
2025-12-17 02:45,0.0
2025-12-17 03:00,0.0
2025-12-17 03:15,0.010132
2025-12-17 03:30,0.0
2025-12-17 03:45,0.0
2025-12-17 04:00,0.0
2025-12-17 04:15,0.0
2025-12-17 04:30,0.0
2025-12-17 04:45,0.00085
2025-12-17 05:00,0.0
2025-12-17 05:15,0.0
2025-12-17 05:30,0.00085
2025-12-17 05:45,0.0
2025-12-17 06:00,0.0
2025-12-17 06:15,0.013732
2025-12-17 06:30,0.000633
2025-12-17 06:45,0.002171
2025-12-17 07:00,0.000525
2025-12-17 07:15,0.0
2025-12-17 07:30,0.003266
2025-12-17 07:45,0.0
2025-12-17 08:00,0.003257
2025-12-17 08:15,0.0
2025-12-17 08:30,0.00085
2025-12-17 08:45,0.003818
2025-12-17 09:00,0.001266
2025-12-17 09:15,0.000742
2025-12-17 09:30,0.0
2025-12-17 09:45,0.0
2025-12-17 10:00,0.0
2025-12-17 10:15,0.001628
2025-12-17 10:30,0.0
2025-12-17 10:45,0.0019
2025-12-17 11:00,0.0
2025-12-17 11:15,0.001375
2025-12-17 11:30,0.013976
2025-12-17 11:45,0.000868
2025-12-17 12:00,0.028722
2025-12-17 12:15,0.03405
2025-12-17 12:30,0.039297
2025-12-17 12:45,0.246076
2025-12-17 13:00,0.042011
2025-12-17 13:15,0.063052
2025-12-17 13:30,0.045647
2025-12-17 13:45,0.140561
2025-12-17 14:00,0.181052
2025-12-17 14:15,0.234434
2025-12-17 14:30,0.310829
2025-12-17 14:45,0.283926
2025-12-17 15:00,0.529106
2025-12-17 15:15,0.512941
2025-12-17 15:30,1.0
2025-12-17 15:45,0.388627
2025-12-17 16:00,0.341994
2025-12-17 16:15,0.342328
2025-12-17 16:30,0.459504
2025-12-17 16:45,0.079815
2025-12-17 17:00,0.010774
2025-12-17 17:15,0.424776
2025-12-17 17:30,0.153832
2025-12-17 17:45,0.385615
2025-12-17 18:00,0.139719
2025-12-17 18:15,0.120333
2025-12-17 18:30,0.10424
2025-12-17 18:45,0.132727
2025-12-17 19:00,0.293334
2025-12-17 19:15,0.219779
2025-12-17 19:30,0.254091
2025-12-17 19:45,0.359181
2025-12-17 20:00,0.527306
2025-12-17 20:15,0.101318
2025-12-17 20:30,0.336439
2025-12-17 20:45,0.257728
2025-12-17 21:00,0.166605
2025-12-17 21:15,0.147581
2025-12-17 21:30,0.265209
2025-12-17 21:45,0.108808
2025-12-17 22:00,0.017206
2025-12-17 22:15,0.232652
2025-12-17 22:30,0.051754
2025-12-17 22:45,0.00228
2025-12-17 23:00,0.0
2025-12-17 23:15,0.015324
2025-12-17 23:30,0.028315
2025-12-17 23:45,0.026207
2025-12-18 00:00,0.054477
2025-12-18 00:15,0.002587
2025-12-18 00:30,0.002479
2025-12-18 00:45,0.028984
2025-12-18 01:00,0.07588
2025-12-18 01:15,0.001095
2025-12-18 01:30,0.001266
2025-12-18 01:45,0.018626
2025-12-18 02:00,0.001095
2025-12-18 02:15,0.226826
2025-12-18 02:30,0.001438
2025-12-18 02:45,0.002578
2025-12-18 03:00,0.026379
2025-12-18 03:15,0.0
2025-12-18 03:30,0.005808
2025-12-18 03:45,0.00085
2025-12-18 04:00,0.015152
2025-12-18 04:15,0.0
2025-12-18 04:30,0.0
2025-12-18 04:45,0.013732
2025-12-18 05:00,0.000778
2025-12-18 05:15,0.00228
2025-12-18 05:30,0.0
2025-12-18 05:45,0.0
2025-12-18 06:00,0.001095
2025-12-18 06:15,0.002126
2025-12-18 06:30,0.026071
2025-12-18 06:45,0.004921
2025-12-18 07:00,0.003456
2025-12-18 07:15,0.002967
2025-12-18 07:30,0.0
2025-12-18 07:45,0.001619
2025-12-18 08:00,0.0
2025-12-18 08:15,0.0
2025-12-18 08:30,0.00085
2025-12-18 08:45,0.013497
2025-12-18 09:00,0.0
2025-12-18 09:15,0.027464
2025-12-18 09:30,0.002063
2025-12-18 09:45,0.000633
2025-12-18 10:00,0.002162
2025-12-18 10:15,0.002298
2025-12-18 10:30,0.008395
2025-12-18 10:45,0.0
2025-12-18 11:00,0.026705
2025-12-18 11:15,0.000525
2025-12-18 11:30,0.013877
2025-12-18 11:45,0.007906
2025-12-18 12:00,0.016211
2025-12-18 12:15,0.017134
2025-12-18 12:30,0.001429
2025-12-18 12:45,0.013669
2025-12-18 13:00,0.028785
2025-12-18 13:15,0.217825
2025-12-18 13:30,0.364636
2025-12-18 13:45,0.466986
2025-12-18 14:00,0.101644
2025-12-18 14:15,0.767249
2025-12-18 14:30,0.441276
2025-12-18 14:45,0.574329
2025-12-18 15:00,0.1916
2025-12-18 15:15,0.510941
2025-12-18 15:30,0.107687
2025-12-18 15:45,0.301195
2025-12-18 16:00,0.121645
2025-12-18 16:15,0.389116
2025-12-18 16:30,0.154845
2025-12-18 16:45,0.114725
2025-12-18 17:00,0.120351
2025-12-18 17:15,0.098695
2025-12-18 17:30,0.202166
2025-12-18 17:45,0.172449
2025-12-18 18:00,0.25078
2025-12-18 18:15,0.428141
2025-12-18 18:30,0.081109
2025-12-18 18:45,0.394435
2025-12-18 19:00,0.08442
2025-12-18 19:15,0.164298
2025-12-18 19:30,0.116217
2025-12-18 19:45,0.215283
2025-12-18 20:00,0.092995
2025-12-18 20:15,0.101155
2025-12-18 20:30,0.211538
2025-12-18 20:45,0.536778
2025-12-18 21:00,0.392237
2025-12-18 21:15,0.126041
2025-12-18 21:30,0.051166
2025-12-18 21:45,0.017269
2025-12-18 22:00,0.065124
2025-12-18 22:15,0.018671
2025-12-18 22:30,0.003492
2025-12-18 22:45,0.003049
2025-12-18 23:00,0.0
2025-12-18 23:15,0.002822
2025-12-18 23:30,0.002397
2025-12-18 23:45,0.014935
2025-12-19 00:00,0.029636
2025-12-19 00:15,0.048217
2025-12-19 00:30,0.010367
2025-12-19 00:45,0.015234
2025-12-19 01:00,0.0
2025-12-19 01:15,0.011272
2025-12-19 01:30,0.000525
2025-12-19 01:45,0.001475
2025-12-19 02:00,0.0
2025-12-19 02:15,0.012882
2025-12-19 02:30,0.010132
2025-12-19 02:45,0.0
2025-12-19 03:00,0.00123
2025-12-19 03:15,0.0
2025-12-19 03:30,0.013732
2025-12-19 03:45,0.000525
2025-12-19 04:00,0.002207
2025-12-19 04:15,0.012448
2025-12-19 04:30,0.002614
2025-12-19 04:45,0.014365
2025-12-19 05:00,0.002841
2025-12-19 05:15,0.000633
2025-12-19 05:30,0.014347
2025-12-19 05:45,0.001556
2025-12-19 06:00,0.013732
2025-12-19 06:15,0.00095
2025-12-19 06:30,0.013732
2025-12-19 06:45,0.0
2025-12-19 07:00,0.0
2025-12-19 07:15,0.000841
2025-12-19 07:30,0.000633
2025-12-19 07:45,0.001737
2025-12-19 08:00,0.0
2025-12-19 08:15,0.00085
2025-12-19 08:30,0.0
2025-12-19 08:45,0.024732
2025-12-19 09:00,0.00085
2025-12-19 09:15,0.0
2025-12-19 09:30,0.0
2025-12-19 09:45,0.0
2025-12-19 10:00,0.0
2025-12-19 10:15,0.000579
2025-12-19 10:30,0.000633
2025-12-19 10:45,0.000633
2025-12-19 11:00,0.0
2025-12-19 11:15,0.013732
2025-12-19 11:30,0.010358
2025-12-19 11:45,0.051283
2025-12-19 12:00,0.054911
2025-12-19 12:15,0.025872
2025-12-19 12:30,0.075428
2025-12-19 12:45,0.213365
2025-12-19 13:00,0.010367
2025-12-19 13:15,0.044209
2025-12-19 13:30,0.013696
2025-12-19 13:45,0.262423
2025-12-19 14:00,0.044888
2025-12-19 14:15,0.533738
2025-12-19 14:30,0.373212
2025-12-19 14:45,0.455244
2025-12-19 15:00,0.508499
2025-12-19 15:15,0.218766
2025-12-19 15:30,0.469781
2025-12-19 15:45,0.302208
2025-12-19 16:00,0.244828
2025-12-19 16:15,0.395113
2025-12-19 16:30,0.110762
2025-12-19 16:45,0.264015
2025-12-19 17:00,0.16494
2025-12-19 17:15,0.091693
2025-12-19 17:30,0.083352
2025-12-19 17:45,0.306243
2025-12-19 18:00,0.068806
2025-12-19 18:15,0.267733
2025-12-19 18:30,0.220484
2025-12-19 18:45,0.067965
2025-12-19 19:00,0.345974
2025-12-19 19:15,0.143691
2025-12-19 19:30,0.109577
2025-12-19 19:45,0.11211
2025-12-19 20:00,0.539365
2025-12-19 20:15,0.131189
2025-12-19 20:30,0.23608
2025-12-19 20:45,0.360276
2025-12-19 21:00,0.047439
2025-12-19 21:15,0.027763
2025-12-19 21:30,0.040762
2025-12-19 21:45,0.028496
2025-12-19 22:00,0.002135
2025-12-19 22:15,0.0
2025-12-19 22:30,0.202347
2025-12-19 22:45,0.0
2025-12-19 23:00,0.002253
2025-12-19 23:15,0.017595
2025-12-19 23:30,0.011588
2025-12-19 23:45,0.000778
2025-12-20 00:00,0.002126
2025-12-20 00:15,0.000706
2025-12-20 00:30,0.00085
2025-12-20 00:45,0.0
2025-12-20 01:00,0.001158
2025-12-20 01:15,0.001583
2025-12-20 01:30,0.043766
2025-12-20 01:45,0.011
2025-12-20 02:00,0.014583
2025-12-20 02:15,0.013732
2025-12-20 02:30,0.0
2025-12-20 02:45,0.002289
2025-12-20 03:00,0.000633
2025-12-20 03:15,0.000706
2025-12-20 03:30,0.0
2025-12-20 03:45,0.001845
2025-12-20 04:00,0.000651
2025-12-20 04:15,0.000633
2025-12-20 04:30,0.004089
2025-12-20 04:45,0.0
2025-12-20 05:00,0.0
2025-12-20 05:15,0.0
2025-12-20 05:30,0.0
2025-12-20 05:45,0.000525
2025-12-20 06:00,0.0
2025-12-20 06:15,0.0
2025-12-20 06:30,0.028315
2025-12-20 06:45,0.010132
2025-12-20 07:00,0.00085
2025-12-20 07:15,0.000914
2025-12-20 07:30,0.0
2025-12-20 07:45,0.000525
2025-12-20 08:00,0.0
2025-12-20 08:15,0.0
2025-12-20 08:30,0.000633
2025-12-20 08:45,0.0
2025-12-20 09:00,0.0
2025-12-20 09:15,0.0
2025-12-20 09:30,0.002026
2025-12-20 09:45,0.005111
2025-12-20 10:00,0.011263
2025-12-20 10:15,0.0
2025-12-20 10:30,0.0
2025-12-20 10:45,0.0
2025-12-20 11:00,0.0
2025-12-20 11:15,0.0
2025-12-20 11:30,0.00085
2025-12-20 11:45,0.0
2025-12-20 12:00,0.000706
2025-12-20 12:15,0.205241
2025-12-20 12:30,0.000633
2025-12-20 12:45,0.0
2025-12-20 13:00,0.0
2025-12-20 13:15,0.087079
2025-12-20 13:30,0.0
2025-12-20 13:45,0.000633
2025-12-20 14:00,0.00085
2025-12-20 14:15,0.001158
2025-12-20 14:30,0.0
2025-12-20 14:45,0.0
2025-12-20 15:00,0.002397
2025-12-20 15:15,0.001755
2025-12-20 15:30,0.0
2025-12-20 15:45,0.0
2025-12-20 16:00,0.0
2025-12-20 16:15,0.000633
2025-12-20 16:30,0.0
2025-12-20 16:45,0.015686
2025-12-20 17:00,0.00787
2025-12-20 17:15,0.012647
2025-12-20 17:30,0.001375
2025-12-20 17:45,0.005681
2025-12-20 18:00,0.009263
2025-12-20 18:15,0.0
2025-12-20 18:30,0.001484
2025-12-20 18:45,0.002841
2025-12-20 19:00,0.0
2025-12-20 19:15,0.0019
2025-12-20 19:30,0.0
2025-12-20 19:45,0.0
2025-12-20 20:00,0.0
2025-12-20 20:15,0.000905
2025-12-20 20:30,0.001212
2025-12-20 20:45,0.000633
2025-12-20 21:00,0.003248
2025-12-20 21:15,0.001375
2025-12-20 21:30,0.0
2025-12-20 21:45,0.0
2025-12-20 22:00,0.0
2025-12-20 22:15,0.026958
2025-12-20 22:30,0.002669
2025-12-20 22:45,0.0
2025-12-20 23:00,0.017495
2025-12-20 23:15,0.0
2025-12-20 23:30,0.00085
2025-12-20 23:45,0.002497
2025-12-21 00:00,0.01489
2025-12-21 00:15,0.001484
2025-12-21 00:30,0.0
2025-12-21 00:45,0.014601
2025-12-21 01:00,0.000905
2025-12-21 01:15,0.000868
2025-12-21 01:30,0.014854
2025-12-21 01:45,0.0
2025-12-21 02:00,0.0
2025-12-21 02:15,0.003257
2025-12-21 02:30,0.0
2025-12-21 02:45,0.0
2025-12-21 03:00,0.016356
2025-12-21 03:15,0.120894
2025-12-21 03:30,0.000633
2025-12-21 03:45,0.013732
2025-12-21 04:00,0.015234
2025-12-21 04:15,0.0
2025-12-21 04:30,0.000633
2025-12-21 04:45,0.0
2025-12-21 05:00,0.004424
2025-12-21 05:15,0.004478
2025-12-21 05:30,0.014537
2025-12-21 05:45,0.0
2025-12-21 06:00,0.022724
2025-12-21 06:15,0.0
2025-12-21 06:30,0.002841
2025-12-21 06:45,0.0
2025-12-21 07:00,0.001945
2025-12-21 07:15,0.0
2025-12-21 07:30,0.000706
2025-12-21 07:45,0.0036
2025-12-21 08:00,0.003248
2025-12-21 08:15,0.0
2025-12-21 08:30,0.000633
2025-12-21 08:45,0.002406
2025-12-21 09:00,0.048108
2025-12-21 09:15,0.000633
2025-12-21 09:30,0.000633
2025-12-21 09:45,0.003628
2025-12-21 10:00,0.023457
2025-12-21 10:15,0.0
2025-12-21 10:30,0.012909
2025-12-21 10:45,0.0
2025-12-21 11:00,0.000633
2025-12-21 11:15,0.002406
2025-12-21 11:30,0.001701
2025-12-21 11:45,0.011941
2025-12-21 12:00,0.001122
2025-12-21 12:15,0.001565
2025-12-21 12:30,0.000914
2025-12-21 12:45,0.001095
2025-12-21 13:00,0.0019
2025-12-21 13:15,0.0
2025-12-21 13:30,0.001266
2025-12-21 13:45,0.0019
2025-12-21 14:00,0.003691
2025-12-21 14:15,0.001484
2025-12-21 14:30,0.214993
2025-12-21 14:45,0.000525
2025-12-21 15:00,0.0
2025-12-21 15:15,0.0
2025-12-21 15:30,0.014691
2025-12-21 15:45,0.005563
2025-12-21 16:00,0.0
2025-12-21 16:15,0.002841
2025-12-21 16:30,0.000633
2025-12-21 16:45,0.002651
2025-12-21 17:00,0.0
2025-12-21 17:15,0.0
2025-12-21 17:30,0.002352
2025-12-21 17:45,0.0
2025-12-21 18:00,0.000525
2025-12-21 18:15,0.016184
2025-12-21 18:30,0.0
2025-12-21 18:45,0.00085
2025-12-21 19:00,0.013732
2025-12-21 19:15,0.0
2025-12-21 19:30,0.00171
2025-12-21 19:45,0.013226
2025-12-21 20:00,0.016573
2025-12-21 20:15,0.013009
2025-12-21 20:30,0.000841
2025-12-21 20:45,0.001701
2025-12-21 21:00,0.001484
2025-12-21 21:15,0.071683
2025-12-21 21:30,0.0
2025-12-21 21:45,0.001266
2025-12-21 22:00,0.011254
2025-12-21 22:15,0.000633
2025-12-21 22:30,0.0
2025-12-21 22:45,0.0
2025-12-21 23:00,0.0
2025-12-21 23:15,0.00085
2025-12-21 23:30,0.0
2025-12-21 23:45,0.001158
2025-12-22 00:00,0.01821
2025-12-22 00:15,0.000633
2025-12-22 00:30,0.001158
2025-12-22 00:45,0.000914
2025-12-22 01:00,0.003691
2025-12-22 01:15,0.0
2025-12-22 01:30,0.0
2025-12-22 01:45,0.000633
2025-12-22 02:00,0.000868
2025-12-22 02:15,0.0
2025-12-22 02:30,0.012963
2025-12-22 02:45,0.006658
2025-12-22 03:00,0.00085
2025-12-22 03:15,0.071574
2025-12-22 03:30,0.002117
2025-12-22 03:45,0.106492
2025-12-22 04:00,0.029853
2025-12-22 04:15,0.0
2025-12-22 04:30,0.0
2025-12-22 04:45,0.0
2025-12-22 05:00,0.0
2025-12-22 05:15,0.002506
2025-12-22 05:30,0.0
2025-12-22 05:45,0.0
2025-12-22 06:00,0.011787
2025-12-22 06:15,0.00085
2025-12-22 06:30,0.0
2025-12-22 06:45,0.00085
2025-12-22 07:00,0.015107
2025-12-22 07:15,0.00085
2025-12-22 07:30,0.0
2025-12-22 07:45,0.000633
2025-12-22 08:00,0.000633
2025-12-22 08:15,0.000633
2025-12-22 08:30,0.0
2025-12-22 08:45,0.002225
2025-12-22 09:00,0.00085
2025-12-22 09:15,0.001158
2025-12-22 09:30,0.00085
2025-12-22 09:45,0.0
2025-12-22 10:00,0.001484
2025-12-22 10:15,0.000633
2025-12-22 10:30,0.0
2025-12-22 10:45,0.0
2025-12-22 11:00,0.005111
2025-12-22 11:15,0.013732
2025-12-22 11:30,0.208833
2025-12-22 11:45,0.00085
2025-12-22 12:00,0.014836
2025-12-22 12:15,0.004939
2025-12-22 12:30,0.040907
2025-12-22 12:45,0.229829
2025-12-22 13:00,0.048569
2025-12-22 13:15,0.065242
2025-12-22 13:30,0.070054
2025-12-22 13:45,0.049239
2025-12-22 14:00,0.097202
2025-12-22 14:15,0.259121
2025-12-22 14:30,0.078657
2025-12-22 14:45,0.468053
2025-12-22 15:00,0.316076
2025-12-22 15:15,0.514813
2025-12-22 15:30,0.237781
2025-12-22 15:45,0.103272
2025-12-22 16:00,0.142117
2025-12-22 16:15,0.057679
2025-12-22 16:30,0.112038
2025-12-22 16:45,0.286685
2025-12-22 17:00,0.124323
2025-12-22 17:15,0.461486
2025-12-22 17:30,0.089621
2025-12-22 17:45,0.206354
2025-12-22 18:00,0.269732
2025-12-22 18:15,0.122866
2025-12-22 18:30,0.115611
2025-12-22 18:45,0.049356
2025-12-22 19:00,0.265218
2025-12-22 19:15,0.256362
2025-12-22 19:30,0.382756
2025-12-22 19:45,0.134246
2025-12-22 20:00,0.385624
2025-12-22 20:15,0.10993
2025-12-22 20:30,0.12624
2025-12-22 20:45,0.204581
2025-12-22 21:00,0.089639
2025-12-22 21:15,0.013171
2025-12-22 21:30,0.042888
2025-12-22 21:45,0.040147
2025-12-22 22:00,0.203396
2025-12-22 22:15,0.021955
2025-12-22 22:30,0.014963
2025-12-22 22:45,0.030938
2025-12-22 23:00,0.142913
2025-12-22 23:15,0.0
2025-12-22 23:30,0.0
2025-12-22 23:45,0.024497
2025-12-23 00:00,0.027193
2025-12-23 00:15,0.20298
2025-12-23 00:30,0.025655
2025-12-23 00:45,0.010132
2025-12-23 01:00,0.011263
2025-12-23 01:15,0.000742
2025-12-23 01:30,0.027718
2025-12-23 01:45,0.0
2025-12-23 02:00,0.000778
2025-12-23 02:15,0.01432
2025-12-23 02:30,0.001266
2025-12-23 02:45,0.003818
2025-12-23 03:00,0.000706
2025-12-23 03:15,0.002569
2025-12-23 03:30,0.001484
2025-12-23 03:45,0.000841
2025-12-23 04:00,0.001809
2025-12-23 04:15,0.0
2025-12-23 04:30,0.000633
2025-12-23 04:45,0.001484
2025-12-23 05:00,0.0
2025-12-23 05:15,0.000633
2025-12-23 05:30,0.0
2025-12-23 05:45,0.000525
2025-12-23 06:00,0.072515
2025-12-23 06:15,0.010828
2025-12-23 06:30,0.0
2025-12-23 06:45,0.012647
2025-12-23 07:00,0.000868
2025-12-23 07:15,0.00085
2025-12-23 07:30,0.000633
2025-12-23 07:45,0.0
2025-12-23 08:00,0.0
2025-12-23 08:15,0.003818
2025-12-23 08:30,0.0
2025-12-23 08:45,0.202347
2025-12-23 09:00,0.00085
2025-12-23 09:15,0.000706
2025-12-23 09:30,0.0
2025-12-23 09:45,0.001158
2025-12-23 10:00,0.000633
2025-12-23 10:15,0.002967
2025-12-23 10:30,0.0
2025-12-23 10:45,0.007608
2025-12-23 11:00,0.0
2025-12-23 11:15,0.0
2025-12-23 11:30,0.012647
2025-12-23 11:45,0.001266
2025-12-23 12:00,0.00085
2025-12-23 12:15,0.027817
2025-12-23 12:30,0.040183
2025-12-23 12:45,0.036954
2025-12-23 13:00,0.043313
2025-12-23 13:15,0.314792
2025-12-23 13:30,0.273179
2025-12-23 13:45,0.13184
2025-12-23 14:00,0.593579
2025-12-23 14:15,0.114526
2025-12-23 14:30,0.086582
2025-12-23 14:45,0.155985
2025-12-23 15:00,0.352053
2025-12-23 15:15,0.156147
2025-12-23 15:30,0.446306
2025-12-23 15:45,0.301059
2025-12-23 16:00,0.24025
2025-12-23 16:15,0.322816
2025-12-23 16:30,0.100531
2025-12-23 16:45,0.254607
2025-12-23 17:00,0.258035
2025-12-23 17:15,0.256832
2025-12-23 17:30,0.05369
2025-12-23 17:45,0.247026
2025-12-23 18:00,0.078377
2025-12-23 18:15,0.473752
2025-12-23 18:30,0.328216
2025-12-23 18:45,0.064102
2025-12-23 19:00,0.4291
2025-12-23 19:15,0.360746
2025-12-23 19:30,0.405571
2025-12-23 19:45,0.706277
2025-12-23 20:00,0.128592
2025-12-23 20:15,0.028333
2025-12-23 20:30,0.03766
2025-12-23 20:45,0.242783
2025-12-23 21:00,0.065875
2025-12-23 21:15,0.250427
2025-12-23 21:30,0.040147
2025-12-23 21:45,0.251821
2025-12-23 22:00,0.025501
2025-12-23 22:15,0.026949
2025-12-23 22:30,0.002732
2025-12-23 22:45,0.014492
2025-12-23 23:00,0.000778
2025-12-23 23:15,0.0
2025-12-23 23:30,0.039026
2025-12-23 23:45,0.002008
2025-12-24 00:00,0.0
2025-12-24 00:00,0.0
2025-12-24 00:15,0.002016
2025-12-24 00:30,0.0
2025-12-24 00:45,0.001161
2025-12-24 01:00,0.018898
2025-12-24 01:15,0.001373
2025-12-24 01:30,0.177449
2025-12-24 01:45,0.004738
2025-12-24 02:00,0.018035
2025-12-24 02:15,0.010967
2025-12-24 02:30,0.001098
2025-12-24 02:45,0.002463
2025-12-24 03:00,0.015737
2025-12-24 03:15,0.007806
2025-12-24 03:30,0.039036
2025-12-24 03:45,0.003632
2025-12-24 04:00,0.000549
2025-12-24 04:15,0.000784
2025-12-24 04:30,0.0
2025-12-24 04:45,0.000549
2025-12-24 05:00,0.012889
2025-12-24 05:15,0.0
2025-12-24 05:30,0.000737
2025-12-24 05:45,0.000549
2025-12-24 06:00,0.002142
2025-12-24 06:15,0.0
2025-12-24 06:30,0.0
2025-12-24 06:45,0.001287
2025-12-24 07:00,0.0
2025-12-24 07:15,0.0
2025-12-24 07:30,0.000737
2025-12-24 07:45,0.001192
2025-12-24 08:00,0.001161
2025-12-24 08:15,0.000792
2025-12-24 08:30,0.0
2025-12-24 08:45,0.000612
2025-12-24 09:00,0.002824
2025-12-24 09:15,0.0
2025-12-24 09:30,0.0
2025-12-24 09:45,0.022036
2025-12-24 10:00,0.0
2025-12-24 10:15,0.001287
2025-12-24 10:30,0.000549
2025-12-24 10:45,0.002197
2025-12-24 11:00,0.0
2025-12-24 11:15,0.001098
2025-12-24 11:30,0.0
2025-12-24 11:45,0.010967
2025-12-24 12:00,0.020757
2025-12-24 12:15,0.000549
2025-12-24 12:30,0.010967
2025-12-24 12:45,0.023817
2025-12-24 13:00,0.012301
2025-12-24 13:15,0.012191
2025-12-24 13:30,0.012379
2025-12-24 13:45,0.047226
2025-12-24 14:00,0.089807
2025-12-24 14:15,0.08885
2025-12-24 14:30,0.059824
2025-12-24 14:45,0.223883
2025-12-24 15:00,0.050732
2025-12-24 15:15,0.14032
2025-12-24 15:30,0.053705
2025-12-24 15:45,0.337201
2025-12-24 16:00,0.020632
2025-12-24 16:15,0.059417
2025-12-24 16:30,0.036
2025-12-24 16:45,0.071835
2025-12-24 17:00,0.022389
2025-12-24 17:15,0.001459
2025-12-24 17:30,0.012434
2025-12-24 17:45,0.011665
2025-12-24 18:00,0.032901
2025-12-24 18:15,0.000502
2025-12-24 18:30,0.010967
2025-12-24 18:45,0.009171
2025-12-24 19:00,0.000549
2025-12-24 19:15,0.023605
2025-12-24 19:30,0.0
2025-12-24 19:45,0.002965
2025-12-24 20:00,0.000667
2025-12-24 20:15,0.025849
2025-12-24 20:30,0.001287
2025-12-24 20:45,0.0
2025-12-24 21:00,0.032901
2025-12-24 21:15,0.000737
2025-12-24 21:30,0.011908
2025-12-24 21:45,0.000549
2025-12-24 22:00,0.0
2025-12-24 22:15,0.001098
2025-12-24 22:30,0.0
2025-12-24 22:45,0.0
2025-12-24 23:00,0.001287
2025-12-24 23:15,0.001192
2025-12-24 23:30,0.0
2025-12-24 23:45,0.001137
2025-12-25 00:00,0.009524
2025-12-25 00:15,0.00102
2025-12-25 00:30,0.0008
2025-12-25 00:45,0.0
2025-12-25 01:00,0.002
2025-12-25 01:15,0.0
2025-12-25 01:30,0.000737
2025-12-25 01:45,0.000612
2025-12-25 02:00,0.000612
2025-12-25 02:15,0.012913
2025-12-25 02:30,0.000737
2025-12-25 02:45,0.010543
2025-12-25 03:00,0.0
2025-12-25 03:15,0.000753
2025-12-25 03:30,0.000737
2025-12-25 03:45,0.003883
2025-12-25 04:00,0.012646
2025-12-25 04:15,0.001875
2025-12-25 04:30,0.001475
2025-12-25 04:45,0.000737
2025-12-25 05:00,0.000643
2025-12-25 05:15,0.011908
2025-12-25 05:30,0.003216
2025-12-25 05:45,0.000549
2025-12-25 06:00,0.001239
2025-12-25 06:15,0.0
2025-12-25 06:30,0.001742
2025-12-25 06:45,0.003389
2025-12-25 07:00,0.0
2025-12-25 07:15,0.010967
2025-12-25 07:30,0.0
2025-12-25 07:45,0.0
2025-12-25 08:00,0.000737
2025-12-25 08:15,0.000549
2025-12-25 08:30,0.0
2025-12-25 08:45,0.0
2025-12-25 09:00,0.001475
2025-12-25 09:15,0.0
2025-12-25 09:30,0.021895
2025-12-25 09:45,0.062131
2025-12-25 10:00,0.000949
2025-12-25 10:15,0.0
2025-12-25 10:30,0.000643
2025-12-25 10:45,0.000737
2025-12-25 11:00,0.0
2025-12-25 11:15,0.012458
2025-12-25 11:30,0.000549
2025-12-25 11:45,0.0
2025-12-25 12:00,0.001498
2025-12-25 12:15,0.001287
2025-12-25 12:30,0.0
2025-12-25 12:45,0.0
2025-12-25 13:00,0.0
2025-12-25 13:15,0.002573
2025-12-25 13:30,0.0
2025-12-25 13:45,0.009759
2025-12-25 14:00,0.000643
2025-12-25 14:15,0.000612
2025-12-25 14:30,0.000737
2025-12-25 14:45,0.000455
2025-12-25 15:00,0.0
2025-12-25 15:15,0.0
2025-12-25 15:30,0.0
2025-12-25 15:45,0.0
2025-12-25 16:00,0.003012
2025-12-25 16:15,0.0
2025-12-25 16:30,0.0
2025-12-25 16:45,0.000549
2025-12-25 17:00,0.0
2025-12-25 17:15,0.0
2025-12-25 17:30,0.000737
2025-12-25 17:45,0.0
2025-12-25 18:00,0.009759
2025-12-25 18:15,0.003632
2025-12-25 18:30,0.001475
2025-12-25 18:45,0.000737
2025-12-25 19:00,0.002573
2025-12-25 19:15,0.012458
2025-12-25 19:30,0.0
2025-12-25 19:45,0.000549
2025-12-25 20:00,0.001647
2025-12-25 20:15,0.0
2025-12-25 20:30,0.001287
2025-12-25 20:45,0.003577
2025-12-25 21:00,0.011281
2025-12-25 21:15,0.0
2025-12-25 21:30,0.000737
2025-12-25 21:45,0.003632
2025-12-25 22:00,0.000612
2025-12-25 22:15,0.000549
2025-12-25 22:30,0.000675
2025-12-25 22:45,0.0
2025-12-25 23:00,0.000737
2025-12-25 23:15,0.000612
2025-12-25 23:30,0.000455
2025-12-25 23:45,0.0182
2025-12-26 00:00,0.039805
2025-12-26 00:15,0.000549
2025-12-26 00:30,0.0
2025-12-26 00:45,0.002463
2025-12-26 01:00,0.0
2025-12-26 01:15,0.000549
2025-12-26 01:30,0.000737
2025-12-26 01:45,0.017211
2025-12-26 02:00,0.000549
2025-12-26 02:15,0.011799
2025-12-26 02:30,0.000737
2025-12-26 02:45,0.000455
2025-12-26 03:00,0.008786
2025-12-26 03:15,0.010496
2025-12-26 03:30,0.000549
2025-12-26 03:45,0.0
2025-12-26 04:00,0.011908
2025-12-26 04:15,0.010865
2025-12-26 04:30,0.0
2025-12-26 04:45,0.000549
2025-12-26 05:00,0.0
2025-12-26 05:15,0.002573
2025-12-26 05:30,0.0
2025-12-26 05:45,0.0
2025-12-26 06:00,0.0
2025-12-26 06:15,0.00233
2025-12-26 06:30,0.011846
2025-12-26 06:45,0.000737
2025-12-26 07:00,0.001287
2025-12-26 07:15,0.000612
2025-12-26 07:30,0.011908
2025-12-26 07:45,0.00728
2025-12-26 08:00,0.003428
2025-12-26 08:15,0.0
2025-12-26 08:30,0.001592
2025-12-26 08:45,0.0
2025-12-26 09:00,0.000549
2025-12-26 09:15,0.0
2025-12-26 09:30,0.0
2025-12-26 09:45,0.000549
2025-12-26 10:00,0.0
2025-12-26 10:15,0.00284
2025-12-26 10:30,0.008786
2025-12-26 10:45,0.0
2025-12-26 11:00,0.000549
2025-12-26 11:15,0.000737
2025-12-26 11:30,0.000549
2025-12-26 11:45,0.000455
2025-12-26 12:00,0.000949
2025-12-26 12:15,0.0
2025-12-26 12:30,0.000949
2025-12-26 12:45,0.0
2025-12-26 13:00,0.000549
2025-12-26 13:15,0.016349
2025-12-26 13:30,0.0
2025-12-26 13:45,0.003075
2025-12-26 14:00,0.0
2025-12-26 14:15,0.0
2025-12-26 14:30,0.011704
2025-12-26 14:45,0.000549
2025-12-26 15:00,0.011422
2025-12-26 15:15,0.0
2025-12-26 15:30,0.0
2025-12-26 15:45,0.0
2025-12-26 16:00,0.000502
2025-12-26 16:15,0.000549
2025-12-26 16:30,0.0
2025-12-26 16:45,0.0
2025-12-26 17:00,0.000549
2025-12-26 17:15,0.0
2025-12-26 17:30,0.003899
2025-12-26 17:45,0.001287
2025-12-26 18:00,0.0
2025-12-26 18:15,0.0
2025-12-26 18:30,0.000675
2025-12-26 18:45,0.000549
2025-12-26 19:00,0.0
2025-12-26 19:15,0.002612
2025-12-26 19:30,0.185475
2025-12-26 19:45,0.0
2025-12-26 20:00,0.012065
2025-12-26 20:15,0.01383
2025-12-26 20:30,0.0
2025-12-26 20:45,0.002024
2025-12-26 21:00,0.0182
2025-12-26 21:15,0.0
2025-12-26 21:30,0.000549
2025-12-26 21:45,0.000549
2025-12-26 22:00,0.000737
2025-12-26 22:15,0.001098
2025-12-26 22:30,0.009759
2025-12-26 22:45,0.011704
2025-12-26 23:00,0.000612
2025-12-26 23:15,0.000549
2025-12-26 23:30,0.000455
2025-12-26 23:45,0.0
2025-12-27 00:00,0.024366
2025-12-27 00:15,0.001098
2025-12-27 00:30,0.002448
2025-12-27 00:45,0.0
2025-12-27 01:00,0.001875
2025-12-27 01:15,0.0
2025-12-27 01:30,0.000549
2025-12-27 01:45,0.00284
2025-12-27 02:00,0.003256
2025-12-27 02:15,0.0
2025-12-27 02:30,0.001302
2025-12-27 02:45,0.0
2025-12-27 03:00,0.0
2025-12-27 03:15,0.001569
2025-12-27 03:30,0.015188
2025-12-27 03:45,0.0
2025-12-27 04:00,0.0
2025-12-27 04:15,0.000612
2025-12-27 04:30,0.001161
2025-12-27 04:45,0.000675
2025-12-27 05:00,0.000612
2025-12-27 05:15,0.0
2025-12-27 05:30,0.0
2025-12-27 05:45,0.012646
2025-12-27 06:00,0.002557
2025-12-27 06:15,0.001569
2025-12-27 06:30,0.0
2025-12-27 06:45,0.000792
2025-12-27 07:00,0.0
2025-12-27 07:15,0.0
2025-12-27 07:30,0.0
2025-12-27 07:45,0.001428
2025-12-27 08:00,0.0
2025-12-27 08:15,0.008472
2025-12-27 08:30,0.0
2025-12-27 08:45,0.0
2025-12-27 09:00,0.003687
2025-12-27 09:15,0.001287
2025-12-27 09:30,0.0
2025-12-27 09:45,0.000549
2025-12-27 10:00,0.0
2025-12-27 10:15,0.000737
2025-12-27 10:30,0.010002
2025-12-27 10:45,0.0
2025-12-27 11:00,0.0
2025-12-27 11:15,0.0
2025-12-27 11:30,0.0
2025-12-27 11:45,0.000502
2025-12-27 12:00,0.0
2025-12-27 12:15,0.0
2025-12-27 12:30,0.00171
2025-12-27 12:45,0.0
2025-12-27 13:00,0.000737
2025-12-27 13:15,0.000549
2025-12-27 13:30,0.014121
2025-12-27 13:45,0.0
2025-12-27 14:00,0.000949
2025-12-27 14:15,0.0
2025-12-27 14:30,0.191633
2025-12-27 14:45,0.000737
2025-12-27 15:00,0.000737
2025-12-27 15:15,0.000549
2025-12-27 15:30,0.002463
2025-12-27 15:45,0.000549
2025-12-27 16:00,0.177528
2025-12-27 16:15,0.000549
2025-12-27 16:30,0.0
2025-12-27 16:45,0.022562
2025-12-27 17:00,0.0
2025-12-27 17:15,0.0
2025-12-27 17:30,0.000792
2025-12-27 17:45,0.000737
2025-12-27 18:00,0.000549
2025-12-27 18:15,0.0
2025-12-27 18:30,0.000549
2025-12-27 18:45,0.002573
2025-12-27 19:00,0.024554
2025-12-27 19:15,0.0
2025-12-27 19:30,0.002275
2025-12-27 19:45,0.002463
2025-12-27 20:00,0.001192
2025-12-27 20:15,0.001687
2025-12-27 20:30,0.0
2025-12-27 20:45,0.000737
2025-12-27 21:00,0.010528
2025-12-27 21:15,0.003075
2025-12-27 21:30,0.175472
2025-12-27 21:45,0.002463
2025-12-27 22:00,0.0
2025-12-27 22:15,0.00073
2025-12-27 22:30,0.000502
2025-12-27 22:45,0.001506
2025-12-27 23:00,0.002228
2025-12-27 23:15,0.0
2025-12-27 23:30,0.00404
2025-12-27 23:45,0.0
2025-12-28 00:00,0.190534
2025-12-28 00:15,0.000549
2025-12-28 00:30,0.0
2025-12-28 00:45,0.0
2025-12-28 01:00,0.0
2025-12-28 01:15,0.0
2025-12-28 01:30,0.0
2025-12-28 01:45,0.011908
2025-12-28 02:00,0.000549
2025-12-28 02:15,0.0
2025-12-28 02:30,0.0
2025-12-28 02:45,0.015188
2025-12-28 03:00,0.000737
2025-12-28 03:15,0.000792
2025-12-28 03:30,0.0
2025-12-28 03:45,0.0
2025-12-28 04:00,0.058773
2025-12-28 04:15,0.000792
2025-12-28 04:30,0.001137
2025-12-28 04:45,0.0
2025-12-28 05:00,0.000549
2025-12-28 05:15,0.000455
2025-12-28 05:30,0.001287
2025-12-28 05:45,0.001287
2025-12-28 06:00,0.0
2025-12-28 06:15,0.011908
2025-12-28 06:30,0.011799
2025-12-28 06:45,0.001475
2025-12-28 07:00,0.0
2025-12-28 07:15,0.0
2025-12-28 07:30,0.000549
2025-12-28 07:45,0.010967
2025-12-28 08:00,0.002824
2025-12-28 08:15,0.00284
2025-12-28 08:30,0.001287
2025-12-28 08:45,0.0
2025-12-28 09:00,0.0
2025-12-28 09:15,0.002714
2025-12-28 09:30,0.001287
2025-12-28 09:45,0.0
2025-12-28 10:00,0.001098
2025-12-28 10:15,0.000737
2025-12-28 10:30,0.000549
2025-12-28 10:45,0.000549
2025-12-28 11:00,0.0
2025-12-28 11:15,0.0
2025-12-28 11:30,0.000549
2025-12-28 11:45,0.001475
2025-12-28 12:00,0.0
2025-12-28 12:15,0.0
2025-12-28 12:30,0.001287
2025-12-28 12:45,0.001287
2025-12-28 13:00,0.000549
2025-12-28 13:15,0.0
2025-12-28 13:30,0.001498
2025-12-28 13:45,0.0
2025-12-28 14:00,0.0
2025-12-28 14:15,0.002008
2025-12-28 14:30,0.0
2025-12-28 14:45,0.0
2025-12-28 15:00,0.009759
2025-12-28 15:15,0.0
2025-12-28 15:30,0.0
2025-12-28 15:45,0.000737
2025-12-28 16:00,0.0
2025-12-28 16:15,0.002816
2025-12-28 16:30,0.000549
2025-12-28 16:45,0.0
2025-12-28 17:00,0.003381
2025-12-28 17:15,0.0
2025-12-28 17:30,0.0
2025-12-28 17:45,0.000737
2025-12-28 18:00,0.011908
2025-12-28 18:15,0.000502
2025-12-28 18:30,0.010967
2025-12-28 18:45,0.008143
2025-12-28 19:00,0.000737
2025-12-28 19:15,0.001137
2025-12-28 19:30,0.0
2025-12-28 19:45,0.0
2025-12-28 20:00,0.000549
2025-12-28 20:15,0.00375
2025-12-28 20:30,0.010363
2025-12-28 20:45,0.011281
2025-12-28 21:00,0.000612
2025-12-28 21:15,0.0
2025-12-28 21:30,0.0
2025-12-28 21:45,0.063229
2025-12-28 22:00,0.001287
2025-12-28 22:15,0.000981
2025-12-28 22:30,0.000737
2025-12-28 22:45,0.000549
2025-12-28 23:00,0.001098
2025-12-28 23:15,0.0
2025-12-28 23:30,0.0
2025-12-28 23:45,0.0
2025-12-29 00:00,0.009884
2025-12-29 00:15,0.009296
2025-12-29 00:30,0.001287
2025-12-29 00:45,0.000737
2025-12-29 01:00,0.011516
2025-12-29 01:15,0.012693
2025-12-29 01:30,0.0
2025-12-29 01:45,0.001475
2025-12-29 02:00,0.0
2025-12-29 02:15,0.0
2025-12-29 02:30,0.001561
2025-12-29 02:45,0.004181
2025-12-29 03:00,0.0
2025-12-29 03:15,0.011908
2025-12-29 03:30,0.013007
2025-12-29 03:45,0.011908
2025-12-29 04:00,0.0
2025-12-29 04:15,0.000737
2025-12-29 04:30,0.000549
2025-12-29 04:45,0.0
2025-12-29 05:00,0.0
2025-12-29 05:15,0.000549
2025-12-29 05:30,0.001836
2025-12-29 05:45,0.0
2025-12-29 06:00,0.000737
2025-12-29 06:15,0.0
2025-12-29 06:30,0.000549
2025-12-29 06:45,0.0
2025-12-29 07:00,0.000737
2025-12-29 07:15,0.000737
2025-12-29 07:30,0.0
2025-12-29 07:45,0.0
2025-12-29 08:00,0.001498
2025-12-29 08:15,0.001891
2025-12-29 08:30,0.001836
2025-12-29 08:45,0.0
2025-12-29 09:00,0.000792
2025-12-29 09:15,0.01343
2025-12-29 09:30,0.0
2025-12-29 09:45,0.0
2025-12-29 10:00,0.001349
2025-12-29 10:15,0.013226
2025-12-29 10:30,0.011908
2025-12-29 10:45,0.000737
2025-12-29 11:00,0.001898
2025-12-29 11:15,0.0
2025-12-29 11:30,0.000502
2025-12-29 11:45,0.0
2025-12-29 12:00,0.051713
2025-12-29 12:15,0.032901
2025-12-29 12:30,0.011469
2025-12-29 12:45,0.032713
2025-12-29 13:00,0.000549
2025-12-29 13:15,0.0
2025-12-29 13:30,0.004181
2025-12-29 13:45,0.002887
2025-12-29 14:00,0.016027
2025-12-29 14:15,0.015274
2025-12-29 14:30,0.072172
2025-12-29 14:45,1.0
2025-12-29 15:00,0.481482
2025-12-29 15:15,0.534113
2025-12-29 15:30,0.042974
2025-12-29 15:45,0.047641
2025-12-29 16:00,0.021934
2025-12-29 16:15,0.206028
2025-12-29 16:30,0.038651
2025-12-29 16:45,0.144595
2025-12-29 17:00,0.024962
2025-12-29 17:15,0.023393
2025-12-29 17:30,0.002126
2025-12-29 17:45,0.020318
2025-12-29 18:00,0.365513
2025-12-29 18:15,0.021487
2025-12-29 18:30,0.019894
2025-12-29 18:45,0.033952
2025-12-29 19:00,0.182203
2025-12-29 19:15,0.129376
2025-12-29 19:30,0.078111
2025-12-29 19:45,0.044182
2025-12-29 20:00,0.231359
2025-12-29 20:15,0.012763
2025-12-29 20:30,0.002965
2025-12-29 20:45,0.014976
2025-12-29 21:00,0.011281
2025-12-29 21:15,0.009053
2025-12-29 21:30,0.057753
2025-12-29 21:45,0.013234
2025-12-29 22:00,0.004613
2025-12-29 22:15,0.010967
2025-12-29 22:30,0.001098
2025-12-29 22:45,0.175472
2025-12-29 23:00,0.000612
2025-12-29 23:15,0.000549
2025-12-29 23:30,0.008786
2025-12-29 23:45,0.000549
2025-12-30 00:00,0.016827
2025-12-30 00:15,0.0
2025-12-30 00:30,0.006676
2025-12-30 00:45,0.0
2025-12-30 01:00,0.00091
2025-12-30 01:15,0.000455
2025-12-30 01:30,0.0
2025-12-30 01:45,0.001475
2025-12-30 02:00,0.000643
2025-12-30 02:15,0.000502
2025-12-30 02:30,0.011281
2025-12-30 02:45,0.0
2025-12-30 03:00,0.011242
2025-12-30 03:15,0.0
2025-12-30 03:30,0.0
2025-12-30 03:45,0.00171
2025-12-30 04:00,0.002604
2025-12-30 04:15,0.0
2025-12-30 04:30,0.022562
2025-12-30 04:45,0.00375
2025-12-30 05:00,0.003122
2025-12-30 05:15,0.020616
2025-12-30 05:30,0.056279
2025-12-30 05:45,0.0
2025-12-30 06:00,0.000737
2025-12-30 06:15,0.002385
2025-12-30 06:30,0.0
2025-12-30 06:45,0.0
2025-12-30 07:00,0.002463
2025-12-30 07:15,0.0
2025-12-30 07:30,0.0
2025-12-30 07:45,0.0
2025-12-30 08:00,0.005907
2025-12-30 08:15,0.0
2025-12-30 08:30,0.000549
2025-12-30 08:45,0.011908
2025-12-30 09:00,0.0
2025-12-30 09:15,0.002824
2025-12-30 09:30,0.0
2025-12-30 09:45,0.000737
2025-12-30 10:00,0.000549
2025-12-30 10:15,0.002573
2025-12-30 10:30,0.0
2025-12-30 10:45,0.000549
2025-12-30 11:00,0.0
2025-12-30 11:15,0.003287
2025-12-30 11:30,0.0
2025-12-30 11:45,0.0
2025-12-30 12:00,0.022844
2025-12-30 12:15,0.044606
2025-12-30 12:30,0.045578
2025-12-30 12:45,0.060177
2025-12-30 13:00,0.200223
2025-12-30 13:15,0.000737
2025-12-30 13:30,0.02144
2025-12-30 13:45,0.084057
2025-12-30 14:00,0.052191
2025-12-30 14:15,0.070611
2025-12-30 14:30,0.050772
2025-12-30 14:45,0.067199
2025-12-30 15:00,0.073294
2025-12-30 15:15,0.065363
2025-12-30 15:30,0.155492
2025-12-30 15:45,0.007602
2025-12-30 16:00,0.249904
2025-12-30 16:15,0.187899
2025-12-30 16:30,0.033646
2025-12-30 16:45,0.036478
2025-12-30 17:00,0.188189
2025-12-30 17:15,0.107474
2025-12-30 17:30,0.0669
2025-12-30 17:45,0.027339
2025-12-30 18:00,0.056067
2025-12-30 18:15,0.267633
2025-12-30 18:30,0.091776
2025-12-30 18:45,0.021934
2025-12-30 19:00,0.030226
2025-12-30 19:15,0.047014
2025-12-30 19:30,0.081084
2025-12-30 19:45,0.053611
2025-12-30 20:00,0.040267
2025-12-30 20:15,0.033842
2025-12-30 20:30,0.023636
2025-12-30 20:45,0.058765
2025-12-30 21:00,0.03072
2025-12-30 21:15,0.003781
2025-12-30 21:30,0.067654
2025-12-30 21:45,0.000549
2025-12-30 22:00,0.0
2025-12-30 22:15,0.000737
2025-12-30 22:30,0.0
2025-12-30 22:45,0.000549
2025-12-30 23:00,0.042456
2025-12-30 23:15,0.016192
2025-12-30 23:30,0.012458
2025-12-30 23:45,0.000737
2025-12-31 00:00,0.026006
2025-12-31 00:00,0.09157
2025-12-31 00:15,0.0
2025-12-31 00:30,0.0
2025-12-31 00:45,0.00453
2025-12-31 01:00,0.0
2025-12-31 01:15,0.009944
2025-12-31 01:30,0.001934
2025-12-31 01:45,0.0
2025-12-31 02:00,0.053588
2025-12-31 02:15,0.002597
2025-12-31 02:30,0.008535
2025-12-31 02:45,0.001934
2025-12-31 03:00,0.002597
2025-12-31 03:15,0.043368
2025-12-31 03:30,0.002597
2025-12-31 03:45,0.0
2025-12-31 04:00,0.049583
2025-12-31 04:15,0.002597
2025-12-31 04:30,0.001934
2025-12-31 04:45,0.0
2025-12-31 05:00,0.013673
2025-12-31 05:15,0.002597
2025-12-31 05:30,0.0
2025-12-31 05:45,0.00453
2025-12-31 06:00,0.0
2025-12-31 06:15,0.075963
2025-12-31 06:30,0.042484
2025-12-31 06:45,0.002597
2025-12-31 07:00,0.0
2025-12-31 07:15,0.0
2025-12-31 07:30,0.0
2025-12-31 07:45,0.0
2025-12-31 08:00,0.012789
2025-12-31 08:15,0.011574
2025-12-31 08:30,0.002597
2025-12-31 08:45,0.0
2025-12-31 09:00,0.0
2025-12-31 09:15,0.0
2025-12-31 09:30,0.001934
2025-12-31 09:45,0.0
2025-12-31 10:00,0.006381
2025-12-31 10:15,0.0
2025-12-31 10:30,0.0
2025-12-31 10:45,0.0
2025-12-31 11:00,0.002597
2025-12-31 11:15,0.0
2025-12-31 11:30,0.023369
2025-12-31 11:45,0.0
2025-12-31 12:00,0.041213
2025-12-31 12:15,0.001934
2025-12-31 12:30,0.004088
2025-12-31 12:45,0.041489
2025-12-31 13:00,0.003646
2025-12-31 13:15,0.090188
2025-12-31 13:30,0.059555
2025-12-31 13:45,0.108005
2025-12-31 14:00,0.096321
2025-12-31 14:15,0.08204
2025-12-31 14:30,0.106071
2025-12-31 14:45,0.007292
2025-12-31 15:00,0.768521
2025-12-31 15:15,0.117452
2025-12-31 15:30,0.094719
2025-12-31 15:45,0.195459
2025-12-31 16:00,0.118944
2025-12-31 16:15,0.113281
2025-12-31 16:30,0.144136
2025-12-31 16:45,0.082123
2025-12-31 17:00,0.156234
2025-12-31 17:15,0.168223
2025-12-31 17:30,0.090244
2025-12-31 17:45,0.126098
2025-12-31 18:00,0.005055
2025-12-31 18:15,0.080935
2025-12-31 18:30,0.043589
2025-12-31 18:45,0.001602
2025-12-31 19:00,1.0
2025-12-31 19:15,0.080051
2025-12-31 19:30,0.042318
2025-12-31 19:45,0.04392
2025-12-31 20:00,0.038617
2025-12-31 20:15,0.0
2025-12-31 20:30,0.003536
2025-12-31 20:45,0.008674
2025-12-31 21:00,0.061074
2025-12-31 21:15,0.0
2025-12-31 21:30,0.001934
2025-12-31 21:45,0.0
2025-12-31 22:00,0.0
2025-12-31 22:15,0.001934
2025-12-31 22:30,0.0
2025-12-31 22:45,0.030938
2025-12-31 23:00,0.039169
2025-12-31 23:15,0.119165
2025-12-31 23:30,0.039722
2025-12-31 23:45,0.0
